 FILE: 7segsprint.11

 *** Replace this line with a message to appear on all output files.                                    


        T             RX1            RY1            RX2            RY2            RX             RY             GRF            COP
       (S)            (N)            (N)            (N)            (N)            (N)            (N)            (N)            (M)

  0.000000E+000  0.000000E+000  0.000000E+000 -1.047266E-018  2.167315E-012 -1.047266E-018  2.167315E-012  2.167315E-012 -1.387779E-017
  1.000000E-003  0.000000E+000  0.000000E+000 -1.209081E+003  2.064559E+003 -1.209081E+003  2.064559E+003  2.392547E+003  1.562718E-003
  2.000000E-003  0.000000E+000  0.000000E+000 -4.196442E+003  4.139285E+003 -4.196442E+003  4.139285E+003  5.894387E+003  2.201550E-003
  3.000000E-003  1.145614E+003  2.877370E+001 -5.563129E+003  5.028697E+003 -4.417516E+003  5.057471E+003  6.715092E+003  2.937509E-003
  4.000000E-003  2.687113E+003  1.190592E+002 -3.624498E+003  3.784527E+003 -9.373856E+002  3.903586E+003  4.014558E+003  5.391113E-003
  5.000000E-003  2.188167E+003  1.678940E+002 -2.808820E+003  3.134957E+003 -6.206529E+002  3.302851E+003  3.360660E+003  6.962380E-003
  6.000000E-003  1.822825E+003  1.753920E+002 -2.527292E+003  2.836160E+003 -7.044669E+002  3.011552E+003  3.092849E+003  7.495663E-003
  7.000000E-003  1.759680E+003  1.657451E+002 -2.438427E+003  2.693727E+003 -6.787469E+002  2.859472E+003  2.938925E+003  7.506628E-003
  8.000000E-003  1.797240E+003  1.536008E+002 -2.482877E+003  2.686423E+003 -6.856375E+002  2.840024E+003  2.921615E+003  7.233471E-003
  9.000000E-003  1.879260E+003  1.454942E+002 -2.582215E+003  2.750475E+003 -7.029548E+002  2.895969E+003  2.980064E+003  6.955858E-003
  1.000000E-002  1.976801E+003  1.432171E+002 -2.675870E+003  2.833756E+003 -6.990685E+002  2.976973E+003  3.057951E+003  6.807626E-003
  1.100000E-002  2.063642E+003  1.459277E+002 -2.737844E+003  2.909550E+003 -6.742022E+002  3.055477E+003  3.128976E+003  6.789650E-003
  1.200000E-002  2.124914E+003  1.517153E+002 -2.768288E+003  2.969378E+003 -6.433740E+002  3.121093E+003  3.186715E+003  6.854625E-003
  1.300000E-002  2.161211E+003  1.587119E+002 -2.777811E+003  3.013758E+003 -6.166002E+002  3.172469E+003  3.231835E+003  6.956996E-003
  1.400000E-002  2.182332E+003  1.656639E+002 -2.776824E+003  3.046401E+003 -5.944912E+002  3.212065E+003  3.266616E+003  7.067707E-003
  1.500000E-002  2.198407E+003  1.720036E+002 -2.771998E+003  3.071439E+003 -5.735913E+002  3.243443E+003  3.293771E+003  7.172795E-003
  1.600000E-002  2.215488E+003  1.776416E+002 -2.766465E+003  3.092112E+003 -5.509777E+002  3.269754E+003  3.315851E+003  7.268098E-003
  1.700000E-002  2.235648E+003  1.827143E+002 -2.761015E+003  3.110317E+003 -5.253666E+002  3.293031E+003  3.334676E+003  7.354543E-003
  1.800000E-002  2.258653E+003  1.874038E+002 -2.755267E+003  3.126787E+003 -4.966133E+002  3.314191E+003  3.351191E+003  7.434847E-003
  1.900000E-002  2.283420E+003  1.918522E+002 -2.748516E+003  3.141565E+003 -4.650961E+002  3.333418E+003  3.365708E+003  7.511619E-003
  2.000000E-002  2.308851E+003  1.961405E+002 -2.740181E+003  3.154432E+003 -4.313309E+002  3.350573E+003  3.378222E+003  7.586611E-003
  2.100000E-002  2.334159E+003  2.003004E+002 -2.729942E+003  3.165162E+003 -3.957828E+002  3.365462E+003  3.388654E+003  7.660684E-003
  2.200000E-002  2.358913E+003  2.043350E+002 -2.717703E+003  3.173618E+003 -3.587900E+002  3.377953E+003  3.396954E+003  7.734095E-003
  2.300000E-002  2.382931E+003  2.082364E+002 -2.703508E+003  3.179758E+003 -3.205764E+002  3.387994E+003  3.403127E+003  7.806805E-003
  2.400000E-002  2.406161E+003  2.119955E+002 -2.687450E+003  3.183601E+003 -2.812893E+002  3.395596E+003  3.407227E+003  7.878690E-003
  2.500000E-002  2.428600E+003  2.156065E+002 -2.669629E+003  3.185186E+003 -2.410288E+002  3.400793E+003  3.409323E+003  7.949661E-003
  2.600000E-002  2.450235E+003  2.190668E+002 -2.650123E+003  3.184552E+003 -1.998880E+002  3.403619E+003  3.409483E+003  8.019693E-003
  2.700000E-002  2.471035E+003  2.223761E+002 -2.628991E+003  3.181721E+003 -1.579556E+002  3.404097E+003  3.407760E+003  8.088823E-003
  2.800000E-002  2.490943E+003  2.255347E+002 -2.606272E+003  3.176700E+003 -1.153289E+002  3.402235E+003  3.404189E+003  8.157127E-003
  2.900000E-002  2.509884E+003  2.285428E+002 -2.581995E+003  3.169479E+003 -7.211130E+001  3.398022E+003  3.398787E+003  8.224707E-003
  3.000000E-002  2.527768E+003  2.313999E+002 -2.556177E+003  3.160032E+003 -2.840952E+001  3.391432E+003  3.391551E+003  8.291678E-003
  3.100000E-002  2.544498E+003  2.341049E+002 -2.528827E+003  3.148320E+003  1.567066E+001  3.382425E+003  3.382461E+003  8.358175E-003
  3.200000E-002  2.559962E+003  2.366557E+002 -2.499944E+003  3.134286E+003  6.001796E+001  3.370942E+003  3.371476E+003  8.424352E-003
  3.300000E-002  2.574043E+003  2.390496E+002 -2.469517E+003  3.117861E+003  1.045267E+002  3.356911E+003  3.358538E+003  8.490383E-003
  3.400000E-002  2.586607E+003  2.412829E+002 -2.437524E+003  3.098962E+003  1.490831E+002  3.340245E+003  3.343570E+003  8.556471E-003
  3.500000E-002  2.597506E+003  2.433516E+002 -2.403935E+003  3.077488E+003  1.935715E+002  3.320840E+003  3.326477E+003  8.622846E-003
  3.600000E-002  2.606582E+003  2.452506E+002 -2.368709E+003  3.053329E+003  2.378728E+002  3.298580E+003  3.307145E+003  8.689771E-003
  3.700000E-002  2.613664E+003  2.469743E+002 -2.331802E+003  3.026361E+003  2.818623E+002  3.273335E+003  3.285448E+003  8.757539E-003
  3.800000E-002  2.618568E+003  2.485163E+002 -2.293160E+003  2.996453E+003  3.254076E+002  3.244970E+003  3.261245E+003  8.826476E-003
  3.900000E-002  2.621099E+003  2.498695E+002 -2.252734E+003  2.963473E+003  3.683657E+002  3.213343E+003  3.234388E+003  8.896938E-003
  4.000000E-002  2.621053E+003  2.510264E+002 -2.210471E+003  2.927287E+003  4.105818E+002  3.178313E+003  3.204724E+003  8.969311E-003
  4.100000E-002  2.618218E+003  2.519789E+002 -2.166329E+003  2.887767E+003  4.518895E+002  3.139746E+003  3.172098E+003  9.044020E-003
  4.200000E-002  2.612381E+003  2.527187E+002 -2.120266E+003  2.844789E+003  4.921149E+002  3.097508E+003  3.136357E+003  9.121532E-003
  4.300000E-002  2.603326E+003  2.532377E+002 -2.072245E+003  2.798235E+003  5.310812E+002  3.051473E+003  3.097343E+003  9.202374E-003
  4.400000E-002  2.590844E+003  2.535276E+002 -2.022234E+003  2.747988E+003  5.686100E+002  3.001515E+003  3.054900E+003  9.287147E-003
  4.500000E-002  2.574721E+003  2.535805E+002 -1.970202E+003  2.693936E+003  6.045186E+002  2.947517E+003  3.008870E+003  9.376540E-003
  4.600000E-002  2.554745E+003  2.533887E+002 -1.916130E+003  2.635978E+003  6.386149E+002  2.889366E+003  2.959099E+003  9.471338E-003
  4.700000E-002  2.530702E+003  2.529445E+002 -1.860005E+003  2.574019E+003  6.706967E+002  2.826964E+003  2.905436E+003  9.572448E-003
  4.800000E-002  2.502375E+003  2.522411E+002 -1.801821E+003  2.507977E+003  7.005542E+002  2.760218E+003  2.847732E+003  9.680927E-003
  4.900000E-002  2.469552E+003  2.512718E+002 -1.741580E+003  2.437774E+003  7.279716E+002  2.689046E+003  2.785841E+003  9.798023E-003
  5.000000E-002  2.432017E+003  2.500309E+002 -1.679291E+003  2.363341E+003  7.527264E+002  2.613372E+003  2.719616E+003  9.925225E-003
  5.100000E-002  2.389553E+003  2.485132E+002 -1.614966E+003  2.284616E+003  7.745871E+002  2.533129E+003  2.648911E+003  1.006432E-002
  5.200000E-002  2.341940E+003  2.467142E+002 -1.548626E+003  2.201545E+003  7.933134E+002  2.448260E+003  2.573581E+003  1.021746E-002
  5.300000E-002  2.289811E+003  2.446306E+002 -1.480438E+003  2.114283E+003  8.093733E+002  2.358914E+003  2.493905E+003  1.038571E-002
  5.400000E-002  2.233811E+003  2.422630E+002 -1.410848E+003  2.023397E+003  8.229633E+002  2.265660E+003  2.410494E+003  1.056940E-002
  5.500000E-002  2.173908E+003  2.396212E+002 -1.340137E+003  1.929227E+003  8.337714E+002  2.168849E+003  2.323592E+003  1.077068E-002
  5.600000E-002  2.110071E+003  2.367212E+002 -1.268475E+003  1.831967E+003  8.415966E+002  2.068688E+003  2.233328E+003  1.099279E-002
  5.700000E-002  2.042247E+003  2.335810E+002 -1.195978E+003  1.731736E+003  8.462686E+002  1.965317E+003  2.139776E+003  1.123991E-002
  5.800000E-002  1.970375E+003  2.302185E+002 -1.122735E+003  1.628628E+003  8.476396E+002  1.858846E+003  2.042989E+003  1.151729E-002
  5.900000E-002  1.894394E+003  2.266520E+002 -1.048817E+003  1.522729E+003  8.455773E+002  1.749381E+003  1.943022E+003  1.183143E-002
  6.000000E-002  1.814241E+003  2.229006E+002 -9.742809E+002  1.414140E+003  8.399597E+002  1.637041E+003  1.839955E+003  1.219043E-002
  6.100000E-002  1.729847E+003  2.189847E+002 -8.991733E+002  1.302986E+003  8.306732E+002  1.521971E+003  1.733901E+003  1.260450E-002
  6.200000E-002  1.641138E+003  2.149273E+002 -8.235267E+002  1.189430E+003  8.176111E+002  1.404357E+003  1.625025E+003  1.308667E-002
  6.300000E-002  1.548032E+003  2.107545E+002 -7.473572E+002  1.073687E+003  8.006746E+002  1.284442E+003  1.513562E+003  1.365377E-002
  6.400000E-002  1.450438E+003  2.064962E+002 -6.706640E+002  9.560513E+002  7.797743E+002  1.162548E+003  1.399845E+003  1.432768E-002
  6.500000E-002  1.348267E+003  2.021870E+002 -5.934311E+002  8.369266E+002  7.548360E+002  1.039114E+003  1.284342E+003  1.513712E-002
  6.600000E-002  1.241444E+003  1.978667E+002 -5.156355E+002  7.168773E+002  7.258083E+002  9.147440E+002  1.167713E+003  1.611984E-002
  6.700000E-002  1.129943E+003  1.935808E+002 -4.372671E+002  5.966980E+002  6.926762E+002  7.902788E+002  1.050876E+003  1.732537E-002
  6.800000E-002  1.013853E+003  1.893809E+002 -3.583726E+002  4.775132E+002  6.554800E+002  6.668940E+002  9.350945E+002  1.881763E-002
  6.900000E-002  8.934845E+002  1.853240E+002 -2.791457E+002  3.609214E+002  6.143388E+002  5.462454E+002  8.220682E+002  2.067620E-002
  7.000000E-002  7.695869E+002  1.814699E+002 -2.001097E+002  2.492051E+002  5.694772E+002  4.306750E+002  7.139925E+002  2.299268E-002
  7.100000E-002  6.437209E+002  1.778733E+002 -1.224801E+002  1.456381E+002  5.212408E+002  3.235114E+002  6.134751E+002  2.585736E-002
  7.200000E-002  5.189418E+002  1.745667E+002 -4.887876E+001  5.493993E+001  4.700631E+002  2.295066E+002  5.230990E+002  2.933843E-002
  7.300000E-002  4.117314E+002  1.715182E+002  0.000000E+000  0.000000E+000  4.117314E+002  1.715182E+002  4.460283E+002  3.347320E-002
  7.400000E-002  3.440006E+002  1.682629E+002  0.000000E+000  0.000000E+000  3.440006E+002  1.682629E+002  3.829475E+002  3.824628E-002
  7.500000E-002  2.847335E+002  1.639375E+002  0.000000E+000  0.000000E+000  2.847335E+002  1.639375E+002  3.285555E+002  4.343117E-002
  7.600000E-002  2.354936E+002  1.579163E+002  0.000000E+000  0.000000E+000  2.354936E+002  1.579163E+002  2.835398E+002  4.847727E-002
  7.700000E-002  1.970390E+002  1.497284E+002  0.000000E+000  0.000000E+000  1.970390E+002  1.497284E+002  2.474732E+002  5.266172E-002
  7.800000E-002  1.694188E+002  1.390161E+002  0.000000E+000  0.000000E+000  1.694188E+002  1.390161E+002  2.191534E+002  5.521164E-002
  7.900000E-002  1.520849E+002  1.255203E+002  0.000000E+000  0.000000E+000  1.520849E+002  1.255203E+002  1.971932E+002  5.540265E-002
  8.000000E-002  1.440014E+002  1.090693E+002  0.000000E+000  0.000000E+000  1.440014E+002  1.090693E+002  1.806447E+002  5.255093E-002
  8.100000E-002  1.437961E+002  8.957193E+001  0.000000E+000  0.000000E+000  1.437961E+002  8.957193E+001  1.694121E+002  4.601766E-002
  8.200000E-002  1.498794E+002  6.701006E+001  0.000000E+000  0.000000E+000  1.498794E+002  6.701006E+001  1.641773E+002  3.552350E-002
  8.300000E-002  1.603826E+002  4.143267E+001  0.000000E+000  0.000000E+000  1.603826E+002  4.143267E+001  1.656479E+002  2.176874E-002
  8.400000E-002  1.682861E+002  1.296884E+001  0.000000E+000  0.000000E+000  1.682861E+002  1.296884E+001  1.687851E+002  6.686737E-003
  8.450000E-002  0.000000E+000  0.000000E+000  0.000000E+000  0.000000E+000  0.000000E+000  0.000000E+000  0.000000E+000  0.000000E+000
