 FILE: 7segsprint.11

 *** Replace this line with a message to appear on all output files.                                    


        T             RX1            RY1            RX2            RY2            RX             RY             GRF            COP
       (S)            (N)            (N)            (N)            (N)            (N)            (N)            (N)            (M)

  0.000000E+000  0.000000E+000  0.000000E+000  0.000000E+000  0.000000E+000  0.000000E+000  0.000000E+000  0.000000E+000  0.000000E+000
  1.000000E-003  0.000000E+000  0.000000E+000 -7.291576E+003  3.067134E+003 -7.291576E+003  3.067134E+003  7.910397E+003  8.049525E-004
  2.000000E-003  0.000000E+000  0.000000E+000 -5.815541E+003  4.833792E+003 -5.815541E+003  4.833792E+003  7.562147E+003  1.548268E-003
  3.000000E-003  2.313606E+003  2.254846E+002 -3.315955E+003  5.104619E+003 -1.002349E+003  5.330103E+003  5.423533E+003  5.351471E-003
  4.000000E-003  2.552220E+003  4.194509E+002 -3.091787E+003  3.779822E+003 -5.395674E+002  4.199273E+003  4.233796E+003  9.976828E-003
  5.000000E-003  2.279621E+003  2.929510E+002 -2.855429E+003  3.048068E+003 -5.758075E+002  3.341019E+003  3.390275E+003  8.858399E-003
  6.000000E-003  1.802112E+003  2.592054E+002 -2.525775E+003  2.627080E+003 -7.236635E+002  2.886286E+003  2.975623E+003  8.920321E-003
  7.000000E-003  1.875890E+003  2.343914E+002 -2.535757E+003  2.554313E+003 -6.598668E+002  2.788704E+003  2.865710E+003  8.509118E-003
  8.000000E-003  1.775586E+003  2.305610E+002 -2.497262E+003  2.497099E+003 -7.216761E+002  2.727660E+003  2.821515E+003  8.523524E-003
  9.000000E-003  1.856343E+003  2.284510E+002 -2.570908E+003  2.553319E+003 -7.145652E+002  2.781770E+003  2.872080E+003  8.364528E-003
  1.000000E-002  1.960333E+003  2.376886E+002 -2.664253E+003  2.664194E+003 -7.039199E+002  2.901882E+003  2.986038E+003  8.386419E-003
  1.100000E-002  2.057314E+003  2.517698E+002 -2.720665E+003  2.758146E+003 -6.633507E+002  3.009916E+003  3.082147E+003  8.569441E-003
  1.200000E-002  2.066366E+003  2.630801E+002 -2.714522E+003  2.784444E+003 -6.481566E+002  3.047525E+003  3.115688E+003  8.794607E-003
  1.300000E-002  2.073963E+003  2.707228E+002 -2.708492E+003  2.798066E+003 -6.345297E+002  3.068788E+003  3.133702E+003  8.949686E-003
  1.400000E-002  2.122733E+003  2.794946E+002 -2.759098E+003  2.865878E+003 -6.363645E+002  3.145373E+003  3.209101E+003  8.999835E-003
  1.500000E-002  2.155230E+003  2.919121E+002 -2.794649E+003  2.930936E+003 -6.394185E+002  3.222849E+003  3.285667E+003  9.137709E-003
  1.600000E-002  2.157149E+003  3.033959E+002 -2.730022E+003  2.903243E+003 -5.728730E+002  3.206638E+003  3.257409E+003  9.492105E-003
  1.700000E-002  2.184242E+003  3.088168E+002 -2.675250E+003  2.867862E+003 -4.910077E+002  3.176678E+003  3.214401E+003  9.731137E-003
  1.800000E-002  2.226263E+003  3.144751E+002 -2.702801E+003  2.910256E+003 -4.765378E+002  3.224731E+003  3.259751E+003  9.754343E-003
  1.900000E-002  2.245677E+003  3.251352E+002 -2.719174E+003  2.956803E+003 -4.734963E+002  3.281939E+003  3.315919E+003  9.877210E-003
  2.000000E-002  2.271900E+003  3.354713E+002 -2.722771E+003  2.990270E+003 -4.508711E+002  3.325741E+003  3.356164E+003  1.002716E-002
  2.100000E-002  2.273001E+003  3.441943E+002 -2.698637E+003  2.993084E+003 -4.256358E+002  3.337279E+003  3.364312E+003  1.021398E-002
  2.200000E-002  2.276562E+003  3.509149E+002 -2.672012E+003  2.988691E+003 -3.954498E+002  3.339606E+003  3.362937E+003  1.037492E-002
  2.300000E-002  2.292817E+003  3.579101E+002 -2.651886E+003  2.992278E+003 -3.590691E+002  3.350188E+003  3.369375E+003  1.052280E-002
  2.400000E-002  2.318027E+003  3.659152E+002 -2.623602E+003  2.991686E+003 -3.055749E+002  3.357601E+003  3.371478E+003  1.070731E-002
  2.500000E-002  2.340597E+003  3.732410E+002 -2.593487E+003  2.988256E+003 -2.528901E+002  3.361497E+003  3.370997E+003  1.088071E-002
  2.600000E-002  2.347924E+003  3.797913E+002 -2.564396E+003  2.984226E+003 -2.164724E+002  3.364017E+003  3.370975E+003  1.103253E-002
  2.700000E-002  2.350822E+003  3.862704E+002 -2.531160E+003  2.976311E+003 -1.803379E+002  3.362582E+003  3.367414E+003  1.119260E-002
  2.800000E-002  2.357486E+003  3.926022E+002 -2.494269E+003  2.964878E+003 -1.367838E+002  3.357480E+003  3.360266E+003  1.135967E-002
  2.900000E-002  2.368525E+003  3.989571E+002 -2.450770E+003  2.947327E+003 -8.224486E+001  3.346284E+003  3.347294E+003  1.154510E-002
  3.000000E-002  2.378437E+003  4.047587E+002 -2.407284E+003  2.928914E+003 -2.884744E+001  3.333673E+003  3.333798E+003  1.171897E-002
  3.100000E-002  2.380151E+003  4.102312E+002 -2.365646E+003  2.911829E+003  1.450433E+001  3.322060E+003  3.322092E+003  1.187997E-002
  3.200000E-002  2.379115E+003  4.157820E+002 -2.321122E+003  2.891913E+003  5.799274E+001  3.307695E+003  3.308203E+003  1.205090E-002
  3.300000E-002  2.380727E+003  4.212487E+002 -2.271656E+003  2.866554E+003  1.090707E+002  3.287803E+003  3.289612E+003  1.223613E-002
  3.400000E-002  2.382513E+003  4.263518E+002 -2.219371E+003  2.837291E+003  1.631421E+002  3.263643E+003  3.267718E+003  1.242474E-002
  3.500000E-002  2.379510E+003  4.310321E+002 -2.167516E+003  2.807371E+003  2.119938E+002  3.238403E+003  3.245334E+003  1.260648E-002
  3.600000E-002  2.372429E+003  4.356209E+002 -2.114271E+003  2.775257E+003  2.581581E+002  3.210878E+003  3.221240E+003  1.279440E-002
  3.700000E-002  2.365077E+003  4.400883E+002 -2.057816E+003  2.738676E+003  3.072606E+002  3.178765E+003  3.193580E+003  1.299472E-002
  3.800000E-002  2.357328E+003  4.442615E+002 -1.998471E+003  2.697470E+003  3.588565E+002  3.141732E+003  3.162160E+003  1.320455E-002
  3.900000E-002  2.346347E+003  4.480361E+002 -1.938324E+003  2.653678E+003  4.080230E+002  3.101714E+003  3.128436E+003  1.341684E-002
  4.000000E-002  2.331236E+003  4.515761E+002 -1.877411E+003  2.607410E+003  4.538248E+002  3.058986E+003  3.092467E+003  1.363661E-002
  4.100000E-002  2.313965E+003  4.549423E+002 -1.814437E+003  2.556960E+003  4.995277E+002  3.011903E+003  3.053045E+003  1.387116E-002
  4.200000E-002  2.295341E+003  4.580177E+002 -1.749093E+003  2.501495E+003  5.462481E+002  2.959513E+003  3.009502E+003  1.412141E-002
  4.300000E-002  2.273939E+003  4.607018E+002 -1.682507E+003  2.442008E+003  5.914319E+002  2.902710E+003  2.962350E+003  1.438425E-002
  4.400000E-002  2.248622E+003  4.630625E+002 -1.615361E+003  2.379199E+003  6.332611E+002  2.842261E+003  2.911953E+003  1.466189E-002
  4.500000E-002  2.220108E+003  4.651801E+002 -1.547135E+003  2.312194E+003  6.729729E+002  2.777374E+003  2.857744E+003  1.496119E-002
  4.600000E-002  2.189162E+003  4.669943E+002 -1.477489E+003  2.240136E+003  7.116722E+002  2.707130E+003  2.799112E+003  1.528587E-002
  4.700000E-002  2.155300E+003  4.684326E+002 -1.406865E+003  2.163206E+003  7.484343E+002  2.631638E+003  2.735996E+003  1.563744E-002
  4.800000E-002  2.117756E+003  4.695055E+002 -1.335902E+003  2.081984E+003  7.818534E+002  2.551490E+003  2.668594E+003  1.601913E-002
  4.900000E-002  2.076501E+003  4.702700E+002 -1.264697E+003  1.996337E+003  8.118047E+002  2.466607E+003  2.596763E+003  1.643807E-002
  5.000000E-002  2.031853E+003  4.707184E+002 -1.193146E+003  1.905781E+003  8.387068E+002  2.376499E+003  2.520154E+003  1.690165E-002
  5.100000E-002  1.983705E+003  4.708140E+002 -1.121369E+003  1.810152E+003  8.623366E+002  2.280966E+003  2.438530E+003  1.741727E-002
  5.200000E-002  1.931654E+003  4.705468E+002 -1.049679E+003  1.709657E+003  8.819756E+002  2.180204E+003  2.351844E+003  1.799387E-002
  5.300000E-002  1.875808E+003  4.699370E+002 -9.784409E+002  1.604685E+003  8.973674E+002  2.074622E+003  2.260382E+003  1.864106E-002
  5.400000E-002  1.816821E+003  4.690161E+002 -9.080058E+002  1.495723E+003  9.088152E+002  1.964739E+003  2.164751E+003  1.936819E-002
  5.500000E-002  1.754925E+003  4.678213E+002 -8.385840E+002  1.383167E+003  9.163414E+002  1.850988E+003  2.065391E+003  2.018824E-002
  5.600000E-002  1.689889E+003  4.663795E+002 -7.702513E+002  1.267355E+003  9.196377E+002  1.733735E+003  1.962542E+003  2.111872E-002
  5.700000E-002  1.621362E+003  4.647152E+002 -7.029763E+002  1.148667E+003  9.183854E+002  1.613382E+003  1.856457E+003  2.218140E-002
  5.800000E-002  1.548913E+003  4.628583E+002 -6.365889E+002  1.027515E+003  9.123245E+002  1.490373E+003  1.747440E+003  2.340365E-002
  5.900000E-002  1.471980E+003  4.608396E+002 -5.707722E+002  9.043918E+002  9.012075E+002  1.365231E+003  1.635858E+003  2.481981E-002
  6.000000E-002  1.389882E+003  4.586956E+002 -5.050668E+002  7.799439E+002  8.848148E+002  1.238640E+003  1.522211E+003  2.647281E-002
  6.100000E-002  1.301794E+003  4.564718E+002 -4.388852E+002  6.550549E+002  8.629088E+002  1.111527E+003  1.407161E+003  2.841630E-002
  6.200000E-002  1.206847E+003  4.542250E+002 -3.715531E+002  5.309589E+002  8.352943E+002  9.851840E+002  1.291628E+003  3.071580E-002
  6.300000E-002  1.104210E+003  4.520219E+002 -3.024243E+002  4.094120E+002  8.017854E+002  8.614339E+002  1.176830E+003  3.344892E-002
  6.400000E-002  9.933913E+002  4.499272E+002 -2.311503E+002  2.929638E+002  7.622411E+002  7.428910E+002  1.064377E+003  3.670021E-002
  6.500000E-002  8.748564E+002  4.479706E+002 -1.582848E+002  1.853961E+002  7.165715E+002  6.333667E+002  9.563619E+002  4.054433E-002
  6.600000E-002  7.513103E+002  4.460576E+002 -8.659829E+001  9.243519E+001  6.647120E+002  5.384928E+002  8.554628E+002  4.500130E-002
  6.700000E-002  6.303682E+002  4.437708E+002 -2.376219E+001  2.277762E+001  6.066060E+002  4.665484E+002  7.652701E+002  4.992248E-002
  6.800000E-002  5.301417E+002  4.396943E+002  1.102434E+001 -9.357962E+000  5.411661E+002  4.303363E+002  6.914117E+002  5.467371E-002
  6.900000E-002  4.712519E+002  4.308600E+002  0.000000E+000  0.000000E+000  4.712519E+002  4.308600E+002  6.385285E+002  5.803597E-002
  7.000000E-002  4.145740E+002  4.174095E+002  0.000000E+000  0.000000E+000  4.145740E+002  4.174095E+002  5.883046E+002  6.102337E-002
  7.100000E-002  3.690230E+002  3.991618E+002  0.000000E+000  0.000000E+000  3.690230E+002  3.991618E+002  5.436066E+002  6.315323E-002
  7.200000E-002  3.350284E+002  3.762464E+002  0.000000E+000  0.000000E+000  3.350284E+002  3.762464E+002  5.037910E+002  6.423157E-002
  7.300000E-002  3.124761E+002  3.489044E+002  0.000000E+000  0.000000E+000  3.124761E+002  3.489044E+002  4.683755E+002  6.406700E-002
  7.400000E-002  3.004904E+002  3.173867E+002  0.000000E+000  0.000000E+000  3.004904E+002  3.173867E+002  4.370684E+002  6.245348E-002
  7.500000E-002  2.975286E+002  2.820791E+002  0.000000E+000  0.000000E+000  2.975286E+002  2.820791E+002  4.099901E+002  5.917110E-002
  7.600000E-002  3.018655E+002  2.436226E+002  0.000000E+000  0.000000E+000  3.018655E+002  2.436226E+002  3.879107E+002  5.401223E-002
  7.700000E-002  3.116884E+002  2.027912E+002  0.000000E+000  0.000000E+000  3.116884E+002  2.027912E+002  3.718520E+002  4.690058E-002
  7.800000E-002  3.248252E+002  1.604048E+002  0.000000E+000  0.000000E+000  3.248252E+002  1.604048E+002  3.622722E+002  3.807789E-002
  7.900000E-002  3.390035E+002  1.174337E+002  0.000000E+000  0.000000E+000  3.390035E+002  1.174337E+002  3.587674E+002  2.814868E-002
  8.000000E-002  3.522965E+002  7.504648E+001  0.000000E+000  0.000000E+000  3.522965E+002  7.504648E+001  3.602011E+002  1.791617E-002
  8.100000E-002  3.604966E+002  3.451787E+001  0.000000E+000  0.000000E+000  3.604966E+002  3.451787E+001  3.621453E+002  8.195710E-003
  8.200000E-002  0.000000E+000  0.000000E+000  0.000000E+000  0.000000E+000  0.000000E+000  0.000000E+000  0.000000E+000  0.000000E+000
