 FILE: 7segsprint.11

 *** Replace this line with a message to appear on all output files.                                    


        T             RX1            RY1            RX2            RY2            RX             RY             GRF            COP
       (S)            (N)            (N)            (N)            (N)            (N)            (N)            (N)            (M)

  0.000000E+000  0.000000E+000  0.000000E+000  0.000000E+000  0.000000E+000  0.000000E+000  0.000000E+000  0.000000E+000  0.000000E+000
  1.000000E-003  0.000000E+000  0.000000E+000 -6.460203E+003  2.566119E+003 -6.460203E+003  2.566119E+003  6.951201E+003  7.599169E-004
  2.000000E-003  0.000000E+000  0.000000E+000 -5.547152E+003  5.504226E+003 -5.547152E+003  5.504226E+003  7.814563E+003  1.691158E-003
  3.000000E-003  1.352853E+003  1.897549E+002 -2.816387E+003  4.899618E+003 -1.463534E+003  5.089373E+003  5.295625E+003  4.793621E-003
  4.000000E-003  2.149196E+003  4.358243E+002 -2.760610E+003  3.693006E+003 -6.114139E+002  4.128831E+003  4.173855E+003  1.036052E-002
  5.000000E-003  1.833641E+003  3.368083E+002 -2.558902E+003  2.997039E+003 -7.252603E+002  3.333847E+003  3.411823E+003  9.805264E-003
  6.000000E-003  1.753323E+003  2.667085E+002 -2.405517E+003  2.654436E+003 -6.521947E+002  2.921144E+003  2.993066E+003  9.005854E-003
  7.000000E-003  1.779640E+003  2.388721E+002 -2.397695E+003  2.551818E+003 -6.180553E+002  2.790690E+003  2.858312E+003  8.574114E-003
  8.000000E-003  1.834232E+003  2.312163E+002 -2.458300E+003  2.566889E+003 -6.240674E+002  2.798106E+003  2.866855E+003  8.363621E-003
  9.000000E-003  1.894098E+003  2.332230E+002 -2.527315E+003  2.625654E+003 -6.332166E+002  2.858877E+003  2.928164E+003  8.306872E-003
  1.000000E-002  1.949465E+003  2.405038E+002 -2.580971E+003  2.693108E+003 -6.315063E+002  2.933611E+003  3.000813E+003  8.365874E-003
  1.100000E-002  1.996045E+003  2.506415E+002 -2.616010E+003  2.754665E+003 -6.199646E+002  3.005306E+003  3.068586E+003  8.501724E-003
  1.200000E-002  2.033136E+003  2.619084E+002 -2.636367E+003  2.805658E+003 -6.032306E+002  3.067567E+003  3.126316E+003  8.676966E-003
  1.300000E-002  2.062271E+003  2.731641E+002 -2.646602E+003  2.846053E+003 -5.843312E+002  3.119217E+003  3.173478E+003  8.864613E-003
  1.400000E-002  2.085838E+003  2.838586E+002 -2.649954E+003  2.877626E+003 -5.641164E+002  3.161484E+003  3.211419E+003  9.050698E-003
  1.500000E-002  2.106019E+003  2.938688E+002 -2.648352E+003  2.902452E+003 -5.423323E+002  3.196321E+003  3.242004E+003  9.230796E-003
  1.600000E-002  2.124307E+003  3.032793E+002 -2.642844E+003  2.922231E+003 -5.185366E+002  3.225510E+003  3.266924E+003  9.405231E-003
  1.700000E-002  2.141496E+003  3.122254E+002 -2.633968E+003  2.938110E+003 -4.924713E+002  3.250336E+003  3.287432E+003  9.575757E-003
  1.800000E-002  2.157887E+003  3.208197E+002 -2.621988E+003  2.950775E+003 -4.641011E+002  3.271595E+003  3.304349E+003  9.744025E-003
  1.900000E-002  2.173503E+003  3.291361E+002 -2.607043E+003  2.960595E+003 -4.335399E+002  3.289731E+003  3.318175E+003  9.911170E-003
  2.000000E-002  2.188248E+003  3.372159E+002 -2.589219E+003  2.967763E+003 -4.009715E+002  3.304979E+003  3.329214E+003  1.007786E-002
  2.100000E-002  2.202003E+003  3.450799E+002 -2.568597E+003  2.972383E+003 -3.665945E+002  3.317462E+003  3.337656E+003  1.024449E-002
  2.200000E-002  2.214660E+003  3.527384E+002 -2.545254E+003  2.974511E+003 -3.305937E+002  3.327249E+003  3.343633E+003  1.041130E-002
  2.300000E-002  2.226139E+003  3.601962E+002 -2.519271E+003  2.974187E+003 -2.931323E+002  3.334383E+003  3.347243E+003  1.057849E-002
  2.400000E-002  2.236380E+003  3.674562E+002 -2.490738E+003  2.971438E+003 -2.543576E+002  3.338894E+003  3.348568E+003  1.074624E-002
  2.500000E-002  2.245338E+003  3.745200E+002 -2.459745E+003  2.966285E+003 -2.144064E+002  3.340805E+003  3.347678E+003  1.091476E-002
  2.600000E-002  2.252980E+003  3.813888E+002 -2.426384E+003  2.958739E+003 -1.734043E+002  3.340128E+003  3.344626E+003  1.108426E-002
  2.700000E-002  2.259272E+003  3.880629E+002 -2.390746E+003  2.948801E+003 -1.314732E+002  3.336864E+003  3.339453E+003  1.125499E-002
  2.800000E-002  2.264187E+003  3.945419E+002 -2.352917E+003  2.936461E+003 -8.873028E+001  3.331003E+003  3.332185E+003  1.142722E-002
  2.900000E-002  2.267686E+003  4.008246E+002 -2.312981E+003  2.921694E+003 -4.529490E+001  3.322518E+003  3.322827E+003  1.160126E-002
  3.000000E-002  2.269725E+003  4.069085E+002 -2.271016E+003  2.904459E+003 -1.291324E+000  3.311368E+003  3.311368E+003  1.177749E-002
  3.100000E-002  2.270254E+003  4.127901E+002 -2.227092E+003  2.884702E+003  4.316168E+001  3.297492E+003  3.297775E+003  1.195632E-002
  3.200000E-002  2.269212E+003  4.184648E+002 -2.181277E+003  2.862351E+003  8.793463E+001  3.280815E+003  3.281994E+003  1.213824E-002
  3.300000E-002  2.266524E+003  4.239265E+002 -2.133630E+003  2.837317E+003  1.328944E+002  3.261244E+003  3.263950E+003  1.232381E-002
  3.400000E-002  2.262110E+003  4.291680E+002 -2.084209E+003  2.809499E+003  1.779015E+002  3.238667E+003  3.243549E+003  1.251368E-002
  3.500000E-002  2.255877E+003  4.341812E+002 -2.033068E+003  2.778781E+003  2.228094E+002  3.212962E+003  3.220679E+003  1.270860E-002
  3.600000E-002  2.247728E+003  4.389567E+002 -1.980263E+003  2.745038E+003  2.674647E+002  3.183994E+003  3.195208E+003  1.290944E-002
  3.700000E-002  2.237558E+003  4.434845E+002 -1.925851E+003  2.708135E+003  3.117066E+002  3.151619E+003  3.166996E+003  1.311718E-002
  3.800000E-002  2.225262E+003  4.477542E+002 -1.869897E+003  2.667934E+003  3.553649E+002  3.115688E+003  3.135888E+003  1.333295E-002
  3.900000E-002  2.210732E+003  4.517550E+002 -1.812471E+003  2.624297E+003  3.982608E+002  3.076052E+003  3.101726E+003  1.355801E-002
  4.000000E-002  2.193862E+003  4.554760E+002 -1.753657E+003  2.577087E+003  4.402054E+002  3.032563E+003  3.064346E+003  1.379385E-002
  4.100000E-002  2.174549E+003  4.589069E+002 -1.693549E+003  2.526173E+003  4.810000E+002  2.985080E+003  3.023585E+003  1.404210E-002
  4.200000E-002  2.152691E+003  4.620378E+002 -1.632255E+003  2.471432E+003  5.204368E+002  2.933469E+003  2.979278E+003  1.430471E-002
  4.300000E-002  2.128196E+003  4.648600E+002 -1.569894E+003  2.412746E+003  5.583011E+002  2.877606E+003  2.931265E+003  1.458387E-002
  4.400000E-002  2.100972E+003  4.673657E+002 -1.506600E+003  2.350008E+003  5.943719E+002  2.817373E+003  2.879387E+003  1.488216E-002
  4.500000E-002  2.070935E+003  4.695482E+002 -1.442514E+003  2.283117E+003  6.284208E+002  2.752666E+003  2.823487E+003  1.520258E-002
  4.600000E-002  2.038000E+003  4.714016E+002 -1.377790E+003  2.211987E+003  6.602101E+002  2.683388E+003  2.763413E+003  1.554863E-002
  4.700000E-002  2.002081E+003  4.729215E+002 -1.312588E+003  2.136538E+003  6.894928E+002  2.609460E+003  2.699015E+003  1.592448E-002
  4.800000E-002  1.963088E+003  4.741043E+002 -1.247076E+003  2.056707E+003  7.160115E+002  2.530811E+003  2.630148E+003  1.633504E-002
  4.900000E-002  1.920924E+003  4.749479E+002 -1.181419E+003  1.972438E+003  7.395050E+002  2.447386E+003  2.556671E+003  1.678625E-002
  5.000000E-002  1.875473E+003  4.754508E+002 -1.115779E+003  1.883692E+003  7.596942E+002  2.359143E+003  2.478445E+003  1.728527E-002
  5.100000E-002  1.826790E+003  4.756129E+002 -1.050323E+003  1.790475E+003  7.764667E+002  2.266088E+003  2.395424E+003  1.784020E-002
  5.200000E-002  1.775874E+003  4.754471E+002 -9.854546E+002  1.693246E+003  7.904199E+002  2.168693E+003  2.308245E+003  1.845625E-002
  5.300000E-002  1.722824E+003  4.749941E+002 -9.215565E+002  1.592531E+003  8.012678E+002  2.067526E+003  2.217362E+003  1.914206E-002
  5.400000E-002  1.667562E+003  4.742876E+002 -8.588166E+002  1.488624E+003  8.087458E+002  1.962912E+003  2.122991E+003  1.990969E-002
  5.500000E-002  1.609960E+003  4.733504E+002 -7.973086E+002  1.381742E+003  8.126514E+002  1.855093E+003  2.025283E+003  2.077408E-002
  5.600000E-002  1.549819E+003  4.722012E+002 -7.370116E+002  1.272097E+003  8.128074E+002  1.744298E+003  1.924379E+003  2.175375E-002
  5.700000E-002  1.486859E+003  4.708572E+002 -6.778093E+002  1.159926E+003  8.090498E+002  1.630783E+003  1.820444E+003  2.287171E-002
  5.800000E-002  1.420704E+003  4.693372E+002 -6.194804E+002  1.045523E+003  8.012232E+002  1.514860E+003  1.713698E+003  2.415683E-002
  5.900000E-002  1.350868E+003  4.676629E+002 -5.616879E+002  9.292656E+002  7.891796E+002  1.396929E+003  1.604436E+003  2.564545E-002
  6.000000E-002  1.276751E+003  4.658612E+002 -5.039706E+002  8.116569E+002  7.727807E+002  1.277518E+003  1.493065E+003  2.738354E-002
  6.100000E-002  1.197646E+003  4.639652E+002 -4.457444E+002  6.933782E+002  7.519017E+002  1.157343E+003  1.380145E+003  2.942918E-002
  6.200000E-002  1.112764E+003  4.620164E+002 -3.863264E+002  5.753714E+002  7.264376E+002  1.037388E+003  1.266446E+003  3.185505E-002
  6.300000E-002  1.021324E+003  4.600625E+002 -3.250059E+002  4.589636E+002  6.963184E+002  9.190261E+002  1.153026E+003  3.474974E-002
  6.400000E-002  9.227065E+002  4.581521E+002 -2.612134E+002  3.460588E+002  6.614931E+002  8.042109E+002  1.041311E+003  3.821556E-002
  6.500000E-002  8.168933E+002  4.563159E+002 -1.948920E+002  2.394377E+002  6.220013E+002  6.957536E+002  9.332516E+002  4.235363E-002
  6.600000E-002  7.051892E+002  4.545177E+002 -1.272858E+002  1.432322E+002  5.779034E+002  5.977500E+002  8.314309E+002  4.722418E-002
  6.700000E-002  5.918629E+002  4.525390E+002 -6.259787E+001  6.368570E+001  5.292650E+002  5.162247E+002  7.393304E+002  5.274131E-002
  6.800000E-002  4.873459E+002  4.497079E+002 -1.143059E+001  1.037798E+001  4.759153E+002  4.600859E+002  6.619474E+002  5.842313E-002
  6.900000E-002  4.144719E+002  4.442928E+002  2.256839E+000 -1.807065E+000  4.167288E+002  4.424858E+002  6.078294E+002  6.282554E-002
  7.000000E-002  3.626837E+002  4.341879E+002  0.000000E+000  0.000000E+000  3.626837E+002  4.341879E+002  5.657372E+002  6.596953E-002
  7.100000E-002  3.190421E+002  4.197565E+002  0.000000E+000  0.000000E+000  3.190421E+002  4.197565E+002  5.272413E+002  6.843276E-002
  7.200000E-002  2.856329E+002  4.010080E+002  0.000000E+000  0.000000E+000  2.856329E+002  4.010080E+002  4.923348E+002  7.001070E-002
  7.300000E-002  2.622760E+002  3.780608E+002  0.000000E+000  0.000000E+000  2.622760E+002  3.780608E+002  4.601290E+002  7.062363E-002
  7.400000E-002  2.483323E+002  3.511242E+002  0.000000E+000  0.000000E+000  2.483323E+002  3.511242E+002  4.300664E+002  7.017610E-002
  7.500000E-002  2.427806E+002  3.204951E+002  0.000000E+000  0.000000E+000  2.427806E+002  3.204951E+002  4.020690E+002  6.851422E-002
  7.600000E-002  2.443061E+002  2.865566E+002  0.000000E+000  0.000000E+000  2.443061E+002  2.865566E+002  3.765636E+002  6.540749E-002
  7.700000E-002  2.513932E+002  2.497822E+002  0.000000E+000  0.000000E+000  2.513932E+002  2.497822E+002  3.543864E+002  6.058079E-002
  7.800000E-002  2.624303E+002  2.107421E+002  0.000000E+000  0.000000E+000  2.624303E+002  2.107421E+002  3.365738E+002  5.381650E-002
  7.900000E-002  2.757883E+002  1.701078E+002  0.000000E+000  0.000000E+000  2.757883E+002  1.701078E+002  3.240306E+002  4.512060E-002
  8.000000E-002  2.898773E+002  1.286560E+002  0.000000E+000  0.000000E+000  2.898773E+002  1.286560E+002  3.171455E+002  3.486570E-002
  8.100000E-002  3.030973E+002  8.727523E+001  0.000000E+000  0.000000E+000  3.030973E+002  8.727523E+001  3.154123E+002  2.378070E-002
  8.200000E-002  3.130920E+002  4.698180E+001  0.000000E+000  0.000000E+000  3.130920E+002  4.698180E+001  3.165974E+002  1.275294E-002
  8.300000E-002  2.836309E+002  9.016431E+000  0.000000E+000  0.000000E+000  2.836309E+002  9.016431E+000  2.837742E+002  2.730117E-003
  8.330000E-002  0.000000E+000  0.000000E+000  0.000000E+000  0.000000E+000  0.000000E+000  0.000000E+000  0.000000E+000  0.000000E+000
