 FILE: 7segsprint.11

 *** Replace this line with a message to appear on all output files.                                    


        T             RX1            RY1            RX2            RY2            RX             RY             GRF            COP
       (S)            (N)            (N)            (N)            (N)            (N)            (N)            (N)            (M)

  0.000000E+000  0.000000E+000  0.000000E+000 -5.833893E-019  2.088832E-012 -5.833893E-019  2.088832E-012  2.088832E-012 -1.387779E-017
  1.000000E-003  0.000000E+000  0.000000E+000 -5.355063E+002  1.916772E+003 -5.355063E+002  1.916772E+003  1.990171E+003  8.320701E-004
  2.000000E-003  0.000000E+000  0.000000E+000 -1.790471E+003  3.552503E+003 -1.790471E+003  3.552503E+003  3.978199E+003  1.391768E-003
  3.000000E-003 -2.891411E+003  1.052138E+001 -3.066942E+003  4.361965E+003 -5.958353E+003  4.372487E+003  7.390576E+003  1.406294E-003
  4.000000E-003  7.044572E+002  6.570814E+001 -2.415835E+003  3.703443E+003 -1.711377E+003  3.769151E+003  4.139482E+003  3.176829E-003
  5.000000E-003  1.117024E+003  1.042500E+002 -1.818757E+003  3.058189E+003 -7.017333E+002  3.162439E+003  3.239360E+003  4.517753E-003
  6.000000E-003  1.048388E+003  1.188903E+002 -1.606511E+003  2.785591E+003 -5.581232E+002  2.904481E+003  2.957619E+003  5.153699E-003
  7.000000E-003  9.904192E+002  1.190760E+002 -1.563838E+003  2.683615E+003 -5.734187E+002  2.802691E+003  2.860749E+003  5.287393E-003
  8.000000E-003  1.000105E+003  1.143723E+002 -1.596298E+003  2.672701E+003 -5.961934E+002  2.787074E+003  2.850127E+003  5.199405E-003
  9.000000E-003  1.041490E+003  1.102267E+002 -1.656888E+003  2.712220E+003 -6.153978E+002  2.822447E+003  2.888758E+003  5.070433E-003
  1.000000E-002  1.093598E+003  1.088672E+002 -1.714451E+003  2.770456E+003 -6.208524E+002  2.879324E+003  2.945499E+003  4.992997E-003
  1.100000E-002  1.144222E+003  1.105660E+002 -1.753666E+003  2.828636E+003 -6.094439E+002  2.939202E+003  3.001721E+003  4.988443E-003
  1.200000E-002  1.182511E+003  1.146211E+002 -1.772329E+003  2.878786E+003 -5.898181E+002  2.993407E+003  3.050962E+003  5.041323E-003
  1.300000E-002  1.207640E+003  1.200434E+002 -1.775312E+003  2.919292E+003 -5.676719E+002  3.039336E+003  3.091895E+003  5.128698E-003
  1.400000E-002  1.221940E+003  1.259718E+002 -1.769078E+003  2.951406E+003 -5.471376E+002  3.077378E+003  3.125638E+003  5.230626E-003
  1.500000E-002  1.230341E+003  1.318460E+002 -1.758665E+003  2.977206E+003 -5.283236E+002  3.109052E+003  3.153622E+003  5.334511E-003
  1.600000E-002  1.237116E+003  1.374019E+002 -1.746962E+003  2.998638E+003 -5.098461E+002  3.136040E+003  3.177214E+003  5.434162E-003
  1.700000E-002  1.244724E+003  1.425815E+002 -1.735107E+003  3.017090E+003 -4.903823E+002  3.159671E+003  3.197498E+003  5.527742E-003
  1.800000E-002  1.254052E+003  1.474315E+002 -1.723207E+003  3.033357E+003 -4.691556E+002  3.180788E+003  3.215202E+003  5.615748E-003
  1.900000E-002  1.265017E+003  1.520295E+002 -1.710939E+003  3.047778E+003 -4.459219E+002  3.199807E+003  3.230729E+003  5.699528E-003
  2.000000E-002  1.277143E+003  1.564434E+002 -1.697916E+003  3.060420E+003 -4.207729E+002  3.216863E+003  3.244265E+003  5.780431E-003
  2.100000E-002  1.289909E+003  1.607185E+002 -1.683860E+003  3.071235E+003 -3.939511E+002  3.231953E+003  3.255875E+003  5.859452E-003
  2.200000E-002  1.302911E+003  1.648774E+002 -1.668637E+003  3.080156E+003 -3.657258E+002  3.245034E+003  3.265578E+003  5.937191E-003
  2.300000E-002  1.315898E+003  1.689276E+002 -1.652229E+003  3.087140E+003 -3.363306E+002  3.256068E+003  3.273392E+003  6.013943E-003
  2.400000E-002  1.328743E+003  1.728682E+002 -1.634688E+003  3.092171E+003 -3.059446E+002  3.265040E+003  3.279342E+003  6.089826E-003
  2.500000E-002  1.341395E+003  1.766951E+002 -1.616093E+003  3.095254E+003 -2.746989E+002  3.271949E+003  3.283460E+003  6.164885E-003
  2.600000E-002  1.353837E+003  1.804041E+002 -1.596529E+003  3.096401E+003 -2.426924E+002  3.276805E+003  3.285780E+003  6.239150E-003
  2.700000E-002  1.366063E+003  1.839919E+002 -1.576068E+003  3.095622E+003 -2.100054E+002  3.279614E+003  3.286330E+003  6.312674E-003
  2.800000E-002  1.378058E+003  1.874562E+002 -1.554769E+003  3.092916E+003 -1.767109E+002  3.280372E+003  3.285129E+003  6.385540E-003
  2.900000E-002  1.389796E+003  1.907958E+002 -1.532679E+003  3.088272E+003 -1.428833E+002  3.279068E+003  3.282179E+003  6.457862E-003
  3.000000E-002  1.401235E+003  1.940094E+002 -1.509832E+003  3.081662E+003 -1.085970E+002  3.275672E+003  3.277471E+003  6.529782E-003
  3.100000E-002  1.412328E+003  1.970960E+002 -1.486256E+003  3.073047E+003 -7.392817E+001  3.270143E+003  3.270978E+003  6.601464E-003
  3.200000E-002  1.423015E+003  2.000542E+002 -1.461971E+003  3.062372E+003 -3.895665E+001  3.262426E+003  3.262659E+003  6.673090E-003
  3.300000E-002  1.433227E+003  2.028817E+002 -1.436995E+003  3.049574E+003 -3.767354E+000  3.252456E+003  3.252458E+003  6.744857E-003
  3.400000E-002  1.442888E+003  2.055758E+002 -1.411340E+003  3.034578E+003  3.154750E+001  3.240154E+003  3.240307E+003  6.816972E-003
  3.500000E-002  1.451910E+003  2.081329E+002 -1.385020E+003  3.017299E+003  6.689010E+001  3.225432E+003  3.226126E+003  6.889658E-003
  3.600000E-002  1.460197E+003  2.105483E+002 -1.358045E+003  2.997646E+003  1.021519E+002  3.208195E+003  3.209821E+003  6.963151E-003
  3.700000E-002  1.467640E+003  2.128168E+002 -1.330424E+003  2.975520E+003  1.372156E+002  3.188336E+003  3.191288E+003  7.037705E-003
  3.800000E-002  1.474125E+003  2.149319E+002 -1.302167E+003  2.950812E+003  1.719579E+002  3.165744E+003  3.170411E+003  7.113592E-003
  3.900000E-002  1.479324E+003  2.168861E+002 -1.273237E+003  2.923314E+003  2.060864E+002  3.140200E+003  3.146956E+003  7.191304E-003
  4.000000E-002  1.483268E+003  2.186688E+002 -1.243570E+003  2.892729E+003  2.396983E+002  3.111398E+003  3.120617E+003  7.271425E-003
  4.100000E-002  1.487167E+003  2.202694E+002 -1.213514E+003  2.859725E+003  2.736528E+002  3.079995E+003  3.092128E+003  7.352559E-003
  4.200000E-002  1.490470E+003  2.216935E+002 -1.183425E+003  2.825078E+003  3.070454E+002  3.046772E+003  3.062204E+003  7.433678E-003
  4.300000E-002  1.492511E+003  2.229542E+002 -1.153012E+003  2.788098E+003  3.394990E+002  3.011052E+003  3.030131E+003  7.516747E-003
  4.400000E-002  1.493247E+003  2.240533E+002 -1.122137E+003  2.748381E+003  3.711100E+002  2.972434E+003  2.995511E+003  7.602933E-003
  4.500000E-002  1.492561E+003  2.249835E+002 -1.090774E+003  2.705722E+003  4.017877E+002  2.930706E+003  2.958119E+003  7.692910E-003
  4.600000E-002  1.490364E+003  2.257342E+002 -1.058937E+003  2.659999E+003  4.314270E+002  2.885733E+003  2.917805E+003  7.787181E-003
  4.700000E-002  1.486577E+003  2.262943E+002 -1.026655E+003  2.611130E+003  4.599221E+002  2.837424E+003  2.874457E+003  7.886226E-003
  4.800000E-002  1.481121E+003  2.266545E+002 -9.939576E+002  2.559052E+003  4.871637E+002  2.785707E+003  2.827983E+003  7.990588E-003
  4.900000E-002  1.473909E+003  2.268065E+002 -9.608733E+002  2.503713E+003  5.130352E+002  2.730520E+003  2.778299E+003  8.100916E-003
  5.000000E-002  1.464843E+003  2.267437E+002 -9.274295E+002  2.445064E+003  5.374138E+002  2.671808E+003  2.725320E+003  8.217995E-003
  5.100000E-002  1.453823E+003  2.264603E+002 -8.936516E+002  2.383057E+003  5.601716E+002  2.609518E+003  2.668965E+003  8.342763E-003
  5.200000E-002  1.440742E+003  2.259511E+002 -8.595643E+002  2.317645E+003  5.811772E+002  2.543596E+003  2.609147E+003  8.476346E-003
  5.300000E-002  1.425487E+003  2.252118E+002 -8.251915E+002  2.248780E+003  6.002954E+002  2.473992E+003  2.545779E+003  8.620088E-003
  5.400000E-002  1.408398E+003  2.242384E+002 -7.905941E+002  2.176518E+003  6.178037E+002  2.400756E+003  2.478974E+003  8.774927E-003
  5.500000E-002  1.391223E+003  2.230302E+002 -7.561626E+002  2.101842E+003  6.350605E+002  2.324872E+003  2.410048E+003  8.938040E-003
  5.600000E-002  1.371908E+003  2.216073E+002 -7.220961E+002  2.025246E+003  6.498118E+002  2.246853E+003  2.338933E+003  9.111874E-003
  5.700000E-002  1.356778E+003  2.199832E+002 -6.880163E+002  1.945618E+003  6.687619E+002  2.165601E+003  2.266511E+003  9.294319E-003
  5.800000E-002  1.330271E+003  2.181728E+002 -6.545385E+002  1.864610E+003  6.757324E+002  2.082783E+003  2.189657E+003  9.501552E-003
  5.900000E-002  1.300386E+003  2.161865E+002 -6.204531E+002  1.778689E+003  6.799332E+002  1.994875E+003  2.107567E+003  9.739964E-003
  6.000000E-002  1.274283E+003  2.139981E+002 -5.872382E+002  1.692037E+003  6.870445E+002  1.906035E+003  2.026080E+003  9.987477E-003
  6.100000E-002  1.249067E+003  2.116257E+002 -5.538108E+002  1.601496E+003  6.952560E+002  1.813122E+003  1.941853E+003  1.026173E-002
  6.200000E-002  1.216894E+003  2.090598E+002 -5.209372E+002  1.509335E+003  6.959566E+002  1.718395E+003  1.853979E+003  1.057360E-002
  6.300000E-002  1.187679E+003  2.063226E+002 -4.885058E+002  1.415312E+003  6.991733E+002  1.621634E+003  1.765939E+003  1.090996E-002
  6.400000E-002  1.152139E+003  2.034325E+002 -4.564829E+002  1.319462E+003  6.956562E+002  1.522894E+003  1.674260E+003  1.129907E-002
  6.500000E-002  1.118660E+003  2.004062E+002 -4.248213E+002  1.221853E+003  6.938384E+002  1.422259E+003  1.582477E+003  1.172736E-002
  6.600000E-002  1.079041E+003  1.972579E+002 -3.934219E+002  1.122499E+003  6.856192E+002  1.319757E+003  1.487223E+003  1.223041E-002
  6.700000E-002  1.040534E+003  1.940017E+002 -3.621740E+002  1.021499E+003  6.783598E+002  1.215500E+003  1.391982E+003  1.279588E-002
  6.800000E-002  9.960393E+002  1.906502E+002 -3.309142E+002  9.189511E+002  6.651251E+002  1.109601E+003  1.293679E+003  1.346990E-002
  6.900000E-002  9.515790E+002  1.872174E+002 -2.994506E+002  8.150529E+002  6.521284E+002  1.002270E+003  1.195750E+003  1.424402E-002
  7.000000E-002  9.011652E+002  1.837174E+002 -2.675357E+002  7.100669E+002  6.336295E+002  8.937843E+002  1.095599E+003  1.518046E-002
  7.100000E-002  8.494378E+002  1.801668E+002 -2.348800E+002  6.043925E+002  6.145578E+002  7.845593E+002  9.966016E+002  1.627984E-002
  7.200000E-002  7.921722E+002  1.765833E+002 -2.011574E+002  4.986259E+002  5.910148E+002  6.752091E+002  8.973327E+002  1.762030E-002
  7.300000E-002  7.416741E+002  1.729817E+002 -1.661266E+002  3.938979E+002  5.755475E+002  5.668795E+002  8.078412E+002  1.905386E-002
  7.400000E-002  6.653989E+002  1.693796E+002 -1.293104E+002  2.910543E+002  5.360884E+002  4.604339E+002  7.066754E+002  2.118118E-002
  7.500000E-002  5.920612E+002  1.658734E+002 -9.024257E+001  1.911289E+002  5.018186E+002  3.570023E+002  6.158511E+002  2.361821E-002
  7.600000E-002  5.173125E+002  1.624880E+002 -4.879473E+001  9.631565E+001  4.685177E+002  2.588037E+002  5.352459E+002  2.639066E-002
  7.700000E-002  4.370532E+002  1.591894E+002 -5.442021E+000  9.912789E+000  4.316112E+002  1.691022E+002  4.635556E+002  2.956998E-002
  7.800000E-002  3.762680E+002  1.559462E+002  0.000000E+000  0.000000E+000  3.762680E+002  1.559462E+002  4.073043E+002  3.292681E-002
  7.900000E-002  3.229668E+002  1.522788E+002  0.000000E+000  0.000000E+000  3.229668E+002  1.522788E+002  3.570664E+002  3.667538E-002
  8.000000E-002  3.132335E+002  1.474989E+002  0.000000E+000  0.000000E+000  3.132335E+002  1.474989E+002  3.462242E+002  3.663585E-002
  8.100000E-002  2.426652E+002  1.409840E+002  0.000000E+000  0.000000E+000  2.426652E+002  1.409840E+002  2.806473E+002  4.319919E-002
  8.200000E-002  2.135644E+002  1.330062E+002  0.000000E+000  0.000000E+000  2.135644E+002  1.330062E+002  2.515957E+002  4.545986E-002
  8.300000E-002  1.934606E+002  1.228308E+002  0.000000E+000  0.000000E+000  1.934606E+002  1.228308E+002  2.291602E+002  4.609146E-002
  8.400000E-002  1.823387E+002  1.103057E+002  0.000000E+000  0.000000E+000  1.823387E+002  1.103057E+002  2.131074E+002  4.450871E-002
  8.500000E-002  1.790534E+002  9.526350E+001  0.000000E+000  0.000000E+000  1.790534E+002  9.526350E+001  2.028183E+002  4.038845E-002
  8.600000E-002  1.832362E+002  7.773853E+001  0.000000E+000  0.000000E+000  1.832362E+002  7.773853E+001  1.990447E+002  3.358261E-002
  8.700000E-002  1.921896E+002  5.775355E+001  0.000000E+000  0.000000E+000  1.921896E+002  5.775355E+001  2.006796E+002  2.474526E-002
  8.800000E-002  2.001904E+002  3.540473E+001  0.000000E+000  0.000000E+000  2.001904E+002  3.540473E+001  2.032970E+002  1.497367E-002
  8.900000E-002  2.046388E+002  1.092386E+001  0.000000E+000  0.000000E+000  2.046388E+002  1.092386E+001  2.049302E+002  4.582740E-003
  8.950000E-002  0.000000E+000  0.000000E+000  0.000000E+000  0.000000E+000  0.000000E+000  0.000000E+000  0.000000E+000  0.000000E+000
