 FILE: 7segsprint.10

 *** Replace this line with a message to appear on all output files.                                    


        T            METOR          MEACT         MECCANG      MECCANGVEL      MESECANG      MESECANGVEL       MFTOR          MFACT         MFCCANG      MFCCANGVEL      MFSECANG      MFSECANGVEL
       (S)           (N/M)         (UNITS)         (DEG)         (DEG/S)         (DEG)         (DEG/S)         (N/M)         (UNITS)         (DEG)         (DEG/S)         (DEG)         (DEG/S)

  0.000000E+000  0.000000E+000  9.999996E-001  0.000000E+000  0.000000E+000  0.000000E+000  0.000000E+000  0.000000E+000  3.006787E-003  0.000000E+000  0.000000E+000  0.000000E+000  0.000000E+000
  1.000000E-003  0.000000E+000  9.999996E-001  0.000000E+000  0.000000E+000  0.000000E+000  0.000000E+000  0.000000E+000  3.006787E-003  0.000000E+000  0.000000E+000  0.000000E+000  0.000000E+000
  2.000000E-003  0.000000E+000  9.999996E-001  0.000000E+000  0.000000E+000  0.000000E+000  0.000000E+000  0.000000E+000  3.006787E-003  0.000000E+000  0.000000E+000  0.000000E+000  0.000000E+000
  3.000000E-003  0.000000E+000  9.999996E-001  0.000000E+000  0.000000E+000  0.000000E+000  0.000000E+000  0.000000E+000  3.006787E-003  0.000000E+000  0.000000E+000  0.000000E+000  0.000000E+000
  4.000000E-003  0.000000E+000  9.999996E-001  0.000000E+000  0.000000E+000  0.000000E+000  0.000000E+000  0.000000E+000  3.006787E-003  0.000000E+000  0.000000E+000  0.000000E+000  0.000000E+000
  5.000000E-003  0.000000E+000  9.999996E-001  0.000000E+000  0.000000E+000  0.000000E+000  0.000000E+000  0.000000E+000  3.006787E-003  0.000000E+000  0.000000E+000  0.000000E+000  0.000000E+000
  6.000000E-003  0.000000E+000  9.999996E-001  0.000000E+000  0.000000E+000  0.000000E+000  0.000000E+000  0.000000E+000  3.006787E-003  0.000000E+000  0.000000E+000  0.000000E+000  0.000000E+000
  7.000000E-003  0.000000E+000  9.999996E-001  0.000000E+000  0.000000E+000  0.000000E+000  0.000000E+000  0.000000E+000  3.006787E-003  0.000000E+000  0.000000E+000  0.000000E+000  0.000000E+000
  8.000000E-003  0.000000E+000  9.999996E-001  0.000000E+000  0.000000E+000  0.000000E+000  0.000000E+000  0.000000E+000  3.006787E-003  0.000000E+000  0.000000E+000  0.000000E+000  0.000000E+000
  9.000000E-003  0.000000E+000  9.999996E-001  0.000000E+000  0.000000E+000  0.000000E+000  0.000000E+000  0.000000E+000  3.006787E-003  0.000000E+000  0.000000E+000  0.000000E+000  0.000000E+000
  1.000000E-002  0.000000E+000  9.999996E-001  0.000000E+000  0.000000E+000  0.000000E+000  0.000000E+000  0.000000E+000  3.006787E-003  0.000000E+000  0.000000E+000  0.000000E+000  0.000000E+000
  1.100000E-002  0.000000E+000  9.999996E-001  0.000000E+000  0.000000E+000  0.000000E+000  0.000000E+000  0.000000E+000  3.006787E-003  0.000000E+000  0.000000E+000  0.000000E+000  0.000000E+000
  1.200000E-002  0.000000E+000  9.999996E-001  0.000000E+000  0.000000E+000  0.000000E+000  0.000000E+000  0.000000E+000  3.006787E-003  0.000000E+000  0.000000E+000  0.000000E+000  0.000000E+000
  1.300000E-002  0.000000E+000  9.999996E-001  0.000000E+000  0.000000E+000  0.000000E+000  0.000000E+000  0.000000E+000  3.006787E-003  0.000000E+000  0.000000E+000  0.000000E+000  0.000000E+000
  1.400000E-002  0.000000E+000  9.999996E-001  0.000000E+000  0.000000E+000  0.000000E+000  0.000000E+000  0.000000E+000  3.006787E-003  0.000000E+000  0.000000E+000  0.000000E+000  0.000000E+000
  1.500000E-002  0.000000E+000  9.999996E-001  0.000000E+000  0.000000E+000  0.000000E+000  0.000000E+000  0.000000E+000  3.006787E-003  0.000000E+000  0.000000E+000  0.000000E+000  0.000000E+000
  1.600000E-002  0.000000E+000  9.999996E-001  0.000000E+000  0.000000E+000  0.000000E+000  0.000000E+000  0.000000E+000  3.006787E-003  0.000000E+000  0.000000E+000  0.000000E+000  0.000000E+000
  1.700000E-002  0.000000E+000  9.999996E-001  0.000000E+000  0.000000E+000  0.000000E+000  0.000000E+000  0.000000E+000  3.006787E-003  0.000000E+000  0.000000E+000  0.000000E+000  0.000000E+000
  1.800000E-002  0.000000E+000  9.999996E-001  0.000000E+000  0.000000E+000  0.000000E+000  0.000000E+000  0.000000E+000  3.006787E-003  0.000000E+000  0.000000E+000  0.000000E+000  0.000000E+000
  1.900000E-002  0.000000E+000  9.999996E-001  0.000000E+000  0.000000E+000  0.000000E+000  0.000000E+000  0.000000E+000  3.006787E-003  0.000000E+000  0.000000E+000  0.000000E+000  0.000000E+000
  2.000000E-002  0.000000E+000  9.999996E-001  0.000000E+000  0.000000E+000  0.000000E+000  0.000000E+000  0.000000E+000  3.006787E-003  0.000000E+000  0.000000E+000  0.000000E+000  0.000000E+000
  2.100000E-002  0.000000E+000  9.999996E-001  0.000000E+000  0.000000E+000  0.000000E+000  0.000000E+000  0.000000E+000  3.006787E-003  0.000000E+000  0.000000E+000  0.000000E+000  0.000000E+000
  2.200000E-002  0.000000E+000  9.999996E-001  0.000000E+000  0.000000E+000  0.000000E+000  0.000000E+000  0.000000E+000  3.006787E-003  0.000000E+000  0.000000E+000  0.000000E+000  0.000000E+000
  2.300000E-002  0.000000E+000  9.999996E-001  0.000000E+000  0.000000E+000  0.000000E+000  0.000000E+000  0.000000E+000  3.006787E-003  0.000000E+000  0.000000E+000  0.000000E+000  0.000000E+000
  2.400000E-002  0.000000E+000  9.999996E-001  0.000000E+000  0.000000E+000  0.000000E+000  0.000000E+000  0.000000E+000  3.006787E-003  0.000000E+000  0.000000E+000  0.000000E+000  0.000000E+000
  2.500000E-002  0.000000E+000  9.999996E-001  0.000000E+000  0.000000E+000  0.000000E+000  0.000000E+000  0.000000E+000  3.006787E-003  0.000000E+000  0.000000E+000  0.000000E+000  0.000000E+000
  2.600000E-002  0.000000E+000  9.999996E-001  0.000000E+000  0.000000E+000  0.000000E+000  0.000000E+000  0.000000E+000  3.006787E-003  0.000000E+000  0.000000E+000  0.000000E+000  0.000000E+000
  2.700000E-002  0.000000E+000  9.999996E-001  0.000000E+000  0.000000E+000  0.000000E+000  0.000000E+000  0.000000E+000  3.006787E-003  0.000000E+000  0.000000E+000  0.000000E+000  0.000000E+000
  2.800000E-002  0.000000E+000  9.999996E-001  0.000000E+000  0.000000E+000  0.000000E+000  0.000000E+000  0.000000E+000  3.006787E-003  0.000000E+000  0.000000E+000  0.000000E+000  0.000000E+000
  2.900000E-002  0.000000E+000  9.999996E-001  0.000000E+000  0.000000E+000  0.000000E+000  0.000000E+000  0.000000E+000  3.006787E-003  0.000000E+000  0.000000E+000  0.000000E+000  0.000000E+000
  3.000000E-002  0.000000E+000  9.999996E-001  0.000000E+000  0.000000E+000  0.000000E+000  0.000000E+000  0.000000E+000  3.006787E-003  0.000000E+000  0.000000E+000  0.000000E+000  0.000000E+000
  3.100000E-002  0.000000E+000  9.999996E-001  0.000000E+000  0.000000E+000  0.000000E+000  0.000000E+000  0.000000E+000  3.006787E-003  0.000000E+000  0.000000E+000  0.000000E+000  0.000000E+000
  3.200000E-002  0.000000E+000  9.999996E-001  0.000000E+000  0.000000E+000  0.000000E+000  0.000000E+000  0.000000E+000  3.006787E-003  0.000000E+000  0.000000E+000  0.000000E+000  0.000000E+000
  3.300000E-002  0.000000E+000  9.999996E-001  0.000000E+000  0.000000E+000  0.000000E+000  0.000000E+000  0.000000E+000  3.006787E-003  0.000000E+000  0.000000E+000  0.000000E+000  0.000000E+000
  3.400000E-002  0.000000E+000  9.999996E-001  0.000000E+000  0.000000E+000  0.000000E+000  0.000000E+000  0.000000E+000  3.006787E-003  0.000000E+000  0.000000E+000  0.000000E+000  0.000000E+000
  3.500000E-002  0.000000E+000  9.999996E-001  0.000000E+000  0.000000E+000  0.000000E+000  0.000000E+000  0.000000E+000  3.006787E-003  0.000000E+000  0.000000E+000  0.000000E+000  0.000000E+000
  3.600000E-002  0.000000E+000  9.999996E-001  0.000000E+000  0.000000E+000  0.000000E+000  0.000000E+000  0.000000E+000  3.006787E-003  0.000000E+000  0.000000E+000  0.000000E+000  0.000000E+000
  3.700000E-002  0.000000E+000  9.999996E-001  0.000000E+000  0.000000E+000  0.000000E+000  0.000000E+000  0.000000E+000  3.006787E-003  0.000000E+000  0.000000E+000  0.000000E+000  0.000000E+000
  3.800000E-002  0.000000E+000  9.999996E-001  0.000000E+000  0.000000E+000  0.000000E+000  0.000000E+000  0.000000E+000  3.006787E-003  0.000000E+000  0.000000E+000  0.000000E+000  0.000000E+000
  3.900000E-002  0.000000E+000  9.999996E-001  0.000000E+000  0.000000E+000  0.000000E+000  0.000000E+000  0.000000E+000  3.006787E-003  0.000000E+000  0.000000E+000  0.000000E+000  0.000000E+000
  4.000000E-002  0.000000E+000  9.999996E-001  0.000000E+000  0.000000E+000  0.000000E+000  0.000000E+000  0.000000E+000  3.006787E-003  0.000000E+000  0.000000E+000  0.000000E+000  0.000000E+000
  4.100000E-002  0.000000E+000  9.999996E-001  0.000000E+000  0.000000E+000  0.000000E+000  0.000000E+000  0.000000E+000  3.006787E-003  0.000000E+000  0.000000E+000  0.000000E+000  0.000000E+000
  4.200000E-002  0.000000E+000  9.999996E-001  0.000000E+000  0.000000E+000  0.000000E+000  0.000000E+000  0.000000E+000  3.006787E-003  0.000000E+000  0.000000E+000  0.000000E+000  0.000000E+000
  4.300000E-002  0.000000E+000  9.999996E-001  0.000000E+000  0.000000E+000  0.000000E+000  0.000000E+000  0.000000E+000  3.006787E-003  0.000000E+000  0.000000E+000  0.000000E+000  0.000000E+000
  4.400000E-002  0.000000E+000  9.999996E-001  0.000000E+000  0.000000E+000  0.000000E+000  0.000000E+000  0.000000E+000  3.006787E-003  0.000000E+000  0.000000E+000  0.000000E+000  0.000000E+000
  4.500000E-002  0.000000E+000  9.999996E-001  0.000000E+000  0.000000E+000  0.000000E+000  0.000000E+000  0.000000E+000  3.006787E-003  0.000000E+000  0.000000E+000  0.000000E+000  0.000000E+000
  4.600000E-002  0.000000E+000  9.999996E-001  0.000000E+000  0.000000E+000  0.000000E+000  0.000000E+000  0.000000E+000  3.006813E-003  0.000000E+000  0.000000E+000  0.000000E+000  0.000000E+000
  4.700000E-002  0.000000E+000  9.999996E-001  0.000000E+000  0.000000E+000  0.000000E+000  0.000000E+000  0.000000E+000  3.007045E-003  0.000000E+000  0.000000E+000  0.000000E+000  0.000000E+000
  4.800000E-002  0.000000E+000  9.999996E-001  0.000000E+000  0.000000E+000  0.000000E+000  0.000000E+000  0.000000E+000  3.007719E-003  0.000000E+000  0.000000E+000  0.000000E+000  0.000000E+000
  4.900000E-002  0.000000E+000  9.999996E-001  0.000000E+000  0.000000E+000  0.000000E+000  0.000000E+000  0.000000E+000  3.009062E-003  0.000000E+000  0.000000E+000  0.000000E+000  0.000000E+000
  5.000000E-002  0.000000E+000  9.999996E-001  0.000000E+000  0.000000E+000  0.000000E+000  0.000000E+000  0.000000E+000  3.011297E-003  0.000000E+000  0.000000E+000  0.000000E+000  0.000000E+000
  5.100000E-002  0.000000E+000  9.999996E-001  0.000000E+000  0.000000E+000  0.000000E+000  0.000000E+000  0.000000E+000  3.014643E-003  0.000000E+000  0.000000E+000  0.000000E+000  0.000000E+000
  5.200000E-002  0.000000E+000  9.999996E-001  0.000000E+000  0.000000E+000  0.000000E+000  0.000000E+000  0.000000E+000  3.019312E-003  0.000000E+000  0.000000E+000  0.000000E+000  0.000000E+000
  5.300000E-002  0.000000E+000  9.999996E-001  0.000000E+000  0.000000E+000  0.000000E+000  0.000000E+000  0.000000E+000  3.025510E-003  0.000000E+000  0.000000E+000  0.000000E+000  0.000000E+000
  5.400000E-002  0.000000E+000  9.999996E-001  0.000000E+000  0.000000E+000  0.000000E+000  0.000000E+000  0.000000E+000  3.033440E-003  0.000000E+000  0.000000E+000  0.000000E+000  0.000000E+000
  5.500000E-002  0.000000E+000  9.999996E-001  0.000000E+000  0.000000E+000  0.000000E+000  0.000000E+000  0.000000E+000  3.043297E-003  0.000000E+000  0.000000E+000  0.000000E+000  0.000000E+000
  5.600000E-002  0.000000E+000  9.999996E-001  0.000000E+000  0.000000E+000  0.000000E+000  0.000000E+000  0.000000E+000  3.055274E-003  0.000000E+000  0.000000E+000  0.000000E+000  0.000000E+000
  5.700000E-002  0.000000E+000  9.999996E-001  0.000000E+000  0.000000E+000  0.000000E+000  0.000000E+000  0.000000E+000  3.069557E-003  0.000000E+000  0.000000E+000  0.000000E+000  0.000000E+000
  5.800000E-002  0.000000E+000  9.999996E-001  0.000000E+000  0.000000E+000  0.000000E+000  0.000000E+000  0.000000E+000  3.086326E-003  0.000000E+000  0.000000E+000  0.000000E+000  0.000000E+000
  5.900000E-002  0.000000E+000  9.999996E-001  0.000000E+000  0.000000E+000  0.000000E+000  0.000000E+000  0.000000E+000  3.105758E-003  0.000000E+000  0.000000E+000  0.000000E+000  0.000000E+000
  6.000000E-002  0.000000E+000  9.999996E-001  0.000000E+000  0.000000E+000  0.000000E+000  0.000000E+000  0.000000E+000  3.128024E-003  0.000000E+000  0.000000E+000  0.000000E+000  0.000000E+000
  6.100000E-002  0.000000E+000  9.999996E-001  0.000000E+000  0.000000E+000  0.000000E+000  0.000000E+000  0.000000E+000  3.153289E-003  0.000000E+000  0.000000E+000  0.000000E+000  0.000000E+000
  6.200000E-002  0.000000E+000  9.999996E-001  0.000000E+000  0.000000E+000  0.000000E+000  0.000000E+000  0.000000E+000  3.181714E-003  0.000000E+000  0.000000E+000  0.000000E+000  0.000000E+000
  6.300000E-002  0.000000E+000  9.999996E-001  0.000000E+000  0.000000E+000  0.000000E+000  0.000000E+000  0.000000E+000  3.213456E-003  0.000000E+000  0.000000E+000  0.000000E+000  0.000000E+000
  6.400000E-002  0.000000E+000  9.999996E-001  0.000000E+000  0.000000E+000  0.000000E+000  0.000000E+000  0.000000E+000  3.248666E-003  0.000000E+000  0.000000E+000  0.000000E+000  0.000000E+000
  6.500000E-002  0.000000E+000  9.999996E-001  0.000000E+000  0.000000E+000  0.000000E+000  0.000000E+000  0.000000E+000  3.287491E-003  0.000000E+000  0.000000E+000  0.000000E+000  0.000000E+000
  6.600000E-002  0.000000E+000  9.999996E-001  0.000000E+000  0.000000E+000  0.000000E+000  0.000000E+000  0.000000E+000  3.330072E-003  0.000000E+000  0.000000E+000  0.000000E+000  0.000000E+000
  6.700000E-002  0.000000E+000  9.999996E-001  0.000000E+000  0.000000E+000  0.000000E+000  0.000000E+000  0.000000E+000  3.376546E-003  0.000000E+000  0.000000E+000  0.000000E+000  0.000000E+000
  6.800000E-002  0.000000E+000  9.999996E-001  0.000000E+000  0.000000E+000  0.000000E+000  0.000000E+000  0.000000E+000  3.427045E-003  0.000000E+000  0.000000E+000  0.000000E+000  0.000000E+000
  6.900000E-002  0.000000E+000  9.999996E-001  0.000000E+000  0.000000E+000  0.000000E+000  0.000000E+000  0.000000E+000  3.481697E-003  0.000000E+000  0.000000E+000  0.000000E+000  0.000000E+000
  7.000000E-002  0.000000E+000  9.999996E-001  0.000000E+000  0.000000E+000  0.000000E+000  0.000000E+000  0.000000E+000  3.540626E-003  0.000000E+000  0.000000E+000  0.000000E+000  0.000000E+000
  7.100000E-002  0.000000E+000  9.999996E-001  0.000000E+000  0.000000E+000  0.000000E+000  0.000000E+000  0.000000E+000  3.603949E-003  0.000000E+000  0.000000E+000  0.000000E+000  0.000000E+000
  7.200000E-002  0.000000E+000  9.999996E-001  0.000000E+000  0.000000E+000  0.000000E+000  0.000000E+000  0.000000E+000  3.671781E-003  0.000000E+000  0.000000E+000  0.000000E+000  0.000000E+000
  7.300000E-002  0.000000E+000  9.999996E-001  0.000000E+000  0.000000E+000  0.000000E+000  0.000000E+000  0.000000E+000  3.744231E-003  0.000000E+000  0.000000E+000  0.000000E+000  0.000000E+000
  7.400000E-002  0.000000E+000  9.999996E-001  0.000000E+000  0.000000E+000  0.000000E+000  0.000000E+000  0.000000E+000  3.821404E-003  0.000000E+000  0.000000E+000  0.000000E+000  0.000000E+000
  7.500000E-002  0.000000E+000  9.999996E-001  0.000000E+000  0.000000E+000  0.000000E+000  0.000000E+000  0.000000E+000  3.903401E-003  0.000000E+000  0.000000E+000  0.000000E+000  0.000000E+000
  7.600000E-002  0.000000E+000  9.999996E-001  0.000000E+000  0.000000E+000  0.000000E+000  0.000000E+000  0.000000E+000  3.990318E-003  0.000000E+000  0.000000E+000  0.000000E+000  0.000000E+000
  7.700000E-002  0.000000E+000  9.999996E-001  0.000000E+000  0.000000E+000  0.000000E+000  0.000000E+000  0.000000E+000  4.082248E-003  0.000000E+000  0.000000E+000  0.000000E+000  0.000000E+000
  7.800000E-002  0.000000E+000  9.999996E-001  0.000000E+000  0.000000E+000  0.000000E+000  0.000000E+000  0.000000E+000  4.179278E-003  0.000000E+000  0.000000E+000  0.000000E+000  0.000000E+000
  7.900000E-002  0.000000E+000  9.999996E-001  0.000000E+000  0.000000E+000  0.000000E+000  0.000000E+000  0.000000E+000  4.281492E-003  0.000000E+000  0.000000E+000  0.000000E+000  0.000000E+000
  8.000000E-002  0.000000E+000  9.999996E-001  0.000000E+000  0.000000E+000  0.000000E+000  0.000000E+000  0.000000E+000  4.388968E-003  0.000000E+000  0.000000E+000  0.000000E+000  0.000000E+000
  8.100000E-002  0.000000E+000  9.999996E-001  0.000000E+000  0.000000E+000  0.000000E+000  0.000000E+000  0.000000E+000  4.501784E-003  0.000000E+000  0.000000E+000  0.000000E+000  0.000000E+000
  8.200000E-002  0.000000E+000  9.999996E-001  0.000000E+000  0.000000E+000  0.000000E+000  0.000000E+000  0.000000E+000  4.620009E-003  0.000000E+000  0.000000E+000  0.000000E+000  0.000000E+000
  8.300000E-002  0.000000E+000  9.999996E-001  0.000000E+000  0.000000E+000  0.000000E+000  0.000000E+000  0.000000E+000  4.743711E-003  0.000000E+000  0.000000E+000  0.000000E+000  0.000000E+000
  8.400000E-002  0.000000E+000  9.999996E-001  0.000000E+000  0.000000E+000  0.000000E+000  0.000000E+000  0.000000E+000  4.872954E-003  0.000000E+000  0.000000E+000  0.000000E+000  0.000000E+000
  8.500000E-002  0.000000E+000  9.999996E-001  0.000000E+000  0.000000E+000  0.000000E+000  0.000000E+000  0.000000E+000  5.007795E-003  0.000000E+000  0.000000E+000  0.000000E+000  0.000000E+000
  8.600000E-002  0.000000E+000  9.999996E-001  0.000000E+000  0.000000E+000  0.000000E+000  0.000000E+000  0.000000E+000  5.148292E-003  0.000000E+000  0.000000E+000  0.000000E+000  0.000000E+000
  8.700000E-002  0.000000E+000  9.999996E-001  0.000000E+000  0.000000E+000  0.000000E+000  0.000000E+000  0.000000E+000  5.294494E-003  0.000000E+000  0.000000E+000  0.000000E+000  0.000000E+000
  8.720000E-002  0.000000E+000  9.999996E-001  0.000000E+000  0.000000E+000  0.000000E+000  0.000000E+000  0.000000E+000  5.324424E-003  0.000000E+000  0.000000E+000  0.000000E+000  0.000000E+000
