 FILE: 7segsprint.11

 *** Replace this line with a message to appear on all output files.                                    


        T             RX1            RY1            RX2            RY2            RX             RY             GRF            COP
       (S)            (N)            (N)            (N)            (N)            (N)            (N)            (N)            (M)

  0.000000E+000  0.000000E+000  0.000000E+000  0.000000E+000  0.000000E+000  0.000000E+000  0.000000E+000  0.000000E+000  0.000000E+000
  1.000000E-003  0.000000E+000  0.000000E+000 -4.543839E+003  2.370252E+003 -4.543839E+003  2.370252E+003  5.124897E+003  7.147504E-004
  2.000000E-003  0.000000E+000  0.000000E+000 -4.650639E+003  4.925056E+003 -4.650639E+003  4.925056E+003  6.773819E+003  1.383294E-003
  3.000000E-003  3.455687E+002  8.807491E+001 -2.335008E+003  4.875450E+003 -1.989439E+003  4.963525E+003  5.347377E+003  2.830572E-003
  4.000000E-003  1.377658E+003  3.682617E+002 -2.171971E+003  3.781059E+003 -7.943126E+002  4.149320E+003  4.224665E+003  8.615693E-003
  5.000000E-003  1.322696E+003  3.136300E+002 -2.082183E+003  3.067180E+003 -7.594865E+002  3.380810E+003  3.465068E+003  8.825223E-003
  6.000000E-003  1.315971E+003  2.503317E+002 -1.991339E+003  2.700889E+003 -6.753690E+002  2.951220E+003  3.027511E+003  8.175005E-003
  7.000000E-003  1.371513E+003  2.204382E+002 -1.996320E+003  2.572540E+003 -6.248075E+002  2.792979E+003  2.862012E+003  7.735930E-003
  8.000000E-003  1.437532E+003  2.093871E+002 -2.052429E+003  2.568183E+003 -6.148965E+002  2.777570E+003  2.844818E+003  7.489432E-003
  9.000000E-003  1.501199E+003  2.080111E+002 -2.113306E+003  2.614067E+003 -6.121068E+002  2.822078E+003  2.887698E+003  7.391752E-003
  1.000000E-002  1.557908E+003  2.123072E+002 -2.158746E+003  2.673307E+003 -6.008380E+002  2.885614E+003  2.947503E+003  7.414695E-003
  1.100000E-002  1.605568E+003  2.200767E+002 -2.186167E+003  2.729680E+003 -5.805987E+002  2.949757E+003  3.006353E+003  7.525376E-003
  1.200000E-002  1.644151E+003  2.296523E+002 -2.199771E+003  2.777349E+003 -5.556203E+002  3.007001E+003  3.057903E+003  7.687668E-003
  1.300000E-002  1.675078E+003  2.397891E+002 -2.204362E+003  2.815514E+003 -5.292841E+002  3.055303E+003  3.100809E+003  7.871762E-003
  1.400000E-002  1.700441E+003  2.497537E+002 -2.203269E+003  2.845507E+003 -5.028280E+002  3.095261E+003  3.135837E+003  8.059432E-003
  1.500000E-002  1.722210E+003  2.592561E+002 -2.198333E+003  2.869194E+003 -4.761231E+002  3.128450E+003  3.164474E+003  8.242761E-003
  1.600000E-002  1.741807E+003  2.682728E+002 -2.190436E+003  2.888202E+003 -4.486290E+002  3.156475E+003  3.188197E+003  8.420061E-003
  1.700000E-002  1.760046E+003  2.768860E+002 -2.179944E+003  2.903671E+003 -4.198988E+002  3.180557E+003  3.208155E+003  8.592291E-003
  1.800000E-002  1.777278E+003  2.851908E+002 -2.166985E+003  2.916285E+003 -3.897071E+002  3.201476E+003  3.225108E+003  8.761003E-003
  1.900000E-002  1.793581E+003  2.932591E+002 -2.151592E+003  2.926404E+003 -3.580104E+002  3.219663E+003  3.239507E+003  8.927518E-003
  2.000000E-002  1.808904E+003  3.011360E+002 -2.133776E+003  2.934198E+003 -3.248722E+002  3.235334E+003  3.251604E+003  9.092769E-003
  2.100000E-002  1.823155E+003  3.088469E+002 -2.113557E+003  2.939735E+003 -2.904023E+002  3.248582E+003  3.261536E+003  9.257376E-003
  2.200000E-002  1.836243E+003  3.164050E+002 -2.090968E+003  2.943044E+003 -2.547245E+002  3.259449E+003  3.269388E+003  9.421773E-003
  2.300000E-002  1.848097E+003  3.238180E+002 -2.066055E+003  2.944135E+003 -2.179576E+002  3.267953E+003  3.275214E+003  9.586305E-003
  2.400000E-002  1.858665E+003  3.310909E+002 -2.038875E+003  2.943013E+003 -1.802103E+002  3.274104E+003  3.279060E+003  9.751287E-003
  2.500000E-002  1.867912E+003  3.382279E+002 -2.009495E+003  2.939678E+003 -1.415826E+002  3.277906E+003  3.280963E+003  9.917031E-003
  2.600000E-002  1.875816E+003  3.452328E+002 -1.977983E+003  2.934129E+003 -1.021671E+002  3.279361E+003  3.280952E+003  1.008387E-002
  2.700000E-002  1.882364E+003  3.521093E+002 -1.944415E+003  2.926355E+003 -6.205021E+001  3.278464E+003  3.279051E+003  1.025215E-002
  2.800000E-002  1.887550E+003  3.588609E+002 -1.908864E+003  2.916339E+003 -2.131469E+001  3.275200E+003  3.275270E+003  1.042225E-002
  2.900000E-002  1.891367E+003  3.654902E+002 -1.871410E+003  2.904055E+003  1.995673E+001  3.269545E+003  3.269606E+003  1.059459E-002
  3.000000E-002  1.893814E+003  3.719994E+002 -1.832129E+003  2.889461E+003  6.168531E+001  3.261461E+003  3.262044E+003  1.076963E-002
  3.100000E-002  1.894890E+003  3.783894E+002 -1.791099E+003  2.872503E+003  1.037915E+002  3.250893E+003  3.252549E+003  1.094786E-002
  3.200000E-002  1.894589E+003  3.846601E+002 -1.748398E+003  2.853112E+003  1.461915E+002  3.237772E+003  3.241070E+003  1.112984E-002
  3.300000E-002  1.892899E+003  3.908095E+002 -1.704106E+003  2.831201E+003  1.887931E+002  3.222010E+003  3.227536E+003  1.131618E-002
  3.400000E-002  1.889805E+003  3.968341E+002 -1.658305E+003  2.806670E+003  2.315004E+002  3.203504E+003  3.211858E+003  1.150755E-002
  3.500000E-002  1.885286E+003  4.027285E+002 -1.611082E+003  2.779404E+003  2.742045E+002  3.182133E+003  3.193925E+003  1.170472E-002
  3.600000E-002  1.879314E+003  4.084855E+002 -1.562528E+003  2.749275E+003  3.167858E+002  3.157761E+003  3.173611E+003  1.190852E-002
  3.700000E-002  1.871853E+003  4.140959E+002 -1.512742E+003  2.716144E+003  3.591110E+002  3.130240E+003  3.150771E+003  1.211989E-002
  3.800000E-002  1.862866E+003  4.195487E+002 -1.461833E+003  2.679863E+003  4.010333E+002  3.099412E+003  3.125249E+003  1.233990E-002
  3.900000E-002  1.852312E+003  4.248316E+002 -1.409922E+003  2.640283E+003  4.423904E+002  3.065115E+003  3.096875E+003  1.256972E-002
  4.000000E-002  1.840147E+003  4.299309E+002 -1.357141E+003  2.597254E+003  4.830055E+002  3.027185E+003  3.065476E+003  1.281068E-002
  4.100000E-002  1.826328E+003  4.348319E+002 -1.303641E+003  2.550629E+003  5.226869E+002  2.985461E+003  3.030871E+003  1.306429E-002
  4.200000E-002  1.810812E+003  4.395195E+002 -1.249584E+003  2.500271E+003  5.612277E+002  2.939791E+003  2.992883E+003  1.333224E-002
  4.300000E-002  1.793560E+003  4.439782E+002 -1.195151E+003  2.446055E+003  5.984081E+002  2.890033E+003  2.951336E+003  1.361647E-002
  4.400000E-002  1.774531E+003  4.481925E+002 -1.140537E+003  2.387867E+003  6.339945E+002  2.836059E+003  2.906060E+003  1.391919E-002
  4.500000E-002  1.753690E+003  4.521471E+002 -1.085948E+003  2.325613E+003  6.677412E+002  2.777760E+003  2.856892E+003  1.424293E-002
  4.600000E-002  1.730996E+003  4.558274E+002 -1.031604E+003  2.259217E+003  6.993915E+002  2.715045E+003  2.803679E+003  1.459063E-002
  4.700000E-002  1.706407E+003  4.592191E+002 -9.777287E+002  2.188621E+003  7.286782E+002  2.647841E+003  2.746276E+003  1.496569E-002
  4.800000E-002  1.679874E+003  4.623086E+002 -9.245493E+002  2.113789E+003  7.553251E+002  2.576098E+003  2.684548E+003  1.537212E-002
  4.900000E-002  1.651337E+003  4.650832E+002 -8.722890E+002  2.034705E+003  7.790479E+002  2.499788E+003  2.618369E+003  1.581462E-002
  5.000000E-002  1.620716E+003  4.675309E+002 -8.211606E+002  1.951372E+003  7.995557E+002  2.418903E+003  2.547623E+003  1.629884E-002
  5.100000E-002  1.587910E+003  4.696409E+002 -7.713584E+002  1.863816E+003  8.165518E+002  2.333457E+003  2.472201E+003  1.683152E-002
  5.200000E-002  1.552786E+003  4.714031E+002 -7.230492E+002  1.772084E+003  8.297367E+002  2.243487E+003  2.392007E+003  1.742086E-002
  5.300000E-002  1.515967E+003  4.728105E+002 -6.764472E+002  1.676454E+003  8.395194E+002  2.149265E+003  2.307408E+003  1.807347E-002
  5.400000E-002  1.477909E+003  4.738843E+002 -6.318704E+002  1.577631E+003  8.460386E+002  2.051515E+003  2.219120E+003  1.879550E-002
  5.500000E-002  1.438433E+003  4.746554E+002 -5.894584E+002  1.476078E+003  8.489748E+002  1.950733E+003  2.127468E+003  1.959778E-002
  5.600000E-002  1.397345E+003  4.751439E+002 -5.492115E+002  1.372119E+003  8.481333E+002  1.847263E+003  2.032661E+003  2.049392E-002
  5.700000E-002  1.354389E+003  4.753635E+002 -5.110178E+002  1.266036E+003  8.433715E+002  1.741400E+003  1.934877E+003  2.150071E-002
  5.800000E-002  1.309235E+003  4.753269E+002 -4.746550E+002  1.158113E+003  8.345795E+002  1.633440E+003  1.834298E+003  2.263899E-002
  5.900000E-002  1.261458E+003  4.750486E+002 -4.397845E+002  1.048656E+003  8.216731E+002  1.523705E+003  1.731134E+003  2.393476E-002
  6.000000E-002  1.210534E+003  4.745473E+002 -4.059437E+002  9.380231E+002  8.045904E+002  1.412570E+003  1.625645E+003  2.542079E-002
  6.100000E-002  1.155832E+003  4.738478E+002 -3.725397E+002  8.266441E+002  7.832919E+002  1.300492E+003  1.518165E+003  2.713849E-002
  6.200000E-002  1.096609E+003  4.729835E+002 -3.388491E+002  7.150648E+002  7.577601E+002  1.188048E+003  1.409134E+003  2.914047E-002
  6.300000E-002  1.032031E+003  4.719975E+002 -3.040293E+002  6.040009E+002  7.280019E+002  1.075998E+003  1.299138E+003  3.149331E-002
  6.400000E-002  9.612200E+002  4.709442E+002 -2.671560E+002  4.944217E+002  6.940640E+002  9.653660E+002  1.188973E+003  3.428015E-002
  6.500000E-002  8.833379E+002  4.698873E+002 -2.273123E+002  3.876749E+002  6.560255E+002  8.575622E+002  1.079714E+003  3.760182E-002
  6.600000E-002  7.978148E+002  4.688911E+002 -1.837843E+002  2.856743E+002  6.140305E+002  7.545654E+002  9.728321E+002  4.157144E-002
  6.700000E-002  7.047624E+002  4.679965E+002 -1.364726E+002  1.911911E+002  5.682898E+002  6.591876E+002  8.703342E+002  4.629288E-002
  6.800000E-002  6.058107E+002  4.671618E+002 -8.676406E+001  1.083314E+002  5.190467E+002  5.754933E+002  7.749851E+002  5.179800E-002
  6.900000E-002  5.058051E+002  4.661351E+002 -3.926205E+001  4.321406E+001  4.665430E+002  5.093491E+002  6.907235E+002  5.788760E-002
  7.000000E-002  4.159649E+002  4.641481E+002 -5.182529E+000  4.978034E+000  4.107823E+002  4.691261E+002  6.235555E+002  6.377120E-002
  7.100000E-002  3.528800E+002  4.594024E+002  0.000000E+000  0.000000E+000  3.528800E+002  4.594024E+002  5.792882E+002  6.792936E-002
  7.200000E-002  3.025853E+002  4.508109E+002  0.000000E+000  0.000000E+000  3.025853E+002  4.508109E+002  5.429441E+002  7.112039E-002
  7.300000E-002  2.617238E+002  4.385202E+002  0.000000E+000  0.000000E+000  2.617238E+002  4.385202E+002  5.106851E+002  7.355085E-002
  7.400000E-002  2.303493E+002  4.226218E+002  0.000000E+000  0.000000E+000  2.303493E+002  4.226218E+002  4.813211E+002  7.520817E-002
  7.500000E-002  2.081290E+002  4.032532E+002  0.000000E+000  0.000000E+000  2.081290E+002  4.032532E+002  4.537960E+002  7.611357E-002
  7.600000E-002  1.943751E+002  3.806034E+002  0.000000E+000  0.000000E+000  1.943751E+002  3.806034E+002  4.273647E+002  7.628091E-002
  7.700000E-002  1.881307E+002  3.549050E+002  0.000000E+000  0.000000E+000  1.881307E+002  3.549050E+002  4.016848E+002  7.567728E-002
  7.800000E-002  1.882390E+002  3.264300E+002  0.000000E+000  0.000000E+000  1.882390E+002  3.264300E+002  3.768162E+002  7.419868E-002
  7.900000E-002  1.934288E+002  2.954869E+002  0.000000E+000  0.000000E+000  1.934288E+002  2.954869E+002  3.531674E+002  7.166215E-002
  8.000000E-002  2.023891E+002  2.624183E+002  0.000000E+000  0.000000E+000  2.023891E+002  2.624183E+002  3.313981E+002  6.782226E-002
  8.100000E-002  2.138385E+002  2.275974E+002  0.000000E+000  0.000000E+000  2.138385E+002  2.275974E+002  3.122939E+002  6.242050E-002
  8.200000E-002  2.265772E+002  1.914243E+002  0.000000E+000  0.000000E+000  2.265772E+002  1.914243E+002  2.966150E+002  5.527409E-002
  8.300000E-002  2.395262E+002  1.543217E+002  0.000000E+000  0.000000E+000  2.395262E+002  1.543217E+002  2.849350E+002  4.638649E-002
  8.400000E-002  2.517033E+002  1.167305E+002  0.000000E+000  0.000000E+000  2.517033E+002  1.167305E+002  2.774537E+002  3.603251E-002
  8.500000E-002  2.621489E+002  7.910773E+001  0.000000E+000  0.000000E+000  2.621489E+002  7.910773E+001  2.738249E+002  2.474189E-002
  8.600000E-002  2.692251E+002  4.195811E+001  0.000000E+000  0.000000E+000  2.692251E+002  4.195811E+001  2.724751E+002  1.318720E-002
  8.700000E-002  2.238158E+002  5.925958E+000  0.000000E+000  0.000000E+000  2.238158E+002  5.925958E+000  2.238943E+002  2.266248E-003
  8.720000E-002  0.000000E+000  0.000000E+000  0.000000E+000  0.000000E+000  0.000000E+000  0.000000E+000  0.000000E+000  0.000000E+000
