 FILE: 7segsprint.10
 
 *** Replace this line with a message to appear on all output files.
 
 
        T            METOR          MEACT         MECCANG      MECCANGVEL      MESECANG      MESECANGVEL       MFTOR          MFACT         MFCCANG      MFCCANGVEL      MFSECANG      MFSECANGVEL
       (S)           (N/M)         (UNITS)         (DEG)         (DEG/S)         (DEG)         (DEG/S)         (N/M)         (UNITS)         (DEG)         (DEG/S)         (DEG)         (DEG/S)
 
  0.000000E+000  0.000000E+000  9.617426E-001  0.000000E+000  0.000000E+000  0.000000E+000  0.000000E+000  0.000000E+000  6.782350E-001  0.000000E+000  0.000000E+000  0.000000E+000  0.000000E+000
  1.000000E-003  0.000000E+000  9.617426E-001  0.000000E+000  0.000000E+000  0.000000E+000  0.000000E+000  0.000000E+000  6.782350E-001  0.000000E+000  0.000000E+000  0.000000E+000  0.000000E+000
  2.000000E-003  0.000000E+000  9.617426E-001  0.000000E+000  0.000000E+000  0.000000E+000  0.000000E+000  0.000000E+000  6.782350E-001  0.000000E+000  0.000000E+000  0.000000E+000  0.000000E+000
  3.000000E-003  0.000000E+000  9.617426E-001  0.000000E+000  0.000000E+000  0.000000E+000  0.000000E+000  0.000000E+000  6.782350E-001  0.000000E+000  0.000000E+000  0.000000E+000  0.000000E+000
  4.000000E-003  0.000000E+000  9.617426E-001  0.000000E+000  0.000000E+000  0.000000E+000  0.000000E+000  0.000000E+000  6.782315E-001  0.000000E+000  0.000000E+000  0.000000E+000  0.000000E+000
  5.000000E-003  0.000000E+000  9.617426E-001  0.000000E+000  0.000000E+000  0.000000E+000  0.000000E+000  0.000000E+000  6.782078E-001  0.000000E+000  0.000000E+000  0.000000E+000  0.000000E+000
  6.000000E-003  0.000000E+000  9.617426E-001  0.000000E+000  0.000000E+000  0.000000E+000  0.000000E+000  0.000000E+000  6.781450E-001  0.000000E+000  0.000000E+000  0.000000E+000  0.000000E+000
  7.000000E-003  0.000000E+000  9.617426E-001  0.000000E+000  0.000000E+000  0.000000E+000  0.000000E+000  0.000000E+000  6.780251E-001  0.000000E+000  0.000000E+000  0.000000E+000  0.000000E+000
  8.000000E-003  0.000000E+000  9.617426E-001  0.000000E+000  0.000000E+000  0.000000E+000  0.000000E+000  0.000000E+000  6.778310E-001  0.000000E+000  0.000000E+000  0.000000E+000  0.000000E+000
  9.000000E-003  0.000000E+000  9.617426E-001  0.000000E+000  0.000000E+000  0.000000E+000  0.000000E+000  0.000000E+000  6.775464E-001  0.000000E+000  0.000000E+000  0.000000E+000  0.000000E+000
  1.000000E-002  0.000000E+000  9.617426E-001  0.000000E+000  0.000000E+000  0.000000E+000  0.000000E+000  0.000000E+000  6.771563E-001  0.000000E+000  0.000000E+000  0.000000E+000  0.000000E+000
  1.100000E-002  0.000000E+000  9.617426E-001  0.000000E+000  0.000000E+000  0.000000E+000  0.000000E+000  0.000000E+000  6.766461E-001  0.000000E+000  0.000000E+000  0.000000E+000  0.000000E+000
  1.200000E-002  0.000000E+000  9.617426E-001  0.000000E+000  0.000000E+000  0.000000E+000  0.000000E+000  0.000000E+000  6.760025E-001  0.000000E+000  0.000000E+000  0.000000E+000  0.000000E+000
  1.300000E-002  0.000000E+000  9.617426E-001  0.000000E+000  0.000000E+000  0.000000E+000  0.000000E+000  0.000000E+000  6.752127E-001  0.000000E+000  0.000000E+000  0.000000E+000  0.000000E+000
  1.400000E-002  0.000000E+000  9.617426E-001  0.000000E+000  0.000000E+000  0.000000E+000  0.000000E+000  0.000000E+000  6.742649E-001  0.000000E+000  0.000000E+000  0.000000E+000  0.000000E+000
  1.500000E-002  0.000000E+000  9.617426E-001  0.000000E+000  0.000000E+000  0.000000E+000  0.000000E+000  0.000000E+000  6.731483E-001  0.000000E+000  0.000000E+000  0.000000E+000  0.000000E+000
  1.600000E-002  0.000000E+000  9.617426E-001  0.000000E+000  0.000000E+000  0.000000E+000  0.000000E+000  0.000000E+000  6.718525E-001  0.000000E+000  0.000000E+000  0.000000E+000  0.000000E+000
  1.700000E-002  0.000000E+000  9.617426E-001  0.000000E+000  0.000000E+000  0.000000E+000  0.000000E+000  0.000000E+000  6.703683E-001  0.000000E+000  0.000000E+000  0.000000E+000  0.000000E+000
  1.800000E-002  0.000000E+000  9.617420E-001  0.000000E+000  0.000000E+000  0.000000E+000  0.000000E+000  0.000000E+000  6.686871E-001  0.000000E+000  0.000000E+000  0.000000E+000  0.000000E+000
  1.900000E-002  0.000000E+000  9.617392E-001  0.000000E+000  0.000000E+000  0.000000E+000  0.000000E+000  0.000000E+000  6.668010E-001  0.000000E+000  0.000000E+000  0.000000E+000  0.000000E+000
  2.000000E-002  0.000000E+000  9.617327E-001  0.000000E+000  0.000000E+000  0.000000E+000  0.000000E+000  0.000000E+000  6.647030E-001  0.000000E+000  0.000000E+000  0.000000E+000  0.000000E+000
  2.100000E-002  0.000000E+000  9.617210E-001  0.000000E+000  0.000000E+000  0.000000E+000  0.000000E+000  0.000000E+000  6.623867E-001  0.000000E+000  0.000000E+000  0.000000E+000  0.000000E+000
  2.200000E-002  0.000000E+000  9.617027E-001  0.000000E+000  0.000000E+000  0.000000E+000  0.000000E+000  0.000000E+000  6.598464E-001  0.000000E+000  0.000000E+000  0.000000E+000  0.000000E+000
  2.300000E-002  0.000000E+000  9.616763E-001  0.000000E+000  0.000000E+000  0.000000E+000  0.000000E+000  0.000000E+000  6.570773E-001  0.000000E+000  0.000000E+000  0.000000E+000  0.000000E+000
  2.400000E-002  0.000000E+000  9.616405E-001  0.000000E+000  0.000000E+000  0.000000E+000  0.000000E+000  0.000000E+000  6.540750E-001  0.000000E+000  0.000000E+000  0.000000E+000  0.000000E+000
  2.500000E-002  0.000000E+000  9.615939E-001  0.000000E+000  0.000000E+000  0.000000E+000  0.000000E+000  0.000000E+000  6.508360E-001  0.000000E+000  0.000000E+000  0.000000E+000  0.000000E+000
  2.600000E-002  0.000000E+000  9.615352E-001  0.000000E+000  0.000000E+000  0.000000E+000  0.000000E+000  0.000000E+000  6.473574E-001  0.000000E+000  0.000000E+000  0.000000E+000  0.000000E+000
  2.700000E-002  0.000000E+000  9.614631E-001  0.000000E+000  0.000000E+000  0.000000E+000  0.000000E+000  0.000000E+000  6.436368E-001  0.000000E+000  0.000000E+000  0.000000E+000  0.000000E+000
  2.800000E-002  0.000000E+000  9.613764E-001  0.000000E+000  0.000000E+000  0.000000E+000  0.000000E+000  0.000000E+000  6.396726E-001  0.000000E+000  0.000000E+000  0.000000E+000  0.000000E+000
  2.900000E-002  0.000000E+000  9.612738E-001  0.000000E+000  0.000000E+000  0.000000E+000  0.000000E+000  0.000000E+000  6.354637E-001  0.000000E+000  0.000000E+000  0.000000E+000  0.000000E+000
  3.000000E-002  0.000000E+000  9.611543E-001  0.000000E+000  0.000000E+000  0.000000E+000  0.000000E+000  0.000000E+000  6.310096E-001  0.000000E+000  0.000000E+000  0.000000E+000  0.000000E+000
  3.100000E-002  0.000000E+000  9.610165E-001  0.000000E+000  0.000000E+000  0.000000E+000  0.000000E+000  0.000000E+000  6.263104E-001  0.000000E+000  0.000000E+000  0.000000E+000  0.000000E+000
  3.200000E-002  0.000000E+000  9.608596E-001  0.000000E+000  0.000000E+000  0.000000E+000  0.000000E+000  0.000000E+000  6.213667E-001  0.000000E+000  0.000000E+000  0.000000E+000  0.000000E+000
  3.300000E-002  0.000000E+000  9.606823E-001  0.000000E+000  0.000000E+000  0.000000E+000  0.000000E+000  0.000000E+000  6.161798E-001  0.000000E+000  0.000000E+000  0.000000E+000  0.000000E+000
  3.400000E-002  0.000000E+000  9.604836E-001  0.000000E+000  0.000000E+000  0.000000E+000  0.000000E+000  0.000000E+000  6.107514E-001  0.000000E+000  0.000000E+000  0.000000E+000  0.000000E+000
  3.500000E-002  0.000000E+000  9.602626E-001  0.000000E+000  0.000000E+000  0.000000E+000  0.000000E+000  0.000000E+000  6.050836E-001  0.000000E+000  0.000000E+000  0.000000E+000  0.000000E+000
  3.600000E-002  0.000000E+000  9.600182E-001  0.000000E+000  0.000000E+000  0.000000E+000  0.000000E+000  0.000000E+000  5.991792E-001  0.000000E+000  0.000000E+000  0.000000E+000  0.000000E+000
  3.700000E-002  0.000000E+000  9.597495E-001  0.000000E+000  0.000000E+000  0.000000E+000  0.000000E+000  0.000000E+000  5.930414E-001  0.000000E+000  0.000000E+000  0.000000E+000  0.000000E+000
  3.800000E-002  0.000000E+000  9.594557E-001  0.000000E+000  0.000000E+000  0.000000E+000  0.000000E+000  0.000000E+000  5.866738E-001  0.000000E+000  0.000000E+000  0.000000E+000  0.000000E+000
  3.900000E-002  0.000000E+000  9.591358E-001  0.000000E+000  0.000000E+000  0.000000E+000  0.000000E+000  0.000000E+000  5.800806E-001  0.000000E+000  0.000000E+000  0.000000E+000  0.000000E+000
  4.000000E-002  0.000000E+000  9.587890E-001  0.000000E+000  0.000000E+000  0.000000E+000  0.000000E+000  0.000000E+000  5.732662E-001  0.000000E+000  0.000000E+000  0.000000E+000  0.000000E+000
  4.100000E-002  0.000000E+000  9.584144E-001  0.000000E+000  0.000000E+000  0.000000E+000  0.000000E+000  0.000000E+000  5.662357E-001  0.000000E+000  0.000000E+000  0.000000E+000  0.000000E+000
  4.200000E-002  0.000000E+000  9.580114E-001  0.000000E+000  0.000000E+000  0.000000E+000  0.000000E+000  0.000000E+000  5.589944E-001  0.000000E+000  0.000000E+000  0.000000E+000  0.000000E+000
  4.300000E-002  0.000000E+000  9.575791E-001  0.000000E+000  0.000000E+000  0.000000E+000  0.000000E+000  0.000000E+000  5.515480E-001  0.000000E+000  0.000000E+000  0.000000E+000  0.000000E+000
  4.400000E-002  0.000000E+000  9.571169E-001  0.000000E+000  0.000000E+000  0.000000E+000  0.000000E+000  0.000000E+000  5.439026E-001  0.000000E+000  0.000000E+000  0.000000E+000  0.000000E+000
  4.500000E-002  0.000000E+000  9.566240E-001  0.000000E+000  0.000000E+000  0.000000E+000  0.000000E+000  0.000000E+000  5.360647E-001  0.000000E+000  0.000000E+000  0.000000E+000  0.000000E+000
  4.600000E-002  0.000000E+000  9.560998E-001  0.000000E+000  0.000000E+000  0.000000E+000  0.000000E+000  0.000000E+000  5.280411E-001  0.000000E+000  0.000000E+000  0.000000E+000  0.000000E+000
  4.700000E-002  0.000000E+000  9.555437E-001  0.000000E+000  0.000000E+000  0.000000E+000  0.000000E+000  0.000000E+000  5.198389E-001  0.000000E+000  0.000000E+000  0.000000E+000  0.000000E+000
  4.800000E-002  0.000000E+000  9.549550E-001  0.000000E+000  0.000000E+000  0.000000E+000  0.000000E+000  0.000000E+000  5.114654E-001  0.000000E+000  0.000000E+000  0.000000E+000  0.000000E+000
  4.900000E-002  0.000000E+000  9.543332E-001  0.000000E+000  0.000000E+000  0.000000E+000  0.000000E+000  0.000000E+000  5.029285E-001  0.000000E+000  0.000000E+000  0.000000E+000  0.000000E+000
  5.000000E-002  0.000000E+000  9.536777E-001  0.000000E+000  0.000000E+000  0.000000E+000  0.000000E+000  0.000000E+000  4.942361E-001  0.000000E+000  0.000000E+000  0.000000E+000  0.000000E+000
  5.100000E-002  0.000000E+000  9.529881E-001  0.000000E+000  0.000000E+000  0.000000E+000  0.000000E+000  0.000000E+000  4.853964E-001  0.000000E+000  0.000000E+000  0.000000E+000  0.000000E+000
  5.200000E-002  0.000000E+000  9.522638E-001  0.000000E+000  0.000000E+000  0.000000E+000  0.000000E+000  0.000000E+000  4.764179E-001  0.000000E+000  0.000000E+000  0.000000E+000  0.000000E+000
  5.300000E-002  0.000000E+000  9.515043E-001  0.000000E+000  0.000000E+000  0.000000E+000  0.000000E+000  0.000000E+000  4.673093E-001  0.000000E+000  0.000000E+000  0.000000E+000  0.000000E+000
  5.400000E-002  0.000000E+000  9.507094E-001  0.000000E+000  0.000000E+000  0.000000E+000  0.000000E+000  0.000000E+000  4.580795E-001  0.000000E+000  0.000000E+000  0.000000E+000  0.000000E+000
  5.500000E-002  0.000000E+000  9.498784E-001  0.000000E+000  0.000000E+000  0.000000E+000  0.000000E+000  0.000000E+000  4.487377E-001  0.000000E+000  0.000000E+000  0.000000E+000  0.000000E+000
  5.600000E-002  0.000000E+000  9.490112E-001  0.000000E+000  0.000000E+000  0.000000E+000  0.000000E+000  0.000000E+000  4.392931E-001  0.000000E+000  0.000000E+000  0.000000E+000  0.000000E+000
  5.700000E-002  0.000000E+000  9.481072E-001  0.000000E+000  0.000000E+000  0.000000E+000  0.000000E+000  0.000000E+000  4.297552E-001  0.000000E+000  0.000000E+000  0.000000E+000  0.000000E+000
  5.800000E-002  0.000000E+000  9.471663E-001  0.000000E+000  0.000000E+000  0.000000E+000  0.000000E+000  0.000000E+000  4.201336E-001  0.000000E+000  0.000000E+000  0.000000E+000  0.000000E+000
  5.900000E-002  0.000000E+000  9.461880E-001  0.000000E+000  0.000000E+000  0.000000E+000  0.000000E+000  0.000000E+000  4.104380E-001  0.000000E+000  0.000000E+000  0.000000E+000  0.000000E+000
  6.000000E-002  0.000000E+000  9.451721E-001  0.000000E+000  0.000000E+000  0.000000E+000  0.000000E+000  0.000000E+000  4.006783E-001  0.000000E+000  0.000000E+000  0.000000E+000  0.000000E+000
  6.100000E-002  0.000000E+000  9.441185E-001  0.000000E+000  0.000000E+000  0.000000E+000  0.000000E+000  0.000000E+000  3.908644E-001  0.000000E+000  0.000000E+000  0.000000E+000  0.000000E+000
  6.200000E-002  0.000000E+000  9.430267E-001  0.000000E+000  0.000000E+000  0.000000E+000  0.000000E+000  0.000000E+000  3.810063E-001  0.000000E+000  0.000000E+000  0.000000E+000  0.000000E+000
  6.300000E-002  0.000000E+000  9.418968E-001  0.000000E+000  0.000000E+000  0.000000E+000  0.000000E+000  0.000000E+000  3.711142E-001  0.000000E+000  0.000000E+000  0.000000E+000  0.000000E+000
  6.400000E-002  0.000000E+000  9.407283E-001  0.000000E+000  0.000000E+000  0.000000E+000  0.000000E+000  0.000000E+000  3.611981E-001  0.000000E+000  0.000000E+000  0.000000E+000  0.000000E+000
  6.500000E-002  0.000000E+000  9.395214E-001  0.000000E+000  0.000000E+000  0.000000E+000  0.000000E+000  0.000000E+000  3.512684E-001  0.000000E+000  0.000000E+000  0.000000E+000  0.000000E+000
  6.600000E-002  0.000000E+000  9.382757E-001  0.000000E+000  0.000000E+000  0.000000E+000  0.000000E+000  0.000000E+000  3.413352E-001  0.000000E+000  0.000000E+000  0.000000E+000  0.000000E+000
  6.700000E-002  0.000000E+000  9.369912E-001  0.000000E+000  0.000000E+000  0.000000E+000  0.000000E+000  0.000000E+000  3.314087E-001  0.000000E+000  0.000000E+000  0.000000E+000  0.000000E+000
  6.800000E-002  0.000000E+000  9.356678E-001  0.000000E+000  0.000000E+000  0.000000E+000  0.000000E+000  0.000000E+000  3.214991E-001  0.000000E+000  0.000000E+000  0.000000E+000  0.000000E+000
  6.900000E-002  0.000000E+000  9.343055E-001  0.000000E+000  0.000000E+000  0.000000E+000  0.000000E+000  0.000000E+000  3.116166E-001  0.000000E+000  0.000000E+000  0.000000E+000  0.000000E+000
  7.000000E-002  0.000000E+000  9.329043E-001  0.000000E+000  0.000000E+000  0.000000E+000  0.000000E+000  0.000000E+000  3.017713E-001  0.000000E+000  0.000000E+000  0.000000E+000  0.000000E+000
  7.100000E-002  0.000000E+000  9.314640E-001  0.000000E+000  0.000000E+000  0.000000E+000  0.000000E+000  0.000000E+000  2.919734E-001  0.000000E+000  0.000000E+000  0.000000E+000  0.000000E+000
  7.200000E-002  0.000000E+000  9.299848E-001  0.000000E+000  0.000000E+000  0.000000E+000  0.000000E+000  0.000000E+000  2.822328E-001  0.000000E+000  0.000000E+000  0.000000E+000  0.000000E+000
  7.300000E-002  0.000000E+000  9.284666E-001  0.000000E+000  0.000000E+000  0.000000E+000  0.000000E+000  0.000000E+000  2.725594E-001  0.000000E+000  0.000000E+000  0.000000E+000  0.000000E+000
  7.400000E-002  0.000000E+000  9.269096E-001  0.000000E+000  0.000000E+000  0.000000E+000  0.000000E+000  0.000000E+000  2.629631E-001  0.000000E+000  0.000000E+000  0.000000E+000  0.000000E+000
  7.500000E-002  0.000000E+000  9.253137E-001  0.000000E+000  0.000000E+000  0.000000E+000  0.000000E+000  0.000000E+000  2.534536E-001  0.000000E+000  0.000000E+000  0.000000E+000  0.000000E+000
  7.600000E-002  0.000000E+000  9.236791E-001  0.000000E+000  0.000000E+000  0.000000E+000  0.000000E+000  0.000000E+000  2.440404E-001  0.000000E+000  0.000000E+000  0.000000E+000  0.000000E+000
  7.700000E-002  0.000000E+000  9.220059E-001  0.000000E+000  0.000000E+000  0.000000E+000  0.000000E+000  0.000000E+000  2.347329E-001  0.000000E+000  0.000000E+000  0.000000E+000  0.000000E+000
  7.800000E-002  0.000000E+000  9.202943E-001  0.000000E+000  0.000000E+000  0.000000E+000  0.000000E+000  0.000000E+000  2.255403E-001  0.000000E+000  0.000000E+000  0.000000E+000  0.000000E+000
  7.900000E-002  0.000000E+000  9.185444E-001  0.000000E+000  0.000000E+000  0.000000E+000  0.000000E+000  0.000000E+000  2.164717E-001  0.000000E+000  0.000000E+000  0.000000E+000  0.000000E+000
  8.000000E-002  0.000000E+000  9.167563E-001  0.000000E+000  0.000000E+000  0.000000E+000  0.000000E+000  0.000000E+000  2.075360E-001  0.000000E+000  0.000000E+000  0.000000E+000  0.000000E+000
  8.100000E-002  0.000000E+000  9.149303E-001  0.000000E+000  0.000000E+000  0.000000E+000  0.000000E+000  0.000000E+000  1.987418E-001  0.000000E+000  0.000000E+000  0.000000E+000  0.000000E+000
  8.200000E-002  0.000000E+000  9.130666E-001  0.000000E+000  0.000000E+000  0.000000E+000  0.000000E+000  0.000000E+000  1.900974E-001  0.000000E+000  0.000000E+000  0.000000E+000  0.000000E+000
  8.300000E-002  0.000000E+000  9.111654E-001  0.000000E+000  0.000000E+000  0.000000E+000  0.000000E+000  0.000000E+000  1.816112E-001  0.000000E+000  0.000000E+000  0.000000E+000  0.000000E+000
  8.400000E-002  0.000000E+000  9.092269E-001  0.000000E+000  0.000000E+000  0.000000E+000  0.000000E+000  0.000000E+000  1.732908E-001  0.000000E+000  0.000000E+000  0.000000E+000  0.000000E+000
  8.500000E-002  0.000000E+000  9.072515E-001  0.000000E+000  0.000000E+000  0.000000E+000  0.000000E+000  0.000000E+000  1.651441E-001  0.000000E+000  0.000000E+000  0.000000E+000  0.000000E+000
  8.600000E-002  0.000000E+000  9.052394E-001  0.000000E+000  0.000000E+000  0.000000E+000  0.000000E+000  0.000000E+000  1.571782E-001  0.000000E+000  0.000000E+000  0.000000E+000  0.000000E+000
  8.700000E-002  0.000000E+000  9.031909E-001  0.000000E+000  0.000000E+000  0.000000E+000  0.000000E+000  0.000000E+000  1.494002E-001  0.000000E+000  0.000000E+000  0.000000E+000  0.000000E+000
  8.800000E-002  0.000000E+000  9.011064E-001  0.000000E+000  0.000000E+000  0.000000E+000  0.000000E+000  0.000000E+000  1.418168E-001  0.000000E+000  0.000000E+000  0.000000E+000  0.000000E+000
  8.900000E-002  0.000000E+000  8.989862E-001  0.000000E+000  0.000000E+000  0.000000E+000  0.000000E+000  0.000000E+000  1.344344E-001  0.000000E+000  0.000000E+000  0.000000E+000  0.000000E+000
  9.000000E-002  0.000000E+000  8.968306E-001  0.000000E+000  0.000000E+000  0.000000E+000  0.000000E+000  0.000000E+000  1.272588E-001  0.000000E+000  0.000000E+000  0.000000E+000  0.000000E+000
  9.100000E-002  0.000000E+000  8.946400E-001  0.000000E+000  0.000000E+000  0.000000E+000  0.000000E+000  0.000000E+000  1.202958E-001  0.000000E+000  0.000000E+000  0.000000E+000  0.000000E+000
  9.200000E-002  0.000000E+000  8.924148E-001  0.000000E+000  0.000000E+000  0.000000E+000  0.000000E+000  0.000000E+000  1.135506E-001  0.000000E+000  0.000000E+000  0.000000E+000  0.000000E+000
  9.300000E-002  0.000000E+000  8.901554E-001  0.000000E+000  0.000000E+000  0.000000E+000  0.000000E+000  0.000000E+000  1.070280E-001  0.000000E+000  0.000000E+000  0.000000E+000  0.000000E+000
  9.400000E-002  0.000000E+000  8.878623E-001  0.000000E+000  0.000000E+000  0.000000E+000  0.000000E+000  0.000000E+000  1.007324E-001  0.000000E+000  0.000000E+000  0.000000E+000  0.000000E+000
  9.500000E-002  0.000000E+000  8.855358E-001  0.000000E+000  0.000000E+000  0.000000E+000  0.000000E+000  0.000000E+000  9.466769E-002  0.000000E+000  0.000000E+000  0.000000E+000  0.000000E+000
  9.600000E-002  0.000000E+000  8.831764E-001  0.000000E+000  0.000000E+000  0.000000E+000  0.000000E+000  0.000000E+000  8.883749E-002  0.000000E+000  0.000000E+000  0.000000E+000  0.000000E+000
  9.700000E-002  0.000000E+000  8.807845E-001  0.000000E+000  0.000000E+000  0.000000E+000  0.000000E+000  0.000000E+000  8.324481E-002  0.000000E+000  0.000000E+000  0.000000E+000  0.000000E+000
  9.800000E-002  0.000000E+000  8.783608E-001  0.000000E+000  0.000000E+000  0.000000E+000  0.000000E+000  0.000000E+000  7.789221E-002  0.000000E+000  0.000000E+000  0.000000E+000  0.000000E+000
  9.900000E-002  0.000000E+000  8.759055E-001  0.000000E+000  0.000000E+000  0.000000E+000  0.000000E+000  0.000000E+000  7.278175E-002  0.000000E+000  0.000000E+000  0.000000E+000  0.000000E+000
  1.000000E-001  0.000000E+000  8.734193E-001  0.000000E+000  0.000000E+000  0.000000E+000  0.000000E+000  0.000000E+000  6.791500E-002  0.000000E+000  0.000000E+000  0.000000E+000  0.000000E+000
  1.010000E-001  0.000000E+000  8.709026E-001  0.000000E+000  0.000000E+000  0.000000E+000  0.000000E+000  0.000000E+000  6.329295E-002  0.000000E+000  0.000000E+000  0.000000E+000  0.000000E+000
  1.020000E-001  0.000000E+000  8.683560E-001  0.000000E+000  0.000000E+000  0.000000E+000  0.000000E+000  0.000000E+000  5.891609E-002  0.000000E+000  0.000000E+000  0.000000E+000  0.000000E+000
  1.030000E-001  0.000000E+000  8.657801E-001  0.000000E+000  0.000000E+000  0.000000E+000  0.000000E+000  0.000000E+000  5.478433E-002  0.000000E+000  0.000000E+000  0.000000E+000  0.000000E+000
  1.040000E-001  0.000000E+000  8.631753E-001  0.000000E+000  0.000000E+000  0.000000E+000  0.000000E+000  0.000000E+000  5.089699E-002  0.000000E+000  0.000000E+000  0.000000E+000  0.000000E+000
  1.050000E-001  0.000000E+000  8.605423E-001  0.000000E+000  0.000000E+000  0.000000E+000  0.000000E+000  0.000000E+000  4.725282E-002  0.000000E+000  0.000000E+000  0.000000E+000  0.000000E+000
  1.060000E-001  0.000000E+000  8.578817E-001  0.000000E+000  0.000000E+000  0.000000E+000  0.000000E+000  0.000000E+000  4.384994E-002  0.000000E+000  0.000000E+000  0.000000E+000  0.000000E+000
  1.070000E-001  0.000000E+000  8.551939E-001  0.000000E+000  0.000000E+000  0.000000E+000  0.000000E+000  0.000000E+000  4.068586E-002  0.000000E+000  0.000000E+000  0.000000E+000  0.000000E+000
  1.080000E-001  0.000000E+000  8.524797E-001  0.000000E+000  0.000000E+000  0.000000E+000  0.000000E+000  0.000000E+000  3.775743E-002  0.000000E+000  0.000000E+000  0.000000E+000  0.000000E+000
  1.090000E-001  0.000000E+000  8.497396E-001  0.000000E+000  0.000000E+000  0.000000E+000  0.000000E+000  0.000000E+000  3.506086E-002  0.000000E+000  0.000000E+000  0.000000E+000  0.000000E+000
  1.100000E-001  0.000000E+000  8.469743E-001  0.000000E+000  0.000000E+000  0.000000E+000  0.000000E+000  0.000000E+000  3.259169E-002  0.000000E+000  0.000000E+000  0.000000E+000  0.000000E+000
  1.110000E-001  0.000000E+000  8.441843E-001  0.000000E+000  0.000000E+000  0.000000E+000  0.000000E+000  0.000000E+000  3.034475E-002  0.000000E+000  0.000000E+000  0.000000E+000  0.000000E+000
  1.120000E-001  0.000000E+000  8.413705E-001  0.000000E+000  0.000000E+000  0.000000E+000  0.000000E+000  0.000000E+000  2.831420E-002  0.000000E+000  0.000000E+000  0.000000E+000  0.000000E+000
  1.130000E-001  0.000000E+000  8.385333E-001  0.000000E+000  0.000000E+000  0.000000E+000  0.000000E+000  0.000000E+000  2.649344E-002  0.000000E+000  0.000000E+000  0.000000E+000  0.000000E+000
  1.140000E-001  0.000000E+000  8.356734E-001  0.000000E+000  0.000000E+000  0.000000E+000  0.000000E+000  0.000000E+000  2.487516E-002  0.000000E+000  0.000000E+000  0.000000E+000  0.000000E+000
  1.150000E-001  0.000000E+000  8.327916E-001  0.000000E+000  0.000000E+000  0.000000E+000  0.000000E+000  0.000000E+000  2.345129E-002  0.000000E+000  0.000000E+000  0.000000E+000  0.000000E+000
  1.160000E-001  0.000000E+000  8.298885E-001  0.000000E+000  0.000000E+000  0.000000E+000  0.000000E+000  0.000000E+000  2.221301E-002  0.000000E+000  0.000000E+000  0.000000E+000  0.000000E+000
  1.170000E-001  0.000000E+000  8.269647E-001  0.000000E+000  0.000000E+000  0.000000E+000  0.000000E+000  0.000000E+000  2.115068E-002  0.000000E+000  0.000000E+000  0.000000E+000  0.000000E+000
  1.180000E-001  0.000000E+000  8.240211E-001  0.000000E+000  0.000000E+000  0.000000E+000  0.000000E+000  0.000000E+000  2.025390E-002  0.000000E+000  0.000000E+000  0.000000E+000  0.000000E+000
  1.190000E-001  0.000000E+000  8.210583E-001  0.000000E+000  0.000000E+000  0.000000E+000  0.000000E+000  0.000000E+000  1.951143E-002  0.000000E+000  0.000000E+000  0.000000E+000  0.000000E+000
  1.200000E-001  0.000000E+000  8.180770E-001  0.000000E+000  0.000000E+000  0.000000E+000  0.000000E+000  0.000000E+000  1.891122E-002  0.000000E+000  0.000000E+000  0.000000E+000  0.000000E+000
  1.210000E-001  0.000000E+000  8.150779E-001  0.000000E+000  0.000000E+000  0.000000E+000  0.000000E+000  0.000000E+000  1.844034E-002  0.000000E+000  0.000000E+000  0.000000E+000  0.000000E+000
  1.220000E-001  0.000000E+000  8.120617E-001  0.000000E+000  0.000000E+000  0.000000E+000  0.000000E+000  0.000000E+000  1.808505E-002  0.000000E+000  0.000000E+000  0.000000E+000  0.000000E+000
  1.230000E-001  0.000000E+000  8.090292E-001  0.000000E+000  0.000000E+000  0.000000E+000  0.000000E+000  0.000000E+000  1.783068E-002  0.000000E+000  0.000000E+000  0.000000E+000  0.000000E+000
  1.240000E-001  0.000000E+000  8.059812E-001  0.000000E+000  0.000000E+000  0.000000E+000  0.000000E+000  0.000000E+000  1.766170E-002  0.000000E+000  0.000000E+000  0.000000E+000  0.000000E+000
  1.250000E-001  0.000000E+000  8.029184E-001  0.000000E+000  0.000000E+000  0.000000E+000  0.000000E+000  0.000000E+000  1.756166E-002  0.000000E+000  0.000000E+000  0.000000E+000  0.000000E+000
  1.260000E-001  0.000000E+000  7.998414E-001  0.000000E+000  0.000000E+000  0.000000E+000  0.000000E+000  0.000000E+000  1.751319E-002  0.000000E+000  0.000000E+000  0.000000E+000  0.000000E+000
  1.270000E-001  0.000000E+000  7.967511E-001  0.000000E+000  0.000000E+000  0.000000E+000  0.000000E+000  0.000000E+000  1.749796E-002  0.000000E+000  0.000000E+000  0.000000E+000  0.000000E+000
  1.280000E-001  0.000000E+000  7.936483E-001  0.000000E+000  0.000000E+000  0.000000E+000  0.000000E+000  0.000000E+000  1.749680E-002  0.000000E+000  0.000000E+000  0.000000E+000  0.000000E+000
  1.290000E-001  0.000000E+000  7.905337E-001  0.000000E+000  0.000000E+000  0.000000E+000  0.000000E+000  0.000000E+000  1.749680E-002  0.000000E+000  0.000000E+000  0.000000E+000  0.000000E+000
  1.300000E-001  0.000000E+000  7.874080E-001  0.000000E+000  0.000000E+000  0.000000E+000  0.000000E+000  0.000000E+000  1.749680E-002  0.000000E+000  0.000000E+000  0.000000E+000  0.000000E+000
  1.310000E-001  0.000000E+000  7.842722E-001  0.000000E+000  0.000000E+000  0.000000E+000  0.000000E+000  0.000000E+000  1.749680E-002  0.000000E+000  0.000000E+000  0.000000E+000  0.000000E+000
  1.320000E-001  0.000000E+000  7.811268E-001  0.000000E+000  0.000000E+000  0.000000E+000  0.000000E+000  0.000000E+000  1.749680E-002  0.000000E+000  0.000000E+000  0.000000E+000  0.000000E+000
  1.330000E-001  0.000000E+000  7.779727E-001  0.000000E+000  0.000000E+000  0.000000E+000  0.000000E+000  0.000000E+000  1.749680E-002  0.000000E+000  0.000000E+000  0.000000E+000  0.000000E+000
  1.340000E-001  0.000000E+000  7.748108E-001  0.000000E+000  0.000000E+000  0.000000E+000  0.000000E+000  0.000000E+000  1.749680E-002  0.000000E+000  0.000000E+000  0.000000E+000  0.000000E+000
  1.350000E-001  0.000000E+000  7.716417E-001  0.000000E+000  0.000000E+000  0.000000E+000  0.000000E+000  0.000000E+000  1.749680E-002  0.000000E+000  0.000000E+000  0.000000E+000  0.000000E+000
  1.360000E-001  0.000000E+000  7.684663E-001  0.000000E+000  0.000000E+000  0.000000E+000  0.000000E+000  0.000000E+000  1.749680E-002  0.000000E+000  0.000000E+000  0.000000E+000  0.000000E+000
  1.370000E-001  0.000000E+000  7.652854E-001  0.000000E+000  0.000000E+000  0.000000E+000  0.000000E+000  0.000000E+000  1.749680E-002  0.000000E+000  0.000000E+000  0.000000E+000  0.000000E+000
  1.380000E-001  0.000000E+000  7.620998E-001  0.000000E+000  0.000000E+000  0.000000E+000  0.000000E+000  0.000000E+000  1.749680E-002  0.000000E+000  0.000000E+000  0.000000E+000  0.000000E+000
  1.390000E-001  0.000000E+000  7.589102E-001  0.000000E+000  0.000000E+000  0.000000E+000  0.000000E+000  0.000000E+000  1.749680E-002  0.000000E+000  0.000000E+000  0.000000E+000  0.000000E+000
  1.400000E-001  0.000000E+000  7.557174E-001  0.000000E+000  0.000000E+000  0.000000E+000  0.000000E+000  0.000000E+000  1.749680E-002  0.000000E+000  0.000000E+000  0.000000E+000  0.000000E+000
  1.410000E-001  0.000000E+000  7.525224E-001  0.000000E+000  0.000000E+000  0.000000E+000  0.000000E+000  0.000000E+000  1.749680E-002  0.000000E+000  0.000000E+000  0.000000E+000  0.000000E+000
  1.420000E-001  0.000000E+000  7.493258E-001  0.000000E+000  0.000000E+000  0.000000E+000  0.000000E+000  0.000000E+000  1.749680E-002  0.000000E+000  0.000000E+000  0.000000E+000  0.000000E+000
  1.430000E-001  0.000000E+000  7.461285E-001  0.000000E+000  0.000000E+000  0.000000E+000  0.000000E+000  0.000000E+000  1.749680E-002  0.000000E+000  0.000000E+000  0.000000E+000  0.000000E+000
  1.440000E-001  0.000000E+000  7.429312E-001  0.000000E+000  0.000000E+000  0.000000E+000  0.000000E+000  0.000000E+000  1.749680E-002  0.000000E+000  0.000000E+000  0.000000E+000  0.000000E+000
  1.450000E-001  0.000000E+000  7.397348E-001  0.000000E+000  0.000000E+000  0.000000E+000  0.000000E+000  0.000000E+000  1.749680E-002  0.000000E+000  0.000000E+000  0.000000E+000  0.000000E+000
  1.460000E-001  0.000000E+000  7.365401E-001  0.000000E+000  0.000000E+000  0.000000E+000  0.000000E+000  0.000000E+000  1.749680E-002  0.000000E+000  0.000000E+000  0.000000E+000  0.000000E+000
  1.470000E-001  0.000000E+000  7.333479E-001  0.000000E+000  0.000000E+000  0.000000E+000  0.000000E+000  0.000000E+000  1.749680E-002  0.000000E+000  0.000000E+000  0.000000E+000  0.000000E+000
  1.480000E-001  0.000000E+000  7.301589E-001  0.000000E+000  0.000000E+000  0.000000E+000  0.000000E+000  0.000000E+000  1.749680E-002  0.000000E+000  0.000000E+000  0.000000E+000  0.000000E+000
  1.490000E-001  0.000000E+000  7.269740E-001  0.000000E+000  0.000000E+000  0.000000E+000  0.000000E+000  0.000000E+000  1.749680E-002  0.000000E+000  0.000000E+000  0.000000E+000  0.000000E+000
  1.500000E-001  0.000000E+000  7.237940E-001  0.000000E+000  0.000000E+000  0.000000E+000  0.000000E+000  0.000000E+000  1.749680E-002  0.000000E+000  0.000000E+000  0.000000E+000  0.000000E+000
  1.510000E-001  0.000000E+000  7.206196E-001  0.000000E+000  0.000000E+000  0.000000E+000  0.000000E+000  0.000000E+000  1.749680E-002  0.000000E+000  0.000000E+000  0.000000E+000  0.000000E+000
  1.520000E-001  0.000000E+000  7.174517E-001  0.000000E+000  0.000000E+000  0.000000E+000  0.000000E+000  0.000000E+000  1.749680E-002  0.000000E+000  0.000000E+000  0.000000E+000  0.000000E+000
  1.530000E-001  0.000000E+000  7.142911E-001  0.000000E+000  0.000000E+000  0.000000E+000  0.000000E+000  0.000000E+000  1.749680E-002  0.000000E+000  0.000000E+000  0.000000E+000  0.000000E+000
  1.540000E-001  0.000000E+000  7.111385E-001  0.000000E+000  0.000000E+000  0.000000E+000  0.000000E+000  0.000000E+000  1.749680E-002  0.000000E+000  0.000000E+000  0.000000E+000  0.000000E+000
  1.550000E-001  0.000000E+000  7.079947E-001  0.000000E+000  0.000000E+000  0.000000E+000  0.000000E+000  0.000000E+000  1.749680E-002  0.000000E+000  0.000000E+000  0.000000E+000  0.000000E+000
  1.560000E-001  0.000000E+000  7.048605E-001  0.000000E+000  0.000000E+000  0.000000E+000  0.000000E+000  0.000000E+000  1.749680E-002  0.000000E+000  0.000000E+000  0.000000E+000  0.000000E+000
  1.570000E-001  0.000000E+000  7.017367E-001  0.000000E+000  0.000000E+000  0.000000E+000  0.000000E+000  0.000000E+000  1.749680E-002  0.000000E+000  0.000000E+000  0.000000E+000  0.000000E+000
  1.580000E-001  0.000000E+000  6.986241E-001  0.000000E+000  0.000000E+000  0.000000E+000  0.000000E+000  0.000000E+000  1.749680E-002  0.000000E+000  0.000000E+000  0.000000E+000  0.000000E+000
  1.590000E-001  0.000000E+000  6.955233E-001  0.000000E+000  0.000000E+000  0.000000E+000  0.000000E+000  0.000000E+000  1.749680E-002  0.000000E+000  0.000000E+000  0.000000E+000  0.000000E+000
  1.600000E-001  0.000000E+000  6.924353E-001  0.000000E+000  0.000000E+000  0.000000E+000  0.000000E+000  0.000000E+000  1.749680E-002  0.000000E+000  0.000000E+000  0.000000E+000  0.000000E+000
  1.610000E-001  0.000000E+000  6.893608E-001  0.000000E+000  0.000000E+000  0.000000E+000  0.000000E+000  0.000000E+000  1.749680E-002  0.000000E+000  0.000000E+000  0.000000E+000  0.000000E+000
  1.620000E-001  0.000000E+000  6.863004E-001  0.000000E+000  0.000000E+000  0.000000E+000  0.000000E+000  0.000000E+000  1.749680E-002  0.000000E+000  0.000000E+000  0.000000E+000  0.000000E+000
  1.630000E-001  0.000000E+000  6.832550E-001  0.000000E+000  0.000000E+000  0.000000E+000  0.000000E+000  0.000000E+000  1.749680E-002  0.000000E+000  0.000000E+000  0.000000E+000  0.000000E+000
  1.640000E-001  0.000000E+000  6.802253E-001  0.000000E+000  0.000000E+000  0.000000E+000  0.000000E+000  0.000000E+000  1.749680E-002  0.000000E+000  0.000000E+000  0.000000E+000  0.000000E+000
  1.650000E-001  0.000000E+000  6.772120E-001  0.000000E+000  0.000000E+000  0.000000E+000  0.000000E+000  0.000000E+000  1.749680E-002  0.000000E+000  0.000000E+000  0.000000E+000  0.000000E+000
  1.660000E-001  0.000000E+000  6.742160E-001  0.000000E+000  0.000000E+000  0.000000E+000  0.000000E+000  0.000000E+000  1.749680E-002  0.000000E+000  0.000000E+000  0.000000E+000  0.000000E+000
  1.670000E-001  0.000000E+000  6.712378E-001  0.000000E+000  0.000000E+000  0.000000E+000  0.000000E+000  0.000000E+000  1.749680E-002  0.000000E+000  0.000000E+000  0.000000E+000  0.000000E+000
  1.680000E-001  0.000000E+000  6.682782E-001  0.000000E+000  0.000000E+000  0.000000E+000  0.000000E+000  0.000000E+000  1.749680E-002  0.000000E+000  0.000000E+000  0.000000E+000  0.000000E+000
  1.690000E-001  0.000000E+000  6.653380E-001  0.000000E+000  0.000000E+000  0.000000E+000  0.000000E+000  0.000000E+000  1.749680E-002  0.000000E+000  0.000000E+000  0.000000E+000  0.000000E+000
  1.700000E-001  0.000000E+000  6.624177E-001  0.000000E+000  0.000000E+000  0.000000E+000  0.000000E+000  0.000000E+000  1.749680E-002  0.000000E+000  0.000000E+000  0.000000E+000  0.000000E+000
  1.710000E-001  0.000000E+000  6.595182E-001  0.000000E+000  0.000000E+000  0.000000E+000  0.000000E+000  0.000000E+000  1.749680E-002  0.000000E+000  0.000000E+000  0.000000E+000  0.000000E+000
  1.720000E-001  0.000000E+000  6.566402E-001  0.000000E+000  0.000000E+000  0.000000E+000  0.000000E+000  0.000000E+000  1.749680E-002  0.000000E+000  0.000000E+000  0.000000E+000  0.000000E+000
  1.730000E-001  0.000000E+000  6.537842E-001  0.000000E+000  0.000000E+000  0.000000E+000  0.000000E+000  0.000000E+000  1.749680E-002  0.000000E+000  0.000000E+000  0.000000E+000  0.000000E+000
  1.740000E-001  0.000000E+000  6.509510E-001  0.000000E+000  0.000000E+000  0.000000E+000  0.000000E+000  0.000000E+000  1.749680E-002  0.000000E+000  0.000000E+000  0.000000E+000  0.000000E+000
  1.750000E-001  0.000000E+000  6.481411E-001  0.000000E+000  0.000000E+000  0.000000E+000  0.000000E+000  0.000000E+000  1.749680E-002  0.000000E+000  0.000000E+000  0.000000E+000  0.000000E+000
  1.760000E-001  0.000000E+000  6.453554E-001  0.000000E+000  0.000000E+000  0.000000E+000  0.000000E+000  0.000000E+000  1.749680E-002  0.000000E+000  0.000000E+000  0.000000E+000  0.000000E+000
  1.770000E-001  0.000000E+000  6.425944E-001  0.000000E+000  0.000000E+000  0.000000E+000  0.000000E+000  0.000000E+000  1.749680E-002  0.000000E+000  0.000000E+000  0.000000E+000  0.000000E+000
  1.780000E-001  0.000000E+000  6.398587E-001  0.000000E+000  0.000000E+000  0.000000E+000  0.000000E+000  0.000000E+000  1.749682E-002  0.000000E+000  0.000000E+000  0.000000E+000  0.000000E+000
  1.790000E-001  0.000000E+000  6.371490E-001  0.000000E+000  0.000000E+000  0.000000E+000  0.000000E+000  0.000000E+000  1.749718E-002  0.000000E+000  0.000000E+000  0.000000E+000  0.000000E+000
  1.800000E-001  0.000000E+000  6.344659E-001  0.000000E+000  0.000000E+000  0.000000E+000  0.000000E+000  0.000000E+000  1.749848E-002  0.000000E+000  0.000000E+000  0.000000E+000  0.000000E+000
  1.810000E-001  0.000000E+000  6.318100E-001  0.000000E+000  0.000000E+000  0.000000E+000  0.000000E+000  0.000000E+000  1.750131E-002  0.000000E+000  0.000000E+000  0.000000E+000  0.000000E+000
  1.820000E-001  0.000000E+000  6.291818E-001  0.000000E+000  0.000000E+000  0.000000E+000  0.000000E+000  0.000000E+000  1.750624E-002  0.000000E+000  0.000000E+000  0.000000E+000  0.000000E+000
  1.830000E-001  0.000000E+000  6.265820E-001  0.000000E+000  0.000000E+000  0.000000E+000  0.000000E+000  0.000000E+000  1.751382E-002  0.000000E+000  0.000000E+000  0.000000E+000  0.000000E+000
  1.840000E-001  0.000000E+000  6.240110E-001  0.000000E+000  0.000000E+000  0.000000E+000  0.000000E+000  0.000000E+000  1.752458E-002  0.000000E+000  0.000000E+000  0.000000E+000  0.000000E+000
  1.850000E-001  0.000000E+000  6.214696E-001  0.000000E+000  0.000000E+000  0.000000E+000  0.000000E+000  0.000000E+000  1.753904E-002  0.000000E+000  0.000000E+000  0.000000E+000  0.000000E+000
  1.860000E-001  0.000000E+000  6.189581E-001  0.000000E+000  0.000000E+000  0.000000E+000  0.000000E+000  0.000000E+000  1.755771E-002  0.000000E+000  0.000000E+000  0.000000E+000  0.000000E+000
  1.870000E-001  0.000000E+000  6.164772E-001  0.000000E+000  0.000000E+000  0.000000E+000  0.000000E+000  0.000000E+000  1.758105E-002  0.000000E+000  0.000000E+000  0.000000E+000  0.000000E+000
  1.880000E-001  0.000000E+000  6.140274E-001  0.000000E+000  0.000000E+000  0.000000E+000  0.000000E+000  0.000000E+000  1.760954E-002  0.000000E+000  0.000000E+000  0.000000E+000  0.000000E+000
  1.890000E-001  0.000000E+000  6.116091E-001  0.000000E+000  0.000000E+000  0.000000E+000  0.000000E+000  0.000000E+000  1.764362E-002  0.000000E+000  0.000000E+000  0.000000E+000  0.000000E+000
  1.900000E-001  0.000000E+000  6.092228E-001  0.000000E+000  0.000000E+000  0.000000E+000  0.000000E+000  0.000000E+000  1.768372E-002  0.000000E+000  0.000000E+000  0.000000E+000  0.000000E+000
  1.910000E-001  0.000000E+000  6.068690E-001  0.000000E+000  0.000000E+000  0.000000E+000  0.000000E+000  0.000000E+000  1.773025E-002  0.000000E+000  0.000000E+000  0.000000E+000  0.000000E+000
  1.920000E-001  0.000000E+000  6.045482E-001  0.000000E+000  0.000000E+000  0.000000E+000  0.000000E+000  0.000000E+000  1.778361E-002  0.000000E+000  0.000000E+000  0.000000E+000  0.000000E+000
  1.930000E-001  0.000000E+000  6.022609E-001  0.000000E+000  0.000000E+000  0.000000E+000  0.000000E+000  0.000000E+000  1.784418E-002  0.000000E+000  0.000000E+000  0.000000E+000  0.000000E+000
  1.940000E-001  0.000000E+000  6.000074E-001  0.000000E+000  0.000000E+000  0.000000E+000  0.000000E+000  0.000000E+000  1.791233E-002  0.000000E+000  0.000000E+000  0.000000E+000  0.000000E+000
  1.950000E-001  0.000000E+000  5.977881E-001  0.000000E+000  0.000000E+000  0.000000E+000  0.000000E+000  0.000000E+000  1.798840E-002  0.000000E+000  0.000000E+000  0.000000E+000  0.000000E+000
  1.960000E-001  0.000000E+000  5.956036E-001  0.000000E+000  0.000000E+000  0.000000E+000  0.000000E+000  0.000000E+000  1.807273E-002  0.000000E+000  0.000000E+000  0.000000E+000  0.000000E+000
  1.970000E-001  0.000000E+000  5.934540E-001  0.000000E+000  0.000000E+000  0.000000E+000  0.000000E+000  0.000000E+000  1.816563E-002  0.000000E+000  0.000000E+000  0.000000E+000  0.000000E+000
  1.980000E-001  0.000000E+000  5.913399E-001  0.000000E+000  0.000000E+000  0.000000E+000  0.000000E+000  0.000000E+000  1.826741E-002  0.000000E+000  0.000000E+000  0.000000E+000  0.000000E+000
  1.990000E-001  0.000000E+000  5.892616E-001  0.000000E+000  0.000000E+000  0.000000E+000  0.000000E+000  0.000000E+000  1.837835E-002  0.000000E+000  0.000000E+000  0.000000E+000  0.000000E+000
  2.000000E-001  0.000000E+000  5.872194E-001  0.000000E+000  0.000000E+000  0.000000E+000  0.000000E+000  0.000000E+000  1.849872E-002  0.000000E+000  0.000000E+000  0.000000E+000  0.000000E+000
  2.010000E-001  0.000000E+000  5.852136E-001  0.000000E+000  0.000000E+000  0.000000E+000  0.000000E+000  0.000000E+000  1.862879E-002  0.000000E+000  0.000000E+000  0.000000E+000  0.000000E+000
  2.020000E-001  0.000000E+000  5.832445E-001  0.000000E+000  0.000000E+000  0.000000E+000  0.000000E+000  0.000000E+000  1.876878E-002  0.000000E+000  0.000000E+000  0.000000E+000  0.000000E+000
  2.030000E-001  0.000000E+000  5.813125E-001  0.000000E+000  0.000000E+000  0.000000E+000  0.000000E+000  0.000000E+000  1.891894E-002  0.000000E+000  0.000000E+000  0.000000E+000  0.000000E+000
  2.040000E-001  0.000000E+000  5.794177E-001  0.000000E+000  0.000000E+000  0.000000E+000  0.000000E+000  0.000000E+000  1.907947E-002  0.000000E+000  0.000000E+000  0.000000E+000  0.000000E+000
  2.050000E-001  0.000000E+000  5.775605E-001  0.000000E+000  0.000000E+000  0.000000E+000  0.000000E+000  0.000000E+000  1.925057E-002  0.000000E+000  0.000000E+000  0.000000E+000  0.000000E+000
  2.060000E-001  0.000000E+000  5.757410E-001  0.000000E+000  0.000000E+000  0.000000E+000  0.000000E+000  0.000000E+000  1.943244E-002  0.000000E+000  0.000000E+000  0.000000E+000  0.000000E+000
  2.070000E-001  0.000000E+000  5.739595E-001  0.000000E+000  0.000000E+000  0.000000E+000  0.000000E+000  0.000000E+000  1.962524E-002  0.000000E+000  0.000000E+000  0.000000E+000  0.000000E+000
  2.080000E-001  0.000000E+000  5.722162E-001  0.000000E+000  0.000000E+000  0.000000E+000  0.000000E+000  0.000000E+000  1.982912E-002  0.000000E+000  0.000000E+000  0.000000E+000  0.000000E+000
  2.090000E-001  0.000000E+000  5.705112E-001  0.000000E+000  0.000000E+000  0.000000E+000  0.000000E+000  0.000000E+000  2.004425E-002  0.000000E+000  0.000000E+000  0.000000E+000  0.000000E+000
  2.100000E-001  0.000000E+000  5.688446E-001  0.000000E+000  0.000000E+000  0.000000E+000  0.000000E+000  0.000000E+000  2.027074E-002  0.000000E+000  0.000000E+000  0.000000E+000  0.000000E+000
  2.110000E-001  0.000000E+000  5.672167E-001  0.000000E+000  0.000000E+000  0.000000E+000  0.000000E+000  0.000000E+000  2.050872E-002  0.000000E+000  0.000000E+000  0.000000E+000  0.000000E+000
  2.120000E-001  0.000000E+000  5.656276E-001  0.000000E+000  0.000000E+000  0.000000E+000  0.000000E+000  0.000000E+000  2.075830E-002  0.000000E+000  0.000000E+000  0.000000E+000  0.000000E+000
  2.130000E-001  0.000000E+000  5.640772E-001  0.000000E+000  0.000000E+000  0.000000E+000  0.000000E+000  0.000000E+000  2.101956E-002  0.000000E+000  0.000000E+000  0.000000E+000  0.000000E+000
  2.140000E-001  0.000000E+000  5.625658E-001  0.000000E+000  0.000000E+000  0.000000E+000  0.000000E+000  0.000000E+000  2.129260E-002  0.000000E+000  0.000000E+000  0.000000E+000  0.000000E+000
  2.150000E-001  0.000000E+000  5.610933E-001  0.000000E+000  0.000000E+000  0.000000E+000  0.000000E+000  0.000000E+000  2.157748E-002  0.000000E+000  0.000000E+000  0.000000E+000  0.000000E+000
  2.160000E-001  0.000000E+000  5.596597E-001  0.000000E+000  0.000000E+000  0.000000E+000  0.000000E+000  0.000000E+000  2.187425E-002  0.000000E+000  0.000000E+000  0.000000E+000  0.000000E+000
  2.170000E-001  0.000000E+000  5.582652E-001  0.000000E+000  0.000000E+000  0.000000E+000  0.000000E+000  0.000000E+000  2.218297E-002  0.000000E+000  0.000000E+000  0.000000E+000  0.000000E+000
  2.180000E-001  0.000000E+000  5.569096E-001  0.000000E+000  0.000000E+000  0.000000E+000  0.000000E+000  0.000000E+000  2.250368E-002  0.000000E+000  0.000000E+000  0.000000E+000  0.000000E+000
  2.190000E-001  0.000000E+000  5.555930E-001  0.000000E+000  0.000000E+000  0.000000E+000  0.000000E+000  0.000000E+000  2.283638E-002  0.000000E+000  0.000000E+000  0.000000E+000  0.000000E+000
  2.200000E-001  0.000000E+000  5.543152E-001  0.000000E+000  0.000000E+000  0.000000E+000  0.000000E+000  0.000000E+000  2.318110E-002  0.000000E+000  0.000000E+000  0.000000E+000  0.000000E+000
  2.210000E-001  0.000000E+000  5.530762E-001  0.000000E+000  0.000000E+000  0.000000E+000  0.000000E+000  0.000000E+000  2.353783E-002  0.000000E+000  0.000000E+000  0.000000E+000  0.000000E+000
  2.220000E-001  0.000000E+000  5.518759E-001  0.000000E+000  0.000000E+000  0.000000E+000  0.000000E+000  0.000000E+000  2.390658E-002  0.000000E+000  0.000000E+000  0.000000E+000  0.000000E+000
  2.230000E-001  0.000000E+000  5.507141E-001  0.000000E+000  0.000000E+000  0.000000E+000  0.000000E+000  0.000000E+000  2.428730E-002  0.000000E+000  0.000000E+000  0.000000E+000  0.000000E+000
  2.240000E-001  0.000000E+000  5.495907E-001  0.000000E+000  0.000000E+000  0.000000E+000  0.000000E+000  0.000000E+000  2.467999E-002  0.000000E+000  0.000000E+000  0.000000E+000  0.000000E+000
  2.250000E-001  0.000000E+000  5.485056E-001  0.000000E+000  0.000000E+000  0.000000E+000  0.000000E+000  0.000000E+000  2.508458E-002  0.000000E+000  0.000000E+000  0.000000E+000  0.000000E+000
  2.260000E-001  0.000000E+000  5.474584E-001  0.000000E+000  0.000000E+000  0.000000E+000  0.000000E+000  0.000000E+000  2.550104E-002  0.000000E+000  0.000000E+000  0.000000E+000  0.000000E+000
  2.270000E-001  0.000000E+000  5.464491E-001  0.000000E+000  0.000000E+000  0.000000E+000  0.000000E+000  0.000000E+000  2.592931E-002  0.000000E+000  0.000000E+000  0.000000E+000  0.000000E+000
  2.280000E-001  0.000000E+000  5.454773E-001  0.000000E+000  0.000000E+000  0.000000E+000  0.000000E+000  0.000000E+000  2.636930E-002  0.000000E+000  0.000000E+000  0.000000E+000  0.000000E+000
  2.290000E-001  0.000000E+000  5.445427E-001  0.000000E+000  0.000000E+000  0.000000E+000  0.000000E+000  0.000000E+000  2.682094E-002  0.000000E+000  0.000000E+000  0.000000E+000  0.000000E+000
  2.300000E-001  0.000000E+000  5.436451E-001  0.000000E+000  0.000000E+000  0.000000E+000  0.000000E+000  0.000000E+000  2.728415E-002  0.000000E+000  0.000000E+000  0.000000E+000  0.000000E+000
  2.310000E-001  0.000000E+000  5.427841E-001  0.000000E+000  0.000000E+000  0.000000E+000  0.000000E+000  0.000000E+000  2.775882E-002  0.000000E+000  0.000000E+000  0.000000E+000  0.000000E+000
  2.320000E-001  0.000000E+000  5.419594E-001  0.000000E+000  0.000000E+000  0.000000E+000  0.000000E+000  0.000000E+000  2.824484E-002  0.000000E+000  0.000000E+000  0.000000E+000  0.000000E+000
  2.330000E-001  0.000000E+000  5.411706E-001  0.000000E+000  0.000000E+000  0.000000E+000  0.000000E+000  0.000000E+000  2.874211E-002  0.000000E+000  0.000000E+000  0.000000E+000  0.000000E+000
  2.340000E-001  0.000000E+000  5.404173E-001  0.000000E+000  0.000000E+000  0.000000E+000  0.000000E+000  0.000000E+000  2.925049E-002  0.000000E+000  0.000000E+000  0.000000E+000  0.000000E+000
  2.350000E-001  0.000000E+000  5.396990E-001  0.000000E+000  0.000000E+000  0.000000E+000  0.000000E+000  0.000000E+000  2.976985E-002  0.000000E+000  0.000000E+000  0.000000E+000  0.000000E+000
  2.360000E-001  0.000000E+000  5.390153E-001  0.000000E+000  0.000000E+000  0.000000E+000  0.000000E+000  0.000000E+000  3.030005E-002  0.000000E+000  0.000000E+000  0.000000E+000  0.000000E+000
  2.370000E-001  0.000000E+000  5.383657E-001  0.000000E+000  0.000000E+000  0.000000E+000  0.000000E+000  0.000000E+000  3.084094E-002  0.000000E+000  0.000000E+000  0.000000E+000  0.000000E+000
  2.380000E-001  0.000000E+000  5.377496E-001  0.000000E+000  0.000000E+000  0.000000E+000  0.000000E+000  0.000000E+000  3.139237E-002  0.000000E+000  0.000000E+000  0.000000E+000  0.000000E+000
  2.390000E-001  0.000000E+000  5.371666E-001  0.000000E+000  0.000000E+000  0.000000E+000  0.000000E+000  0.000000E+000  3.195417E-002  0.000000E+000  0.000000E+000  0.000000E+000  0.000000E+000
  2.400000E-001  0.000000E+000  5.366160E-001  0.000000E+000  0.000000E+000  0.000000E+000  0.000000E+000  0.000000E+000  3.252616E-002  0.000000E+000  0.000000E+000  0.000000E+000  0.000000E+000
  2.410000E-001  0.000000E+000  5.360972E-001  0.000000E+000  0.000000E+000  0.000000E+000  0.000000E+000  0.000000E+000  3.310818E-002  0.000000E+000  0.000000E+000  0.000000E+000  0.000000E+000
  2.420000E-001  0.000000E+000  5.356097E-001  0.000000E+000  0.000000E+000  0.000000E+000  0.000000E+000  0.000000E+000  3.370002E-002  0.000000E+000  0.000000E+000  0.000000E+000  0.000000E+000
  2.430000E-001  0.000000E+000  5.351527E-001  0.000000E+000  0.000000E+000  0.000000E+000  0.000000E+000  0.000000E+000  3.430151E-002  0.000000E+000  0.000000E+000  0.000000E+000  0.000000E+000
  2.440000E-001  0.000000E+000  5.347255E-001  0.000000E+000  0.000000E+000  0.000000E+000  0.000000E+000  0.000000E+000  3.491243E-002  0.000000E+000  0.000000E+000  0.000000E+000  0.000000E+000
  2.450000E-001  0.000000E+000  5.343275E-001  0.000000E+000  0.000000E+000  0.000000E+000  0.000000E+000  0.000000E+000  3.553259E-002  0.000000E+000  0.000000E+000  0.000000E+000  0.000000E+000
  2.460000E-001  0.000000E+000  5.339578E-001  0.000000E+000  0.000000E+000  0.000000E+000  0.000000E+000  0.000000E+000  3.616177E-002  0.000000E+000  0.000000E+000  0.000000E+000  0.000000E+000
  2.470000E-001  0.000000E+000  5.336157E-001  0.000000E+000  0.000000E+000  0.000000E+000  0.000000E+000  0.000000E+000  3.679976E-002  0.000000E+000  0.000000E+000  0.000000E+000  0.000000E+000
  2.480000E-001  0.000000E+000  5.333003E-001  0.000000E+000  0.000000E+000  0.000000E+000  0.000000E+000  0.000000E+000  3.744632E-002  0.000000E+000  0.000000E+000  0.000000E+000  0.000000E+000
  2.490000E-001  0.000000E+000  5.330109E-001  0.000000E+000  0.000000E+000  0.000000E+000  0.000000E+000  0.000000E+000  3.810123E-002  0.000000E+000  0.000000E+000  0.000000E+000  0.000000E+000
  2.500000E-001  0.000000E+000  5.327465E-001  0.000000E+000  0.000000E+000  0.000000E+000  0.000000E+000  0.000000E+000  3.876425E-002  0.000000E+000  0.000000E+000  0.000000E+000  0.000000E+000
  2.510000E-001  0.000000E+000  5.325062E-001  0.000000E+000  0.000000E+000  0.000000E+000  0.000000E+000  0.000000E+000  3.943514E-002  0.000000E+000  0.000000E+000  0.000000E+000  0.000000E+000
  2.520000E-001  0.000000E+000  5.322891E-001  0.000000E+000  0.000000E+000  0.000000E+000  0.000000E+000  0.000000E+000  4.011366E-002  0.000000E+000  0.000000E+000  0.000000E+000  0.000000E+000
  2.530000E-001  0.000000E+000  5.320942E-001  0.000000E+000  0.000000E+000  0.000000E+000  0.000000E+000  0.000000E+000  4.079956E-002  0.000000E+000  0.000000E+000  0.000000E+000  0.000000E+000
  2.540000E-001  0.000000E+000  5.319204E-001  0.000000E+000  0.000000E+000  0.000000E+000  0.000000E+000  0.000000E+000  4.149257E-002  0.000000E+000  0.000000E+000  0.000000E+000  0.000000E+000
  2.550000E-001  0.000000E+000  5.317669E-001  0.000000E+000  0.000000E+000  0.000000E+000  0.000000E+000  0.000000E+000  4.219244E-002  0.000000E+000  0.000000E+000  0.000000E+000  0.000000E+000
  2.560000E-001  0.000000E+000  5.316323E-001  0.000000E+000  0.000000E+000  0.000000E+000  0.000000E+000  0.000000E+000  4.289891E-002  0.000000E+000  0.000000E+000  0.000000E+000  0.000000E+000
  2.570000E-001  0.000000E+000  5.315158E-001  0.000000E+000  0.000000E+000  0.000000E+000  0.000000E+000  0.000000E+000  4.361170E-002  0.000000E+000  0.000000E+000  0.000000E+000  0.000000E+000
  2.580000E-001  0.000000E+000  5.314160E-001  0.000000E+000  0.000000E+000  0.000000E+000  0.000000E+000  0.000000E+000  4.433054E-002  0.000000E+000  0.000000E+000  0.000000E+000  0.000000E+000
  2.590000E-001  0.000000E+000  5.313319E-001  0.000000E+000  0.000000E+000  0.000000E+000  0.000000E+000  0.000000E+000  4.505516E-002  0.000000E+000  0.000000E+000  0.000000E+000  0.000000E+000
  2.600000E-001  0.000000E+000  5.312622E-001  0.000000E+000  0.000000E+000  0.000000E+000  0.000000E+000  0.000000E+000  4.578527E-002  0.000000E+000  0.000000E+000  0.000000E+000  0.000000E+000
  2.610000E-001  0.000000E+000  5.312057E-001  0.000000E+000  0.000000E+000  0.000000E+000  0.000000E+000  0.000000E+000  4.652059E-002  0.000000E+000  0.000000E+000  0.000000E+000  0.000000E+000
  2.620000E-001  0.000000E+000  5.311611E-001  0.000000E+000  0.000000E+000  0.000000E+000  0.000000E+000  0.000000E+000  4.726084E-002  0.000000E+000  0.000000E+000  0.000000E+000  0.000000E+000
  2.630000E-001  0.000000E+000  5.311270E-001  0.000000E+000  0.000000E+000  0.000000E+000  0.000000E+000  0.000000E+000  4.800572E-002  0.000000E+000  0.000000E+000  0.000000E+000  0.000000E+000
  2.640000E-001  0.000000E+000  5.311021E-001  0.000000E+000  0.000000E+000  0.000000E+000  0.000000E+000  0.000000E+000  4.875495E-002  0.000000E+000  0.000000E+000  0.000000E+000  0.000000E+000
  2.650000E-001  0.000000E+000  5.310851E-001  0.000000E+000  0.000000E+000  0.000000E+000  0.000000E+000  0.000000E+000  4.950821E-002  0.000000E+000  0.000000E+000  0.000000E+000  0.000000E+000
  2.660000E-001  0.000000E+000  5.310744E-001  0.000000E+000  0.000000E+000  0.000000E+000  0.000000E+000  0.000000E+000  5.026523E-002  0.000000E+000  0.000000E+000  0.000000E+000  0.000000E+000
  2.670000E-001  0.000000E+000  5.310686E-001  0.000000E+000  0.000000E+000  0.000000E+000  0.000000E+000  0.000000E+000  5.102570E-002  0.000000E+000  0.000000E+000  0.000000E+000  0.000000E+000
  2.680000E-001  0.000000E+000  5.310663E-001  0.000000E+000  0.000000E+000  0.000000E+000  0.000000E+000  0.000000E+000  5.178930E-002  0.000000E+000  0.000000E+000  0.000000E+000  0.000000E+000
  2.690000E-001  0.000000E+000  5.310659E-001  0.000000E+000  0.000000E+000  0.000000E+000  0.000000E+000  0.000000E+000  5.255575E-002  0.000000E+000  0.000000E+000  0.000000E+000  0.000000E+000
  2.700000E-001  0.000000E+000  5.310659E-001  0.000000E+000  0.000000E+000  0.000000E+000  0.000000E+000  0.000000E+000  5.332474E-002  0.000000E+000  0.000000E+000  0.000000E+000  0.000000E+000
  2.710000E-001  0.000000E+000  5.310659E-001  0.000000E+000  0.000000E+000  0.000000E+000  0.000000E+000  0.000000E+000  5.409595E-002  0.000000E+000  0.000000E+000  0.000000E+000  0.000000E+000
  2.720000E-001  0.000000E+000  5.310659E-001  0.000000E+000  0.000000E+000  0.000000E+000  0.000000E+000  0.000000E+000  5.486908E-002  0.000000E+000  0.000000E+000  0.000000E+000  0.000000E+000
  2.730000E-001  0.000000E+000  5.310659E-001  0.000000E+000  0.000000E+000  0.000000E+000  0.000000E+000  0.000000E+000  5.564381E-002  0.000000E+000  0.000000E+000  0.000000E+000  0.000000E+000
  2.740000E-001  0.000000E+000  5.310659E-001  0.000000E+000  0.000000E+000  0.000000E+000  0.000000E+000  0.000000E+000  5.641984E-002  0.000000E+000  0.000000E+000  0.000000E+000  0.000000E+000
  2.750000E-001  0.000000E+000  5.310659E-001  0.000000E+000  0.000000E+000  0.000000E+000  0.000000E+000  0.000000E+000  5.719686E-002  0.000000E+000  0.000000E+000  0.000000E+000  0.000000E+000
  2.760000E-001  0.000000E+000  5.310659E-001  0.000000E+000  0.000000E+000  0.000000E+000  0.000000E+000  0.000000E+000  5.797455E-002  0.000000E+000  0.000000E+000  0.000000E+000  0.000000E+000
  2.770000E-001  0.000000E+000  5.310659E-001  0.000000E+000  0.000000E+000  0.000000E+000  0.000000E+000  0.000000E+000  5.875259E-002  0.000000E+000  0.000000E+000  0.000000E+000  0.000000E+000
  2.780000E-001  0.000000E+000  5.310659E-001  0.000000E+000  0.000000E+000  0.000000E+000  0.000000E+000  0.000000E+000  5.953068E-002  0.000000E+000  0.000000E+000  0.000000E+000  0.000000E+000
  2.790000E-001  0.000000E+000  5.310659E-001  0.000000E+000  0.000000E+000  0.000000E+000  0.000000E+000  0.000000E+000  6.030851E-002  0.000000E+000  0.000000E+000  0.000000E+000  0.000000E+000
  2.800000E-001  0.000000E+000  5.310659E-001  0.000000E+000  0.000000E+000  0.000000E+000  0.000000E+000  0.000000E+000  6.108575E-002  0.000000E+000  0.000000E+000  0.000000E+000  0.000000E+000
  2.810000E-001  0.000000E+000  5.310659E-001  0.000000E+000  0.000000E+000  0.000000E+000  0.000000E+000  0.000000E+000  6.186210E-002  0.000000E+000  0.000000E+000  0.000000E+000  0.000000E+000
  2.820000E-001  0.000000E+000  5.310659E-001  0.000000E+000  0.000000E+000  0.000000E+000  0.000000E+000  0.000000E+000  6.263725E-002  0.000000E+000  0.000000E+000  0.000000E+000  0.000000E+000
  2.830000E-001  0.000000E+000  5.310659E-001  0.000000E+000  0.000000E+000  0.000000E+000  0.000000E+000  0.000000E+000  6.341088E-002  0.000000E+000  0.000000E+000  0.000000E+000  0.000000E+000
  2.840000E-001  0.000000E+000  5.310657E-001  0.000000E+000  0.000000E+000  0.000000E+000  0.000000E+000  0.000000E+000  6.418268E-002  0.000000E+000  0.000000E+000  0.000000E+000  0.000000E+000
  2.850000E-001  0.000000E+000  5.310630E-001  0.000000E+000  0.000000E+000  0.000000E+000  0.000000E+000  0.000000E+000  6.495234E-002  0.000000E+000  0.000000E+000  0.000000E+000  0.000000E+000
  2.860000E-001  0.000000E+000  5.310544E-001  0.000000E+000  0.000000E+000  0.000000E+000  0.000000E+000  0.000000E+000  6.571956E-002  0.000000E+000  0.000000E+000  0.000000E+000  0.000000E+000
  2.870000E-001  0.000000E+000  5.310365E-001  0.000000E+000  0.000000E+000  0.000000E+000  0.000000E+000  0.000000E+000  6.648403E-002  0.000000E+000  0.000000E+000  0.000000E+000  0.000000E+000
  2.880000E-001  0.000000E+000  5.310062E-001  0.000000E+000  0.000000E+000  0.000000E+000  0.000000E+000  0.000000E+000  6.724545E-002  0.000000E+000  0.000000E+000  0.000000E+000  0.000000E+000
  2.890000E-001  0.000000E+000  5.309602E-001  0.000000E+000  0.000000E+000  0.000000E+000  0.000000E+000  0.000000E+000  6.800350E-002  0.000000E+000  0.000000E+000  0.000000E+000  0.000000E+000
  2.900000E-001  0.000000E+000  5.308957E-001  0.000000E+000  0.000000E+000  0.000000E+000  0.000000E+000  0.000000E+000  6.875789E-002  0.000000E+000  0.000000E+000  0.000000E+000  0.000000E+000
  2.910000E-001  0.000000E+000  5.308096E-001  0.000000E+000  0.000000E+000  0.000000E+000  0.000000E+000  0.000000E+000  6.950833E-002  0.000000E+000  0.000000E+000  0.000000E+000  0.000000E+000
  2.920000E-001  0.000000E+000  5.306993E-001  0.000000E+000  0.000000E+000  0.000000E+000  0.000000E+000  0.000000E+000  7.025450E-002  0.000000E+000  0.000000E+000  0.000000E+000  0.000000E+000
  2.930000E-001  0.000000E+000  5.305618E-001  0.000000E+000  0.000000E+000  0.000000E+000  0.000000E+000  0.000000E+000  7.099613E-002  0.000000E+000  0.000000E+000  0.000000E+000  0.000000E+000
  2.940000E-001  0.000000E+000  5.303948E-001  0.000000E+000  0.000000E+000  0.000000E+000  0.000000E+000  0.000000E+000  7.173292E-002  0.000000E+000  0.000000E+000  0.000000E+000  0.000000E+000
  2.950000E-001  0.000000E+000  5.301956E-001  0.000000E+000  0.000000E+000  0.000000E+000  0.000000E+000  0.000000E+000  7.246459E-002  0.000000E+000  0.000000E+000  0.000000E+000  0.000000E+000
  2.960000E-001  0.000000E+000  5.299619E-001  0.000000E+000  0.000000E+000  0.000000E+000  0.000000E+000  0.000000E+000  7.319083E-002  0.000000E+000  0.000000E+000  0.000000E+000  0.000000E+000
  2.970000E-001  0.000000E+000  5.296913E-001  0.000000E+000  0.000000E+000  0.000000E+000  0.000000E+000  0.000000E+000  7.391139E-002  0.000000E+000  0.000000E+000  0.000000E+000  0.000000E+000
  2.980000E-001  0.000000E+000  5.293817E-001  0.000000E+000  0.000000E+000  0.000000E+000  0.000000E+000  0.000000E+000  7.462597E-002  0.000000E+000  0.000000E+000  0.000000E+000  0.000000E+000
  2.990000E-001  0.000000E+000  5.290309E-001  0.000000E+000  0.000000E+000  0.000000E+000  0.000000E+000  0.000000E+000  7.533431E-002  0.000000E+000  0.000000E+000  0.000000E+000  0.000000E+000
  3.000000E-001  0.000000E+000  5.286369E-001  0.000000E+000  0.000000E+000  0.000000E+000  0.000000E+000  0.000000E+000  7.603613E-002  0.000000E+000  0.000000E+000  0.000000E+000  0.000000E+000
  3.010000E-001  0.000000E+000  5.281978E-001  0.000000E+000  0.000000E+000  0.000000E+000  0.000000E+000  0.000000E+000  7.673117E-002  0.000000E+000  0.000000E+000  0.000000E+000  0.000000E+000
  3.020000E-001  0.000000E+000  5.277117E-001  0.000000E+000  0.000000E+000  0.000000E+000  0.000000E+000  0.000000E+000  7.741917E-002  0.000000E+000  0.000000E+000  0.000000E+000  0.000000E+000
  3.030000E-001  0.000000E+000  5.271770E-001  0.000000E+000  0.000000E+000  0.000000E+000  0.000000E+000  0.000000E+000  7.809987E-002  0.000000E+000  0.000000E+000  0.000000E+000  0.000000E+000
  3.040000E-001  0.000000E+000  5.265918E-001  0.000000E+000  0.000000E+000  0.000000E+000  0.000000E+000  0.000000E+000  7.877301E-002  0.000000E+000  0.000000E+000  0.000000E+000  0.000000E+000
  3.050000E-001  0.000000E+000  5.259548E-001  0.000000E+000  0.000000E+000  0.000000E+000  0.000000E+000  0.000000E+000  7.943835E-002  0.000000E+000  0.000000E+000  0.000000E+000  0.000000E+000
  3.060000E-001  0.000000E+000  5.252643E-001  0.000000E+000  0.000000E+000  0.000000E+000  0.000000E+000  0.000000E+000  8.009565E-002  0.000000E+000  0.000000E+000  0.000000E+000  0.000000E+000
  3.070000E-001  0.000000E+000  5.245190E-001  0.000000E+000  0.000000E+000  0.000000E+000  0.000000E+000  0.000000E+000  8.074467E-002  0.000000E+000  0.000000E+000  0.000000E+000  0.000000E+000
  3.080000E-001  0.000000E+000  5.237176E-001  0.000000E+000  0.000000E+000  0.000000E+000  0.000000E+000  0.000000E+000  8.138518E-002  0.000000E+000  0.000000E+000  0.000000E+000  0.000000E+000
  3.090000E-001  0.000000E+000  5.228588E-001  0.000000E+000  0.000000E+000  0.000000E+000  0.000000E+000  0.000000E+000  8.201695E-002  0.000000E+000  0.000000E+000  0.000000E+000  0.000000E+000
  3.100000E-001  0.000000E+000  5.219416E-001  0.000000E+000  0.000000E+000  0.000000E+000  0.000000E+000  0.000000E+000  8.263976E-002  0.000000E+000  0.000000E+000  0.000000E+000  0.000000E+000
  3.110000E-001  0.000000E+000  5.209648E-001  0.000000E+000  0.000000E+000  0.000000E+000  0.000000E+000  0.000000E+000  8.325340E-002  0.000000E+000  0.000000E+000  0.000000E+000  0.000000E+000
  3.120000E-001  0.000000E+000  5.199275E-001  0.000000E+000  0.000000E+000  0.000000E+000  0.000000E+000  0.000000E+000  8.385766E-002  0.000000E+000  0.000000E+000  0.000000E+000  0.000000E+000
  3.130000E-001  0.000000E+000  5.188287E-001  0.000000E+000  0.000000E+000  0.000000E+000  0.000000E+000  0.000000E+000  8.445234E-002  0.000000E+000  0.000000E+000  0.000000E+000  0.000000E+000
  3.140000E-001  0.000000E+000  5.176677E-001  0.000000E+000  0.000000E+000  0.000000E+000  0.000000E+000  0.000000E+000  8.503724E-002  0.000000E+000  0.000000E+000  0.000000E+000  0.000000E+000
  3.150000E-001  0.000000E+000  5.164437E-001  0.000000E+000  0.000000E+000  0.000000E+000  0.000000E+000  0.000000E+000  8.561218E-002  0.000000E+000  0.000000E+000  0.000000E+000  0.000000E+000
  3.160000E-001  0.000000E+000  5.151559E-001  0.000000E+000  0.000000E+000  0.000000E+000  0.000000E+000  0.000000E+000  8.617697E-002  0.000000E+000  0.000000E+000  0.000000E+000  0.000000E+000
  3.170000E-001  0.000000E+000  5.138039E-001  0.000000E+000  0.000000E+000  0.000000E+000  0.000000E+000  0.000000E+000  8.673144E-002  0.000000E+000  0.000000E+000  0.000000E+000  0.000000E+000
  3.180000E-001  0.000000E+000  5.123871E-001  0.000000E+000  0.000000E+000  0.000000E+000  0.000000E+000  0.000000E+000  8.727542E-002  0.000000E+000  0.000000E+000  0.000000E+000  0.000000E+000
  3.190000E-001  0.000000E+000  5.109051E-001  0.000000E+000  0.000000E+000  0.000000E+000  0.000000E+000  0.000000E+000  8.780875E-002  0.000000E+000  0.000000E+000  0.000000E+000  0.000000E+000
  3.200000E-001  0.000000E+000  5.093574E-001  0.000000E+000  0.000000E+000  0.000000E+000  0.000000E+000  0.000000E+000  8.833129E-002  0.000000E+000  0.000000E+000  0.000000E+000  0.000000E+000
  3.210000E-001  0.000000E+000  5.077438E-001  0.000000E+000  0.000000E+000  0.000000E+000  0.000000E+000  0.000000E+000  8.884289E-002  0.000000E+000  0.000000E+000  0.000000E+000  0.000000E+000
  3.220000E-001  0.000000E+000  5.060639E-001  0.000000E+000  0.000000E+000  0.000000E+000  0.000000E+000  0.000000E+000  8.934341E-002  0.000000E+000  0.000000E+000  0.000000E+000  0.000000E+000
  3.230000E-001  0.000000E+000  5.043177E-001  0.000000E+000  0.000000E+000  0.000000E+000  0.000000E+000  0.000000E+000  8.983272E-002  0.000000E+000  0.000000E+000  0.000000E+000  0.000000E+000
  3.240000E-001  0.000000E+000  5.025051E-001  0.000000E+000  0.000000E+000  0.000000E+000  0.000000E+000  0.000000E+000  9.031071E-002  0.000000E+000  0.000000E+000  0.000000E+000  0.000000E+000
  3.250000E-001  0.000000E+000  5.006259E-001  0.000000E+000  0.000000E+000  0.000000E+000  0.000000E+000  0.000000E+000  9.077727E-002  0.000000E+000  0.000000E+000  0.000000E+000  0.000000E+000
  3.260000E-001  0.000000E+000  4.986802E-001  0.000000E+000  0.000000E+000  0.000000E+000  0.000000E+000  0.000000E+000  9.123230E-002  0.000000E+000  0.000000E+000  0.000000E+000  0.000000E+000
  3.270000E-001  0.000000E+000  4.966681E-001  0.000000E+000  0.000000E+000  0.000000E+000  0.000000E+000  0.000000E+000  9.167570E-002  0.000000E+000  0.000000E+000  0.000000E+000  0.000000E+000
  3.280000E-001  0.000000E+000  4.945897E-001  0.000000E+000  0.000000E+000  0.000000E+000  0.000000E+000  0.000000E+000  9.210739E-002  0.000000E+000  0.000000E+000  0.000000E+000  0.000000E+000
  3.290000E-001  0.000000E+000  4.924453E-001  0.000000E+000  0.000000E+000  0.000000E+000  0.000000E+000  0.000000E+000  9.252730E-002  0.000000E+000  0.000000E+000  0.000000E+000  0.000000E+000
  3.300000E-001  0.000000E+000  4.902351E-001  0.000000E+000  0.000000E+000  0.000000E+000  0.000000E+000  0.000000E+000  9.293536E-002  0.000000E+000  0.000000E+000  0.000000E+000  0.000000E+000
  3.310000E-001  0.000000E+000  4.879595E-001  0.000000E+000  0.000000E+000  0.000000E+000  0.000000E+000  0.000000E+000  9.333152E-002  0.000000E+000  0.000000E+000  0.000000E+000  0.000000E+000
  3.320000E-001  0.000000E+000  4.856187E-001  0.000000E+000  0.000000E+000  0.000000E+000  0.000000E+000  0.000000E+000  9.371574E-002  0.000000E+000  0.000000E+000  0.000000E+000  0.000000E+000
  3.330000E-001  0.000000E+000  4.832133E-001  0.000000E+000  0.000000E+000  0.000000E+000  0.000000E+000  0.000000E+000  9.408798E-002  0.000000E+000  0.000000E+000  0.000000E+000  0.000000E+000
  3.340000E-001  0.000000E+000  4.807438E-001  0.000000E+000  0.000000E+000  0.000000E+000  0.000000E+000  0.000000E+000  9.444822E-002  0.000000E+000  0.000000E+000  0.000000E+000  0.000000E+000
  3.350000E-001  0.000000E+000  4.782106E-001  0.000000E+000  0.000000E+000  0.000000E+000  0.000000E+000  0.000000E+000  9.479644E-002  0.000000E+000  0.000000E+000  0.000000E+000  0.000000E+000
  3.360000E-001  0.000000E+000  4.756145E-001  0.000000E+000  0.000000E+000  0.000000E+000  0.000000E+000  0.000000E+000  9.513265E-002  0.000000E+000  0.000000E+000  0.000000E+000  0.000000E+000
  3.370000E-001  0.000000E+000  4.729560E-001  0.000000E+000  0.000000E+000  0.000000E+000  0.000000E+000  0.000000E+000  9.545685E-002  0.000000E+000  0.000000E+000  0.000000E+000  0.000000E+000
  3.380000E-001  0.000000E+000  4.702358E-001  0.000000E+000  0.000000E+000  0.000000E+000  0.000000E+000  0.000000E+000  9.576907E-002  0.000000E+000  0.000000E+000  0.000000E+000  0.000000E+000
  3.390000E-001  0.000000E+000  4.674548E-001  0.000000E+000  0.000000E+000  0.000000E+000  0.000000E+000  0.000000E+000  9.606932E-002  0.000000E+000  0.000000E+000  0.000000E+000  0.000000E+000
  3.400000E-001  0.000000E+000  4.646137E-001  0.000000E+000  0.000000E+000  0.000000E+000  0.000000E+000  0.000000E+000  9.635766E-002  0.000000E+000  0.000000E+000  0.000000E+000  0.000000E+000
  3.410000E-001  0.000000E+000  4.617133E-001  0.000000E+000  0.000000E+000  0.000000E+000  0.000000E+000  0.000000E+000  9.663415E-002  0.000000E+000  0.000000E+000  0.000000E+000  0.000000E+000
  3.420000E-001  0.000000E+000  4.587546E-001  0.000000E+000  0.000000E+000  0.000000E+000  0.000000E+000  0.000000E+000  9.689884E-002  0.000000E+000  0.000000E+000  0.000000E+000  0.000000E+000
  3.430000E-001  0.000000E+000  4.557385E-001  0.000000E+000  0.000000E+000  0.000000E+000  0.000000E+000  0.000000E+000  9.715181E-002  0.000000E+000  0.000000E+000  0.000000E+000  0.000000E+000
  3.440000E-001  0.000000E+000  4.526659E-001  0.000000E+000  0.000000E+000  0.000000E+000  0.000000E+000  0.000000E+000  9.739316E-002  0.000000E+000  0.000000E+000  0.000000E+000  0.000000E+000
  3.450000E-001  0.000000E+000  4.495379E-001  0.000000E+000  0.000000E+000  0.000000E+000  0.000000E+000  0.000000E+000  9.762300E-002  0.000000E+000  0.000000E+000  0.000000E+000  0.000000E+000
  3.460000E-001  0.000000E+000  4.463556E-001  0.000000E+000  0.000000E+000  0.000000E+000  0.000000E+000  0.000000E+000  9.784142E-002  0.000000E+000  0.000000E+000  0.000000E+000  0.000000E+000
  3.470000E-001  0.000000E+000  4.431200E-001  0.000000E+000  0.000000E+000  0.000000E+000  0.000000E+000  0.000000E+000  9.804857E-002  0.000000E+000  0.000000E+000  0.000000E+000  0.000000E+000
  3.480000E-001  0.000000E+000  4.398324E-001  0.000000E+000  0.000000E+000  0.000000E+000  0.000000E+000  0.000000E+000  9.824459E-002  0.000000E+000  0.000000E+000  0.000000E+000  0.000000E+000
  3.490000E-001  0.000000E+000  4.364938E-001  0.000000E+000  0.000000E+000  0.000000E+000  0.000000E+000  0.000000E+000  9.842962E-002  0.000000E+000  0.000000E+000  0.000000E+000  0.000000E+000
  3.500000E-001  0.000000E+000  4.331055E-001  0.000000E+000  0.000000E+000  0.000000E+000  0.000000E+000  0.000000E+000  9.860385E-002  0.000000E+000  0.000000E+000  0.000000E+000  0.000000E+000
  3.510000E-001  0.000000E+000  4.296688E-001  0.000000E+000  0.000000E+000  0.000000E+000  0.000000E+000  0.000000E+000  9.876744E-002  0.000000E+000  0.000000E+000  0.000000E+000  0.000000E+000
  3.520000E-001  0.000000E+000  4.261850E-001  0.000000E+000  0.000000E+000  0.000000E+000  0.000000E+000  0.000000E+000  9.892060E-002  0.000000E+000  0.000000E+000  0.000000E+000  0.000000E+000
  3.530000E-001  0.000000E+000  4.226553E-001  0.000000E+000  0.000000E+000  0.000000E+000  0.000000E+000  0.000000E+000  9.906354E-002  0.000000E+000  0.000000E+000  0.000000E+000  0.000000E+000
  3.540000E-001  0.000000E+000  4.190811E-001  0.000000E+000  0.000000E+000  0.000000E+000  0.000000E+000  0.000000E+000  9.919647E-002  0.000000E+000  0.000000E+000  0.000000E+000  0.000000E+000
  3.550000E-001  0.000000E+000  4.154639E-001  0.000000E+000  0.000000E+000  0.000000E+000  0.000000E+000  0.000000E+000  9.931965E-002  0.000000E+000  0.000000E+000  0.000000E+000  0.000000E+000
  3.560000E-001  0.000000E+000  4.118049E-001  0.000000E+000  0.000000E+000  0.000000E+000  0.000000E+000  0.000000E+000  9.943331E-002  0.000000E+000  0.000000E+000  0.000000E+000  0.000000E+000
  3.570000E-001  0.000000E+000  4.081058E-001  0.000000E+000  0.000000E+000  0.000000E+000  0.000000E+000  0.000000E+000  9.953773E-002  0.000000E+000  0.000000E+000  0.000000E+000  0.000000E+000
  3.580000E-001  0.000000E+000  4.043679E-001  0.000000E+000  0.000000E+000  0.000000E+000  0.000000E+000  0.000000E+000  9.963319E-002  0.000000E+000  0.000000E+000  0.000000E+000  0.000000E+000
  3.590000E-001  0.000000E+000  4.005927E-001  0.000000E+000  0.000000E+000  0.000000E+000  0.000000E+000  0.000000E+000  9.971999E-002  0.000000E+000  0.000000E+000  0.000000E+000  0.000000E+000
  3.600000E-001  0.000000E+000  3.967818E-001  0.000000E+000  0.000000E+000  0.000000E+000  0.000000E+000  0.000000E+000  9.979843E-002  0.000000E+000  0.000000E+000  0.000000E+000  0.000000E+000
  3.610000E-001  0.000000E+000  3.929367E-001  0.000000E+000  0.000000E+000  0.000000E+000  0.000000E+000  0.000000E+000  9.986886E-002  0.000000E+000  0.000000E+000  0.000000E+000  0.000000E+000
  3.620000E-001  0.000000E+000  3.890590E-001  0.000000E+000  0.000000E+000  0.000000E+000  0.000000E+000  0.000000E+000  9.993160E-002  0.000000E+000  0.000000E+000  0.000000E+000  0.000000E+000
  3.630000E-001  0.000000E+000  3.851502E-001  0.000000E+000  0.000000E+000  0.000000E+000  0.000000E+000  0.000000E+000  9.998703E-002  0.000000E+000  0.000000E+000  0.000000E+000  0.000000E+000
  3.640000E-001  0.000000E+000  3.812120E-001  0.000000E+000  0.000000E+000  0.000000E+000  0.000000E+000  0.000000E+000  1.000355E-001  0.000000E+000  0.000000E+000  0.000000E+000  0.000000E+000
  3.650000E-001  0.000000E+000  3.772461E-001  0.000000E+000  0.000000E+000  0.000000E+000  0.000000E+000  0.000000E+000  1.000774E-001  0.000000E+000  0.000000E+000  0.000000E+000  0.000000E+000
  3.660000E-001  0.000000E+000  3.732539E-001  0.000000E+000  0.000000E+000  0.000000E+000  0.000000E+000  0.000000E+000  1.001132E-001  0.000000E+000  0.000000E+000  0.000000E+000  0.000000E+000
  3.670000E-001  0.000000E+000  3.692374E-001  0.000000E+000  0.000000E+000  0.000000E+000  0.000000E+000  0.000000E+000  1.001433E-001  0.000000E+000  0.000000E+000  0.000000E+000  0.000000E+000
  3.680000E-001  0.000000E+000  3.651980E-001  0.000000E+000  0.000000E+000  0.000000E+000  0.000000E+000  0.000000E+000  1.001681E-001  0.000000E+000  0.000000E+000  0.000000E+000  0.000000E+000
  3.690000E-001  0.000000E+000  3.611376E-001  0.000000E+000  0.000000E+000  0.000000E+000  0.000000E+000  0.000000E+000  1.001881E-001  0.000000E+000  0.000000E+000  0.000000E+000  0.000000E+000
  3.700000E-001  0.000000E+000  3.570577E-001  0.000000E+000  0.000000E+000  0.000000E+000  0.000000E+000  0.000000E+000  1.002037E-001  0.000000E+000  0.000000E+000  0.000000E+000  0.000000E+000
  3.710000E-001  0.000000E+000  3.529602E-001  0.000000E+000  0.000000E+000  0.000000E+000  0.000000E+000  0.000000E+000  1.002155E-001  0.000000E+000  0.000000E+000  0.000000E+000  0.000000E+000
  3.720000E-001  0.000000E+000  3.488468E-001  0.000000E+000  0.000000E+000  0.000000E+000  0.000000E+000  0.000000E+000  1.002240E-001  0.000000E+000  0.000000E+000  0.000000E+000  0.000000E+000
  3.730000E-001  0.000000E+000  3.447193E-001  0.000000E+000  0.000000E+000  0.000000E+000  0.000000E+000  0.000000E+000  1.002296E-001  0.000000E+000  0.000000E+000  0.000000E+000  0.000000E+000
  3.740000E-001  0.000000E+000  3.405793E-001  0.000000E+000  0.000000E+000  0.000000E+000  0.000000E+000  0.000000E+000  1.002330E-001  0.000000E+000  0.000000E+000  0.000000E+000  0.000000E+000
  3.750000E-001  0.000000E+000  3.364286E-001  0.000000E+000  0.000000E+000  0.000000E+000  0.000000E+000  0.000000E+000  1.002347E-001  0.000000E+000  0.000000E+000  0.000000E+000  0.000000E+000
  3.760000E-001  0.000000E+000  3.322691E-001  0.000000E+000  0.000000E+000  0.000000E+000  0.000000E+000  0.000000E+000  1.002353E-001  0.000000E+000  0.000000E+000  0.000000E+000  0.000000E+000
  3.770000E-001  0.000000E+000  3.281025E-001  0.000000E+000  0.000000E+000  0.000000E+000  0.000000E+000  0.000000E+000  1.002353E-001  0.000000E+000  0.000000E+000  0.000000E+000  0.000000E+000
  3.780000E-001  0.000000E+000  3.239305E-001  0.000000E+000  0.000000E+000  0.000000E+000  0.000000E+000  0.000000E+000  1.002337E-001  0.000000E+000  0.000000E+000  0.000000E+000  0.000000E+000
  3.790000E-001  0.000000E+000  3.197550E-001  0.000000E+000  0.000000E+000  0.000000E+000  0.000000E+000  0.000000E+000  1.002254E-001  0.000000E+000  0.000000E+000  0.000000E+000  0.000000E+000
  3.800000E-001  0.000000E+000  3.155777E-001  0.000000E+000  0.000000E+000  0.000000E+000  0.000000E+000  0.000000E+000  1.002049E-001  0.000000E+000  0.000000E+000  0.000000E+000  0.000000E+000
  3.810000E-001  0.000000E+000  3.114005E-001  0.000000E+000  0.000000E+000  0.000000E+000  0.000000E+000  0.000000E+000  1.001671E-001  0.000000E+000  0.000000E+000  0.000000E+000  0.000000E+000
  3.820000E-001  0.000000E+000  3.072251E-001  0.000000E+000  0.000000E+000  0.000000E+000  0.000000E+000  0.000000E+000  1.001074E-001  0.000000E+000  0.000000E+000  0.000000E+000  0.000000E+000
  3.830000E-001  0.000000E+000  3.030533E-001  0.000000E+000  0.000000E+000  0.000000E+000  0.000000E+000  0.000000E+000  1.000212E-001  0.000000E+000  0.000000E+000  0.000000E+000  0.000000E+000
  3.840000E-001  0.000000E+000  2.988869E-001  0.000000E+000  0.000000E+000  0.000000E+000  0.000000E+000  0.000000E+000  9.990455E-002  0.000000E+000  0.000000E+000  0.000000E+000  0.000000E+000
  3.850000E-001  0.000000E+000  2.947276E-001  0.000000E+000  0.000000E+000  0.000000E+000  0.000000E+000  0.000000E+000  9.975363E-002  0.000000E+000  0.000000E+000  0.000000E+000  0.000000E+000
  3.860000E-001  0.000000E+000  2.905773E-001  0.000000E+000  0.000000E+000  0.000000E+000  0.000000E+000  0.000000E+000  9.956499E-002  0.000000E+000  0.000000E+000  0.000000E+000  0.000000E+000
  3.870000E-001  0.000000E+000  2.864378E-001  0.000000E+000  0.000000E+000  0.000000E+000  0.000000E+000  0.000000E+000  9.933547E-002  0.000000E+000  0.000000E+000  0.000000E+000  0.000000E+000
  3.880000E-001  0.000000E+000  2.823106E-001  0.000000E+000  0.000000E+000  0.000000E+000  0.000000E+000  0.000000E+000  9.906221E-002  0.000000E+000  0.000000E+000  0.000000E+000  0.000000E+000
  3.890000E-001  0.000000E+000  2.781978E-001  0.000000E+000  0.000000E+000  0.000000E+000  0.000000E+000  0.000000E+000  9.874263E-002  0.000000E+000  0.000000E+000  0.000000E+000  0.000000E+000
  3.900000E-001  0.000000E+000  2.741009E-001  0.000000E+000  0.000000E+000  0.000000E+000  0.000000E+000  0.000000E+000  9.837444E-002  0.000000E+000  0.000000E+000  0.000000E+000  0.000000E+000
  3.910000E-001  0.000000E+000  2.700217E-001  0.000000E+000  0.000000E+000  0.000000E+000  0.000000E+000  0.000000E+000  9.795561E-002  0.000000E+000  0.000000E+000  0.000000E+000  0.000000E+000
  3.920000E-001  0.000000E+000  2.659619E-001  0.000000E+000  0.000000E+000  0.000000E+000  0.000000E+000  0.000000E+000  9.748439E-002  0.000000E+000  0.000000E+000  0.000000E+000  0.000000E+000
  3.930000E-001  0.000000E+000  2.619233E-001  0.000000E+000  0.000000E+000  0.000000E+000  0.000000E+000  0.000000E+000  9.695928E-002  0.000000E+000  0.000000E+000  0.000000E+000  0.000000E+000
  3.940000E-001  0.000000E+000  2.579076E-001  0.000000E+000  0.000000E+000  0.000000E+000  0.000000E+000  0.000000E+000  9.637903E-002  0.000000E+000  0.000000E+000  0.000000E+000  0.000000E+000
  3.950000E-001  0.000000E+000  2.539164E-001  0.000000E+000  0.000000E+000  0.000000E+000  0.000000E+000  0.000000E+000  9.574264E-002  0.000000E+000  0.000000E+000  0.000000E+000  0.000000E+000
  3.960000E-001  0.000000E+000  2.499513E-001  0.000000E+000  0.000000E+000  0.000000E+000  0.000000E+000  0.000000E+000  9.504935E-002  0.000000E+000  0.000000E+000  0.000000E+000  0.000000E+000
  3.970000E-001  0.000000E+000  2.460142E-001  0.000000E+000  0.000000E+000  0.000000E+000  0.000000E+000  0.000000E+000  9.429861E-002  0.000000E+000  0.000000E+000  0.000000E+000  0.000000E+000
  3.980000E-001  0.000000E+000  2.421064E-001  0.000000E+000  0.000000E+000  0.000000E+000  0.000000E+000  0.000000E+000  9.349012E-002  0.000000E+000  0.000000E+000  0.000000E+000  0.000000E+000
  3.990000E-001  0.000000E+000  2.382298E-001  0.000000E+000  0.000000E+000  0.000000E+000  0.000000E+000  0.000000E+000  9.262378E-002  0.000000E+000  0.000000E+000  0.000000E+000  0.000000E+000
  4.000000E-001  0.000000E+000  2.343859E-001  0.000000E+000  0.000000E+000  0.000000E+000  0.000000E+000  0.000000E+000  9.169969E-002  0.000000E+000  0.000000E+000  0.000000E+000  0.000000E+000
  4.010000E-001  0.000000E+000  2.305762E-001  0.000000E+000  0.000000E+000  0.000000E+000  0.000000E+000  0.000000E+000  9.071817E-002  0.000000E+000  0.000000E+000  0.000000E+000  0.000000E+000
  4.020000E-001  0.000000E+000  2.268023E-001  0.000000E+000  0.000000E+000  0.000000E+000  0.000000E+000  0.000000E+000  8.967972E-002  0.000000E+000  0.000000E+000  0.000000E+000  0.000000E+000
  4.030000E-001  0.000000E+000  2.230657E-001  0.000000E+000  0.000000E+000  0.000000E+000  0.000000E+000  0.000000E+000  8.858504E-002  0.000000E+000  0.000000E+000  0.000000E+000  0.000000E+000
  4.040000E-001  0.000000E+000  2.193679E-001  0.000000E+000  0.000000E+000  0.000000E+000  0.000000E+000  0.000000E+000  8.743498E-002  0.000000E+000  0.000000E+000  0.000000E+000  0.000000E+000
  4.050000E-001  0.000000E+000  2.157104E-001  0.000000E+000  0.000000E+000  0.000000E+000  0.000000E+000  0.000000E+000  8.623060E-002  0.000000E+000  0.000000E+000  0.000000E+000  0.000000E+000
  4.060000E-001  0.000000E+000  2.120947E-001  0.000000E+000  0.000000E+000  0.000000E+000  0.000000E+000  0.000000E+000  8.497310E-002  0.000000E+000  0.000000E+000  0.000000E+000  0.000000E+000
  4.070000E-001  0.000000E+000  2.085221E-001  0.000000E+000  0.000000E+000  0.000000E+000  0.000000E+000  0.000000E+000  8.366385E-002  0.000000E+000  0.000000E+000  0.000000E+000  0.000000E+000
  4.080000E-001  0.000000E+000  2.049939E-001  0.000000E+000  0.000000E+000  0.000000E+000  0.000000E+000  0.000000E+000  8.230436E-002  0.000000E+000  0.000000E+000  0.000000E+000  0.000000E+000
  4.090000E-001  0.000000E+000  2.015117E-001  0.000000E+000  0.000000E+000  0.000000E+000  0.000000E+000  0.000000E+000  8.089628E-002  0.000000E+000  0.000000E+000  0.000000E+000  0.000000E+000
  4.100000E-001  0.000000E+000  1.980767E-001  0.000000E+000  0.000000E+000  0.000000E+000  0.000000E+000  0.000000E+000  7.944142E-002  0.000000E+000  0.000000E+000  0.000000E+000  0.000000E+000
  4.110000E-001  0.000000E+000  1.946901E-001  0.000000E+000  0.000000E+000  0.000000E+000  0.000000E+000  0.000000E+000  7.794169E-002  0.000000E+000  0.000000E+000  0.000000E+000  0.000000E+000
  4.120000E-001  0.000000E+000  1.913533E-001  0.000000E+000  0.000000E+000  0.000000E+000  0.000000E+000  0.000000E+000  7.639913E-002  0.000000E+000  0.000000E+000  0.000000E+000  0.000000E+000
  4.130000E-001  0.000000E+000  1.880674E-001  0.000000E+000  0.000000E+000  0.000000E+000  0.000000E+000  0.000000E+000  7.481592E-002  0.000000E+000  0.000000E+000  0.000000E+000  0.000000E+000
  4.140000E-001  0.000000E+000  1.848337E-001  0.000000E+000  0.000000E+000  0.000000E+000  0.000000E+000  0.000000E+000  7.319430E-002  0.000000E+000  0.000000E+000  0.000000E+000  0.000000E+000
  4.150000E-001  0.000000E+000  1.816533E-001  0.000000E+000  0.000000E+000  0.000000E+000  0.000000E+000  0.000000E+000  7.153665E-002  0.000000E+000  0.000000E+000  0.000000E+000  0.000000E+000
  4.160000E-001  0.000000E+000  1.785272E-001  0.000000E+000  0.000000E+000  0.000000E+000  0.000000E+000  0.000000E+000  6.984542E-002  0.000000E+000  0.000000E+000  0.000000E+000  0.000000E+000
  4.170000E-001  0.000000E+000  1.754566E-001  0.000000E+000  0.000000E+000  0.000000E+000  0.000000E+000  0.000000E+000  6.812316E-002  0.000000E+000  0.000000E+000  0.000000E+000  0.000000E+000
  4.180000E-001  0.000000E+000  1.724424E-001  0.000000E+000  0.000000E+000  0.000000E+000  0.000000E+000  0.000000E+000  6.637248E-002  0.000000E+000  0.000000E+000  0.000000E+000  0.000000E+000
  4.190000E-001  0.000000E+000  1.694857E-001  0.000000E+000  0.000000E+000  0.000000E+000  0.000000E+000  0.000000E+000  6.459608E-002  0.000000E+000  0.000000E+000  0.000000E+000  0.000000E+000
  4.200000E-001  0.000000E+000  1.665874E-001  0.000000E+000  0.000000E+000  0.000000E+000  0.000000E+000  0.000000E+000  6.279672E-002  0.000000E+000  0.000000E+000  0.000000E+000  0.000000E+000
  4.210000E-001  0.000000E+000  1.637484E-001  0.000000E+000  0.000000E+000  0.000000E+000  0.000000E+000  0.000000E+000  6.097720E-002  0.000000E+000  0.000000E+000  0.000000E+000  0.000000E+000
  4.220000E-001  0.000000E+000  1.609694E-001  0.000000E+000  0.000000E+000  0.000000E+000  0.000000E+000  0.000000E+000  5.914040E-002  0.000000E+000  0.000000E+000  0.000000E+000  0.000000E+000
  4.230000E-001  0.000000E+000  1.582514E-001  0.000000E+000  0.000000E+000  0.000000E+000  0.000000E+000  0.000000E+000  5.728920E-002  0.000000E+000  0.000000E+000  0.000000E+000  0.000000E+000
  4.240000E-001  0.000000E+000  1.555951E-001  0.000000E+000  0.000000E+000  0.000000E+000  0.000000E+000  0.000000E+000  5.542656E-002  0.000000E+000  0.000000E+000  0.000000E+000  0.000000E+000
  4.250000E-001  0.000000E+000  1.530012E-001  0.000000E+000  0.000000E+000  0.000000E+000  0.000000E+000  0.000000E+000  5.355543E-002  0.000000E+000  0.000000E+000  0.000000E+000  0.000000E+000
  4.260000E-001  0.000000E+000  1.504702E-001  0.000000E+000  0.000000E+000  0.000000E+000  0.000000E+000  0.000000E+000  5.167880E-002  0.000000E+000  0.000000E+000  0.000000E+000  0.000000E+000
  4.270000E-001  0.000000E+000  1.480029E-001  0.000000E+000  0.000000E+000  0.000000E+000  0.000000E+000  0.000000E+000  4.979968E-002  0.000000E+000  0.000000E+000  0.000000E+000  0.000000E+000
  4.280000E-001  0.000000E+000  1.455998E-001  0.000000E+000  0.000000E+000  0.000000E+000  0.000000E+000  0.000000E+000  4.792107E-002  0.000000E+000  0.000000E+000  0.000000E+000  0.000000E+000
  4.290000E-001  0.000000E+000  1.432613E-001  0.000000E+000  0.000000E+000  0.000000E+000  0.000000E+000  0.000000E+000  4.604597E-002  0.000000E+000  0.000000E+000  0.000000E+000  0.000000E+000
  4.300000E-001  0.000000E+000  1.409879E-001  0.000000E+000  0.000000E+000  0.000000E+000  0.000000E+000  0.000000E+000  4.417737E-002  0.000000E+000  0.000000E+000  0.000000E+000  0.000000E+000
  4.310000E-001  0.000000E+000  1.387800E-001  0.000000E+000  0.000000E+000  0.000000E+000  0.000000E+000  0.000000E+000  4.231827E-002  0.000000E+000  0.000000E+000  0.000000E+000  0.000000E+000
  4.320000E-001  0.000000E+000  1.366378E-001  0.000000E+000  0.000000E+000  0.000000E+000  0.000000E+000  0.000000E+000  4.047162E-002  0.000000E+000  0.000000E+000  0.000000E+000  0.000000E+000
  4.330000E-001  0.000000E+000  1.345618E-001  0.000000E+000  0.000000E+000  0.000000E+000  0.000000E+000  0.000000E+000  3.864034E-002  0.000000E+000  0.000000E+000  0.000000E+000  0.000000E+000
  4.340000E-001  0.000000E+000  1.325520E-001  0.000000E+000  0.000000E+000  0.000000E+000  0.000000E+000  0.000000E+000  3.682733E-002  0.000000E+000  0.000000E+000  0.000000E+000  0.000000E+000
  4.350000E-001  0.000000E+000  1.306086E-001  0.000000E+000  0.000000E+000  0.000000E+000  0.000000E+000  0.000000E+000  3.503542E-002  0.000000E+000  0.000000E+000  0.000000E+000  0.000000E+000
  4.360000E-001  0.000000E+000  1.287318E-001  0.000000E+000  0.000000E+000  0.000000E+000  0.000000E+000  0.000000E+000  3.326742E-002  0.000000E+000  0.000000E+000  0.000000E+000  0.000000E+000
  4.370000E-001  0.000000E+000  1.269214E-001  0.000000E+000  0.000000E+000  0.000000E+000  0.000000E+000  0.000000E+000  3.152606E-002  0.000000E+000  0.000000E+000  0.000000E+000  0.000000E+000
  4.380000E-001  0.000000E+000  1.251776E-001  0.000000E+000  0.000000E+000  0.000000E+000  0.000000E+000  0.000000E+000  2.981401E-002  0.000000E+000  0.000000E+000  0.000000E+000  0.000000E+000
  4.390000E-001  0.000000E+000  1.235000E-001  0.000000E+000  0.000000E+000  0.000000E+000  0.000000E+000  0.000000E+000  2.813387E-002  0.000000E+000  0.000000E+000  0.000000E+000  0.000000E+000
  4.400000E-001  0.000000E+000  1.218887E-001  0.000000E+000  0.000000E+000  0.000000E+000  0.000000E+000  0.000000E+000  2.648814E-002  0.000000E+000  0.000000E+000  0.000000E+000  0.000000E+000
  4.410000E-001  0.000000E+000  1.203433E-001  0.000000E+000  0.000000E+000  0.000000E+000  0.000000E+000  0.000000E+000  2.487925E-002  0.000000E+000  0.000000E+000  0.000000E+000  0.000000E+000
  4.420000E-001  0.000000E+000  1.188635E-001  0.000000E+000  0.000000E+000  0.000000E+000  0.000000E+000  0.000000E+000  2.330955E-002  0.000000E+000  0.000000E+000  0.000000E+000  0.000000E+000
  4.430000E-001  0.000000E+000  1.174490E-001  0.000000E+000  0.000000E+000  0.000000E+000  0.000000E+000  0.000000E+000  2.178125E-002  0.000000E+000  0.000000E+000  0.000000E+000  0.000000E+000
  4.440000E-001  0.000000E+000  1.160993E-001  0.000000E+000  0.000000E+000  0.000000E+000  0.000000E+000  0.000000E+000  2.029648E-002  0.000000E+000  0.000000E+000  0.000000E+000  0.000000E+000
  4.450000E-001  0.000000E+000  1.148138E-001  0.000000E+000  0.000000E+000  0.000000E+000  0.000000E+000  0.000000E+000  1.885724E-002  0.000000E+000  0.000000E+000  0.000000E+000  0.000000E+000
  4.460000E-001  0.000000E+000  1.135920E-001  0.000000E+000  0.000000E+000  0.000000E+000  0.000000E+000  0.000000E+000  1.746540E-002  0.000000E+000  0.000000E+000  0.000000E+000  0.000000E+000
  4.470000E-001  0.000000E+000  1.124331E-001  0.000000E+000  0.000000E+000  0.000000E+000  0.000000E+000  0.000000E+000  1.612273E-002  0.000000E+000  0.000000E+000  0.000000E+000  0.000000E+000
  4.480000E-001  0.000000E+000  1.113365E-001  0.000000E+000  0.000000E+000  0.000000E+000  0.000000E+000  0.000000E+000  1.483083E-002  0.000000E+000  0.000000E+000  0.000000E+000  0.000000E+000
  4.490000E-001  0.000000E+000  1.103013E-001  0.000000E+000  0.000000E+000  0.000000E+000  0.000000E+000  0.000000E+000  1.359116E-002  0.000000E+000  0.000000E+000  0.000000E+000  0.000000E+000
  4.500000E-001  0.000000E+000  1.093266E-001  0.000000E+000  0.000000E+000  0.000000E+000  0.000000E+000  0.000000E+000  1.240504E-002  0.000000E+000  0.000000E+000  0.000000E+000  0.000000E+000
  4.510000E-001  0.000000E+000  1.084114E-001  0.000000E+000  0.000000E+000  0.000000E+000  0.000000E+000  0.000000E+000  1.127361E-002  0.000000E+000  0.000000E+000  0.000000E+000  0.000000E+000
  4.520000E-001  0.000000E+000  1.075547E-001  0.000000E+000  0.000000E+000  0.000000E+000  0.000000E+000  0.000000E+000  1.019787E-002  0.000000E+000  0.000000E+000  0.000000E+000  0.000000E+000
  4.530000E-001  0.000000E+000  1.067553E-001  0.000000E+000  0.000000E+000  0.000000E+000  0.000000E+000  0.000000E+000  9.178612E-003  0.000000E+000  0.000000E+000  0.000000E+000  0.000000E+000
  4.540000E-001  0.000000E+000  1.060119E-001  0.000000E+000  0.000000E+000  0.000000E+000  0.000000E+000  0.000000E+000  8.216479E-003  0.000000E+000  0.000000E+000  0.000000E+000  0.000000E+000
  4.550000E-001  0.000000E+000  1.053233E-001  0.000000E+000  0.000000E+000  0.000000E+000  0.000000E+000  0.000000E+000  7.311906E-003  0.000000E+000  0.000000E+000  0.000000E+000  0.000000E+000
  4.560000E-001  0.000000E+000  1.046881E-001  0.000000E+000  0.000000E+000  0.000000E+000  0.000000E+000  0.000000E+000  6.465137E-003  0.000000E+000  0.000000E+000  0.000000E+000  0.000000E+000
  4.570000E-001  0.000000E+000  1.041047E-001  0.000000E+000  0.000000E+000  0.000000E+000  0.000000E+000  0.000000E+000  5.676211E-003  0.000000E+000  0.000000E+000  0.000000E+000  0.000000E+000
  4.580000E-001  0.000000E+000  1.035717E-001  0.000000E+000  0.000000E+000  0.000000E+000  0.000000E+000  0.000000E+000  4.944959E-003  0.000000E+000  0.000000E+000  0.000000E+000  0.000000E+000
  4.590000E-001  0.000000E+000  1.030873E-001  0.000000E+000  0.000000E+000  0.000000E+000  0.000000E+000  0.000000E+000  4.270993E-003  0.000000E+000  0.000000E+000  0.000000E+000  0.000000E+000
  4.600000E-001  0.000000E+000  1.026498E-001  0.000000E+000  0.000000E+000  0.000000E+000  0.000000E+000  0.000000E+000  3.653699E-003  0.000000E+000  0.000000E+000  0.000000E+000  0.000000E+000
  4.610000E-001  0.000000E+000  1.022573E-001  0.000000E+000  0.000000E+000  0.000000E+000  0.000000E+000  0.000000E+000  3.092233E-003  0.000000E+000  0.000000E+000  0.000000E+000  0.000000E+000
  4.620000E-001  0.000000E+000  1.019080E-001  0.000000E+000  0.000000E+000  0.000000E+000  0.000000E+000  0.000000E+000  2.585510E-003  0.000000E+000  0.000000E+000  0.000000E+000  0.000000E+000
  4.630000E-001  0.000000E+000  1.015998E-001  0.000000E+000  0.000000E+000  0.000000E+000  0.000000E+000  0.000000E+000  2.132200E-003  0.000000E+000  0.000000E+000  0.000000E+000  0.000000E+000
  4.640000E-001  0.000000E+000  1.013305E-001  0.000000E+000  0.000000E+000  0.000000E+000  0.000000E+000  0.000000E+000  1.730716E-003  0.000000E+000  0.000000E+000  0.000000E+000  0.000000E+000
  4.650000E-001  0.000000E+000  1.010981E-001  0.000000E+000  0.000000E+000  0.000000E+000  0.000000E+000  0.000000E+000  1.379214E-003  0.000000E+000  0.000000E+000  0.000000E+000  0.000000E+000
  4.660000E-001  0.000000E+000  1.009000E-001  0.000000E+000  0.000000E+000  0.000000E+000  0.000000E+000  0.000000E+000  1.075579E-003  0.000000E+000  0.000000E+000  0.000000E+000  0.000000E+000
  4.670000E-001  0.000000E+000  1.007341E-001  0.000000E+000  0.000000E+000  0.000000E+000  0.000000E+000  0.000000E+000  8.174217E-004  0.000000E+000  0.000000E+000  0.000000E+000  0.000000E+000
  4.680000E-001  0.000000E+000  1.005976E-001  0.000000E+000  0.000000E+000  0.000000E+000  0.000000E+000  0.000000E+000  6.020696E-004  0.000000E+000  0.000000E+000  0.000000E+000  0.000000E+000
  4.690000E-001  0.000000E+000  1.004882E-001  0.000000E+000  0.000000E+000  0.000000E+000  0.000000E+000  0.000000E+000  4.265607E-004  0.000000E+000  0.000000E+000  0.000000E+000  0.000000E+000
  4.700000E-001  0.000000E+000  1.004029E-001  0.000000E+000  0.000000E+000  0.000000E+000  0.000000E+000  0.000000E+000  2.876355E-004  0.000000E+000  0.000000E+000  0.000000E+000  0.000000E+000
  4.710000E-001  0.000000E+000  1.003391E-001  0.000000E+000  0.000000E+000  0.000000E+000  0.000000E+000  0.000000E+000  1.817305E-004  0.000000E+000  0.000000E+000  0.000000E+000  0.000000E+000
  4.720000E-001  0.000000E+000  1.002937E-001  0.000000E+000  0.000000E+000  0.000000E+000  0.000000E+000  0.000000E+000  1.049705E-004  0.000000E+000  0.000000E+000  0.000000E+000  0.000000E+000
  4.730000E-001  0.000000E+000  1.002639E-001  0.000000E+000  0.000000E+000  0.000000E+000  0.000000E+000  0.000000E+000  5.316143E-005  0.000000E+000  0.000000E+000  0.000000E+000  0.000000E+000
  4.740000E-001  0.000000E+000  1.002464E-001  0.000000E+000  0.000000E+000  0.000000E+000  0.000000E+000  0.000000E+000  2.178344E-005  0.000000E+000  0.000000E+000  0.000000E+000  0.000000E+000
  4.750000E-001  0.000000E+000  1.002380E-001  0.000000E+000  0.000000E+000  0.000000E+000  0.000000E+000  0.000000E+000  5.983376E-006  0.000000E+000  0.000000E+000  0.000000E+000  0.000000E+000
  4.760000E-001  0.000000E+000  1.002355E-001  0.000000E+000  0.000000E+000  0.000000E+000  0.000000E+000  0.000000E+000  5.676707E-007  0.000000E+000  0.000000E+000  0.000000E+000  0.000000E+000
  4.770000E-001  0.000000E+000  1.002353E-001  0.000000E+000  0.000000E+000  0.000000E+000  0.000000E+000  0.000000E+000  0.000000E+000  0.000000E+000  0.000000E+000  0.000000E+000  0.000000E+000
  4.780000E-001  0.000000E+000  1.002330E-001  0.000000E+000  0.000000E+000  0.000000E+000  0.000000E+000  0.000000E+000  0.000000E+000  0.000000E+000  0.000000E+000  0.000000E+000  0.000000E+000
  4.790000E-001  0.000000E+000  1.002230E-001  0.000000E+000  0.000000E+000  0.000000E+000  0.000000E+000  0.000000E+000  0.000000E+000  0.000000E+000  0.000000E+000  0.000000E+000  0.000000E+000
  4.800000E-001  0.000000E+000  1.002000E-001  0.000000E+000  0.000000E+000  0.000000E+000  0.000000E+000  0.000000E+000  0.000000E+000  0.000000E+000  0.000000E+000  0.000000E+000  0.000000E+000
  4.810000E-001  0.000000E+000  1.001590E-001  0.000000E+000  0.000000E+000  0.000000E+000  0.000000E+000  0.000000E+000  0.000000E+000  0.000000E+000  0.000000E+000  0.000000E+000  0.000000E+000
  4.820000E-001  0.000000E+000  1.000952E-001  0.000000E+000  0.000000E+000  0.000000E+000  0.000000E+000  0.000000E+000  0.000000E+000  0.000000E+000  0.000000E+000  0.000000E+000  0.000000E+000
  4.830000E-001  0.000000E+000  1.000043E-001  0.000000E+000  0.000000E+000  0.000000E+000  0.000000E+000  0.000000E+000  0.000000E+000  0.000000E+000  0.000000E+000  0.000000E+000  0.000000E+000
  4.840000E-001  0.000000E+000  9.988229E-002  0.000000E+000  0.000000E+000  0.000000E+000  0.000000E+000  0.000000E+000  0.000000E+000  0.000000E+000  0.000000E+000  0.000000E+000  0.000000E+000
  4.850000E-001  0.000000E+000  9.972542E-002  0.000000E+000  0.000000E+000  0.000000E+000  0.000000E+000  0.000000E+000  0.000000E+000  0.000000E+000  0.000000E+000  0.000000E+000  0.000000E+000
