 FILE: 7segsprint.11
 
 *** Replace this line with a message to appear on all output files.
 
 
        T             RX1            RY1            RX2            RY2            RX             RY             GRF            COP
       (S)            (N)            (N)            (N)            (N)            (N)            (N)            (N)            (M)
 
  0.000000E+000  0.000000E+000  0.000000E+000 -4.214102E-019  1.292663E-012 -4.214102E-019  1.292663E-012  1.292663E-012 -3.787931E-018
  1.000000E-003  0.000000E+000  0.000000E+000 -6.750984E+002  1.893479E+003 -6.750984E+002  1.893479E+003  2.010229E+003  1.038502E-003
  2.000000E-003  0.000000E+000  0.000000E+000 -2.260296E+003  3.523143E+003 -2.260296E+003  3.523143E+003  4.185867E+003  1.669805E-003
  3.000000E-003 -2.719330E+003  9.227870E+000 -3.584012E+003  4.276692E+003 -6.303343E+003  4.285920E+003  7.622417E+003  1.559121E-003
  4.000000E-003  1.173169E+003  6.886830E+001 -2.743720E+003  3.567288E+003 -1.570551E+003  3.636156E+003  3.960841E+003  3.652050E-003
  5.000000E-003  1.485112E+003  1.102808E+002 -2.061530E+003  2.930028E+003 -5.764183E+002  3.040309E+003  3.094469E+003  5.154524E-003
  6.000000E-003  1.322481E+003  1.248559E+002 -1.840990E+003  2.688701E+003 -5.185090E+002  2.813556E+003  2.860935E+003  5.778814E-003
  7.000000E-003  1.248126E+003  1.241052E+002 -1.803944E+003  2.612645E+003 -5.558183E+002  2.736750E+003  2.792622E+003  5.855426E-003
  8.000000E-003  1.256937E+003  1.189486E+002 -1.849632E+003  2.627511E+003 -5.926947E+002  2.746459E+003  2.809684E+003  5.710453E-003
  9.000000E-003  1.302194E+003  1.151198E+002 -1.922006E+003  2.685601E+003 -6.198126E+002  2.800720E+003  2.868484E+003  5.555174E-003
  1.000000E-002  1.359905E+003  1.145841E+002 -1.986060E+003  2.753567E+003 -6.261551E+002  2.868151E+003  2.935705E+003  5.479215E-003
  1.100000E-002  1.413427E+003  1.172137E+002 -2.027838E+003  2.815055E+003 -6.144106E+002  2.932268E+003  2.995947E+003  5.487922E-003
  1.200000E-002  1.453463E+003  1.219954E+002 -2.048008E+003  2.865097E+003 -5.945445E+002  2.987093E+003  3.045686E+003  5.554592E-003
  1.300000E-002  1.479072E+003  1.278021E+002 -2.053333E+003  2.904230E+003 -5.742607E+002  3.032032E+003  3.085935E+003  5.650316E-003
  1.400000E-002  1.494682E+003  1.337867E+002 -2.050753E+003  2.934911E+003 -5.560712E+002  3.068697E+003  3.118673E+003  5.754491E-003
  1.500000E-002  1.505825E+003  1.394832E+002 -2.044989E+003  2.959784E+003 -5.391645E+002  3.099267E+003  3.145815E+003  5.855824E-003
  1.600000E-002  1.516496E+003  1.447343E+002 -2.038409E+003  2.980936E+003 -5.219130E+002  3.125671E+003  3.168945E+003  5.949961E-003
  1.700000E-002  1.528596E+003  1.495631E+002 -2.031728E+003  2.999680E+003 -5.031323E+002  3.149243E+003  3.189181E+003  6.036617E-003
  1.800000E-002  1.542500E+003  1.540624E+002 -2.024798E+003  3.016637E+003 -4.822981E+002  3.170699E+003  3.207171E+003  6.117302E-003
  1.900000E-002  1.557810E+003  1.583273E+002 -2.017174E+003  3.031970E+003 -4.593635E+002  3.190297E+003  3.223199E+003  6.193872E-003
  2.000000E-002  1.573912E+003  1.624265E+002 -2.008441E+003  3.045617E+003 -4.345292E+002  3.208044E+003  3.237339E+003  6.267828E-003
  2.100000E-002  1.590261E+003  1.663983E+002 -1.998338E+003  3.057459E+003 -4.080765E+002  3.223857E+003  3.249582E+003  6.340127E-003
  2.200000E-002  1.606488E+003  1.702582E+002 -1.986759E+003  3.067395E+003 -3.802708E+002  3.237653E+003  3.259908E+003  6.411262E-003
  2.300000E-002  1.622384E+003  1.740087E+002 -1.973707E+003  3.075375E+003 -3.513227E+002  3.249383E+003  3.268321E+003  6.481435E-003
  2.400000E-002  1.637856E+003  1.776466E+002 -1.959242E+003  3.081388E+003 -3.213856E+002  3.259034E+003  3.274843E+003  6.550705E-003
  2.500000E-002  1.652871E+003  1.811685E+002 -1.943442E+003  3.085447E+003 -2.905706E+002  3.266616E+003  3.279514E+003  6.619097E-003
  2.600000E-002  1.667414E+003  1.845721E+002 -1.926378E+003  3.087574E+003 -2.589641E+002  3.272146E+003  3.282377E+003  6.686651E-003
  2.700000E-002  1.681471E+003  1.878568E+002 -1.908110E+003  3.087785E+003 -2.266394E+002  3.275642E+003  3.283473E+003  6.753439E-003
  2.800000E-002  1.695018E+003  1.910230E+002 -1.888687E+003  3.086092E+003 -1.936684E+002  3.277115E+003  3.282833E+003  6.819566E-003
  2.900000E-002  1.708023E+003  1.940719E+002 -1.868145E+003  3.082492E+003 -1.601221E+002  3.276564E+003  3.280475E+003  6.885161E-003
  3.000000E-002  1.720449E+003  1.970047E+002 -1.846515E+003  3.076975E+003 -1.260668E+002  3.273980E+003  3.276406E+003  6.950371E-003
  3.100000E-002  1.732248E+003  1.998220E+002 -1.823824E+003  3.069517E+003 -9.157620E+001  3.269339E+003  3.270621E+003  7.015354E-003
  3.200000E-002  1.743373E+003  2.025242E+002 -1.800092E+003  3.060084E+003 -5.671881E+001  3.262608E+003  3.263101E+003  7.080282E-003
  3.300000E-002  1.753771E+003  2.051110E+002 -1.775335E+003  3.048631E+003 -2.156468E+001  3.253742E+003  3.253814E+003  7.145338E-003
  3.400000E-002  1.763383E+003  2.075813E+002 -1.749567E+003  3.035099E+003  1.381544E+001  3.242680E+003  3.242710E+003  7.210723E-003
  3.500000E-002  1.772143E+003  2.099333E+002 -1.722795E+003  3.019415E+003  4.934779E+001  3.229348E+003  3.229725E+003  7.276652E-003
  3.600000E-002  1.779977E+003  2.121644E+002 -1.695021E+003  3.001493E+003  8.495594E+001  3.213657E+003  3.214780E+003  7.343364E-003
  3.700000E-002  1.786799E+003  2.142708E+002 -1.666243E+003  2.981232E+003  1.205556E+002  3.195502E+003  3.197776E+003  7.411120E-003
  3.800000E-002  1.792514E+003  2.162479E+002 -1.636454E+003  2.958515E+003  1.560603E+002  3.174763E+003  3.178597E+003  7.480206E-003
  3.900000E-002  1.797013E+003  2.180900E+002 -1.605642E+003  2.933216E+003  1.913707E+002  3.151306E+003  3.157111E+003  7.550936E-003
  4.000000E-002  1.800176E+003  2.197900E+002 -1.573794E+003  2.905193E+003  2.263816E+002  3.124983E+003  3.133172E+003  7.623657E-003
  4.100000E-002  1.801875E+003  2.213402E+002 -1.540894E+003  2.874298E+003  2.609812E+002  3.095638E+003  3.106619E+003  7.698745E-003
  4.200000E-002  1.801970E+003  2.227314E+002 -1.506924E+003  2.840374E+003  2.950458E+002  3.063106E+003  3.077283E+003  7.776615E-003
  4.300000E-002  1.800311E+003  2.239539E+002 -1.471867E+003  2.803264E+003  3.284442E+002  3.027218E+003  3.044983E+003  7.857724E-003
  4.400000E-002  1.796744E+003  2.249968E+002 -1.435708E+003  2.762809E+003  3.610364E+002  2.987805E+003  3.009540E+003  7.942574E-003
  4.500000E-002  1.791109E+003  2.258489E+002 -1.398434E+003  2.718853E+003  3.926750E+002  2.944702E+003  2.970768E+003  8.031725E-003
  4.600000E-002  1.783241E+003  2.264986E+002 -1.360036E+003  2.671248E+003  4.232050E+002  2.897746E+003  2.928487E+003  8.125800E-003
  4.700000E-002  1.772973E+003  2.269338E+002 -1.320508E+003  2.619854E+003  4.524649E+002  2.846787E+003  2.882520E+003  8.225502E-003
  4.800000E-002  1.760133E+003  2.271427E+002 -1.279852E+003  2.564541E+003  4.802805E+002  2.791684E+003  2.832696E+003  8.331636E-003
  4.900000E-002  1.744310E+003  2.271133E+002 -1.238026E+003  2.505097E+003  5.062833E+002  2.732211E+003  2.778722E+003  8.445464E-003
  5.000000E-002  1.725357E+003  2.268321E+002 -1.194979E+003  2.441285E+003  5.303773E+002  2.668117E+003  2.720322E+003  8.568349E-003
  5.100000E-002  1.703322E+003  2.262846E+002 -1.150768E+003  2.373084E+003  5.525535E+002  2.599368E+003  2.657448E+003  8.701254E-003
  5.200000E-002  1.678533E+003  2.254591E+002 -1.105547E+003  2.300683E+003  5.729858E+002  2.526142E+003  2.590310E+003  8.844680E-003
  5.300000E-002  1.652836E+003  2.243509E+002 -1.059750E+003  2.224885E+003  5.930857E+002  2.449236E+003  2.520021E+003  8.996595E-003
  5.400000E-002  1.632028E+003  2.229754E+002 -1.014952E+003  2.148950E+003  6.170762E+002  2.371926E+003  2.450880E+003  9.144775E-003
  5.500000E-002  1.608821E+003  2.213959E+002 -9.713621E+002  2.073366E+003  6.374590E+002  2.294762E+003  2.381656E+003  9.296063E-003
  5.600000E-002  1.581906E+003  2.196717E+002 -9.277420E+002  1.995479E+003  6.541637E+002  2.215151E+003  2.309724E+003  9.462058E-003
  5.700000E-002  1.551260E+003  2.178100E+002 -8.836134E+002  1.914124E+003  6.676465E+002  2.131934E+003  2.234031E+003  9.648940E-003
  5.800000E-002  1.517739E+003  2.157873E+002 -8.389272E+002  1.829025E+003  6.788117E+002  2.044812E+003  2.154540E+003  9.859054E-003
  5.900000E-002  1.481751E+003  2.135767E+002 -7.938878E+002  1.740503E+003  6.878633E+002  1.954079E+003  2.071613E+003  1.009364E-002
  6.000000E-002  1.443327E+003  2.111627E+002 -7.486405E+002  1.648813E+003  6.946863E+002  1.859976E+003  1.985472E+003  1.035540E-002
  6.100000E-002  1.402489E+003  2.085413E+002 -7.032884E+002  1.554169E+003  6.992006E+002  1.762710E+003  1.896320E+003  1.064820E-002
  6.200000E-002  1.359226E+003  2.057159E+002 -6.579056E+002  1.456761E+003  7.013204E+002  1.662476E+003  1.804350E+003  1.097723E-002
  6.300000E-002  1.313500E+003  2.026945E+002 -6.125421E+002  1.356773E+003  7.009580E+002  1.559468E+003  1.709761E+003  1.134914E-002
  6.400000E-002  1.265253E+003  1.994883E+002 -5.672239E+002  1.254394E+003  6.980288E+002  1.453882E+003  1.612767E+003  1.177237E-002
  6.500000E-002  1.214396E+003  1.961104E+002 -5.219561E+002  1.149837E+003  6.924399E+002  1.345948E+003  1.513621E+003  1.225754E-002
  6.600000E-002  1.160801E+003  1.925760E+002 -4.767355E+002  1.043392E+003  6.840659E+002  1.235968E+003  1.412644E+003  1.281790E-002
  6.700000E-002  1.104344E+003  1.889030E+002 -4.315243E+002  9.353871E+002  6.728199E+002  1.124290E+003  1.310235E+003  1.347019E-002
  6.800000E-002  1.044888E+003  1.851124E+002 -3.862362E+002  8.261870E+002  6.586519E+002  1.011299E+003  1.206876E+003  1.423574E-002
  6.900000E-002  9.822682E+002  1.812281E+002 -3.407310E+002  7.162166E+002  6.415373E+002  8.974446E+002  1.103167E+003  1.514163E-002
  7.000000E-002  9.162830E+002  1.772763E+002 -2.948286E+002  6.060251E+002  6.214544E+002  7.833014E+002  9.998833E+002  1.622162E-002
  7.100000E-002  8.467160E+002  1.732861E+002 -2.483137E+002  4.963322E+002  5.984022E+002  6.696184E+002  8.980390E+002  1.751659E-002
  7.200000E-002  7.733622E+002  1.692899E+002 -2.009535E+002  3.880899E+002  5.724087E+002  5.573797E+002  7.989517E+002  1.907296E-002
  7.300000E-002  6.960797E+002  1.653231E+002 -1.525416E+002  2.825720E+002  5.435382E+002  4.478951E+002  7.043037E+002  2.093634E-002
  7.400000E-002  6.148888E+002  1.614238E+002 -1.029921E+002  1.815076E+002  5.118966E+002  3.429314E+002  6.161494E+002  2.313578E-002
  7.500000E-002  5.301586E+002  1.576290E+002 -5.253070E+001  8.727713E+001  4.776279E+002  2.449061E+002  5.367564E+002  2.565585E-002
  7.600000E-002  4.429516E+002  1.539666E+002 -2.068668E+000  3.208070E+000  4.408829E+002  1.571746E+002  4.680615E+002  2.841143E-002
  7.700000E-002  3.793105E+002  1.503622E+002  0.000000E+000  0.000000E+000  3.793105E+002  1.503622E+002  4.080261E+002  3.181263E-002
  7.800000E-002  3.233109E+002  1.462827E+002  0.000000E+000  0.000000E+000  3.233109E+002  1.462827E+002  3.548641E+002  3.558521E-002
  7.900000E-002  2.757143E+002  1.410575E+002  0.000000E+000  0.000000E+000  2.757143E+002  1.410575E+002  3.097024E+002  3.931709E-002
  8.000000E-002  2.379220E+002  1.341348E+002  0.000000E+000  0.000000E+000  2.379220E+002  1.341348E+002  2.731282E+002  4.239325E-002
  8.100000E-002  2.120966E+002  1.251021E+002  0.000000E+000  0.000000E+000  2.120966E+002  1.251021E+002  2.462428E+002  4.385462E-002
  8.200000E-002  3.224249E+002  1.121207E+002  0.000000E+000  0.000000E+000  3.224249E+002  1.121207E+002  3.413633E+002  2.835124E-002
  8.300000E-002  2.721193E+002  9.621632E+001  0.000000E+000  0.000000E+000  2.721193E+002  9.621632E+001  2.886286E+002  2.877399E-002
  8.400000E-002  2.288721E+002  7.953140E+001  0.000000E+000  0.000000E+000  2.288721E+002  7.953140E+001  2.422967E+002  2.833151E-002
  8.500000E-002  1.958266E+002  6.177837E+001  0.000000E+000  0.000000E+000  1.958266E+002  6.177837E+001  2.053403E+002  2.596736E-002
  8.600000E-002  2.191933E+002  4.215439E+001  0.000000E+000  0.000000E+000  2.191933E+002  4.215439E+001  2.232100E+002  1.629962E-002
  8.700000E-002  2.070696E+002  1.988962E+001  0.000000E+000  0.000000E+000  2.070696E+002  1.988962E+001  2.080226E+002  8.251502E-003
  8.800000E-002  0.000000E+000  0.000000E+000  0.000000E+000  0.000000E+000  0.000000E+000  0.000000E+000  0.000000E+000  0.000000E+000
  8.900000E-002  0.000000E+000  0.000000E+000  0.000000E+000  0.000000E+000  0.000000E+000  0.000000E+000  0.000000E+000  0.000000E+000
  9.000000E-002  0.000000E+000  0.000000E+000  0.000000E+000  0.000000E+000  0.000000E+000  0.000000E+000  0.000000E+000  0.000000E+000
  9.100000E-002  0.000000E+000  0.000000E+000  0.000000E+000  0.000000E+000  0.000000E+000  0.000000E+000  0.000000E+000  0.000000E+000
  9.200000E-002  0.000000E+000  0.000000E+000  0.000000E+000  0.000000E+000  0.000000E+000  0.000000E+000  0.000000E+000  0.000000E+000
  9.300000E-002  0.000000E+000  0.000000E+000  0.000000E+000  0.000000E+000  0.000000E+000  0.000000E+000  0.000000E+000  0.000000E+000
  9.400000E-002  0.000000E+000  0.000000E+000  0.000000E+000  0.000000E+000  0.000000E+000  0.000000E+000  0.000000E+000  0.000000E+000
  9.500000E-002  0.000000E+000  0.000000E+000  0.000000E+000  0.000000E+000  0.000000E+000  0.000000E+000  0.000000E+000  0.000000E+000
  9.600000E-002  0.000000E+000  0.000000E+000  0.000000E+000  0.000000E+000  0.000000E+000  0.000000E+000  0.000000E+000  0.000000E+000
  9.700000E-002  0.000000E+000  0.000000E+000  0.000000E+000  0.000000E+000  0.000000E+000  0.000000E+000  0.000000E+000  0.000000E+000
  9.800000E-002  0.000000E+000  0.000000E+000  0.000000E+000  0.000000E+000  0.000000E+000  0.000000E+000  0.000000E+000  0.000000E+000
  9.900000E-002  0.000000E+000  0.000000E+000  0.000000E+000  0.000000E+000  0.000000E+000  0.000000E+000  0.000000E+000  0.000000E+000
  1.000000E-001  0.000000E+000  0.000000E+000  0.000000E+000  0.000000E+000  0.000000E+000  0.000000E+000  0.000000E+000  0.000000E+000
  1.010000E-001  0.000000E+000  0.000000E+000  0.000000E+000  0.000000E+000  0.000000E+000  0.000000E+000  0.000000E+000  0.000000E+000
  1.020000E-001  0.000000E+000  0.000000E+000  0.000000E+000  0.000000E+000  0.000000E+000  0.000000E+000  0.000000E+000  0.000000E+000
  1.030000E-001  0.000000E+000  0.000000E+000  0.000000E+000  0.000000E+000  0.000000E+000  0.000000E+000  0.000000E+000  0.000000E+000
  1.040000E-001  0.000000E+000  0.000000E+000  0.000000E+000  0.000000E+000  0.000000E+000  0.000000E+000  0.000000E+000  0.000000E+000
  1.050000E-001  0.000000E+000  0.000000E+000  0.000000E+000  0.000000E+000  0.000000E+000  0.000000E+000  0.000000E+000  0.000000E+000
  1.060000E-001  0.000000E+000  0.000000E+000  0.000000E+000  0.000000E+000  0.000000E+000  0.000000E+000  0.000000E+000  0.000000E+000
  1.070000E-001  0.000000E+000  0.000000E+000  0.000000E+000  0.000000E+000  0.000000E+000  0.000000E+000  0.000000E+000  0.000000E+000
  1.080000E-001  0.000000E+000  0.000000E+000  0.000000E+000  0.000000E+000  0.000000E+000  0.000000E+000  0.000000E+000  0.000000E+000
  1.090000E-001  0.000000E+000  0.000000E+000  0.000000E+000  0.000000E+000  0.000000E+000  0.000000E+000  0.000000E+000  0.000000E+000
  1.100000E-001  0.000000E+000  0.000000E+000  0.000000E+000  0.000000E+000  0.000000E+000  0.000000E+000  0.000000E+000  0.000000E+000
  1.110000E-001  0.000000E+000  0.000000E+000  0.000000E+000  0.000000E+000  0.000000E+000  0.000000E+000  0.000000E+000  0.000000E+000
  1.120000E-001  0.000000E+000  0.000000E+000  0.000000E+000  0.000000E+000  0.000000E+000  0.000000E+000  0.000000E+000  0.000000E+000
  1.130000E-001  0.000000E+000  0.000000E+000  0.000000E+000  0.000000E+000  0.000000E+000  0.000000E+000  0.000000E+000  0.000000E+000
  1.140000E-001  0.000000E+000  0.000000E+000  0.000000E+000  0.000000E+000  0.000000E+000  0.000000E+000  0.000000E+000  0.000000E+000
  1.150000E-001  0.000000E+000  0.000000E+000  0.000000E+000  0.000000E+000  0.000000E+000  0.000000E+000  0.000000E+000  0.000000E+000
  1.160000E-001  0.000000E+000  0.000000E+000  0.000000E+000  0.000000E+000  0.000000E+000  0.000000E+000  0.000000E+000  0.000000E+000
  1.170000E-001  0.000000E+000  0.000000E+000  0.000000E+000  0.000000E+000  0.000000E+000  0.000000E+000  0.000000E+000  0.000000E+000
  1.180000E-001  0.000000E+000  0.000000E+000  0.000000E+000  0.000000E+000  0.000000E+000  0.000000E+000  0.000000E+000  0.000000E+000
  1.190000E-001  0.000000E+000  0.000000E+000  0.000000E+000  0.000000E+000  0.000000E+000  0.000000E+000  0.000000E+000  0.000000E+000
  1.200000E-001  0.000000E+000  0.000000E+000  0.000000E+000  0.000000E+000  0.000000E+000  0.000000E+000  0.000000E+000  0.000000E+000
  1.210000E-001  0.000000E+000  0.000000E+000  0.000000E+000  0.000000E+000  0.000000E+000  0.000000E+000  0.000000E+000  0.000000E+000
  1.220000E-001  0.000000E+000  0.000000E+000  0.000000E+000  0.000000E+000  0.000000E+000  0.000000E+000  0.000000E+000  0.000000E+000
  1.230000E-001  0.000000E+000  0.000000E+000  0.000000E+000  0.000000E+000  0.000000E+000  0.000000E+000  0.000000E+000  0.000000E+000
  1.240000E-001  0.000000E+000  0.000000E+000  0.000000E+000  0.000000E+000  0.000000E+000  0.000000E+000  0.000000E+000  0.000000E+000
  1.250000E-001  0.000000E+000  0.000000E+000  0.000000E+000  0.000000E+000  0.000000E+000  0.000000E+000  0.000000E+000  0.000000E+000
  1.260000E-001  0.000000E+000  0.000000E+000  0.000000E+000  0.000000E+000  0.000000E+000  0.000000E+000  0.000000E+000  0.000000E+000
  1.270000E-001  0.000000E+000  0.000000E+000  0.000000E+000  0.000000E+000  0.000000E+000  0.000000E+000  0.000000E+000  0.000000E+000
  1.280000E-001  0.000000E+000  0.000000E+000  0.000000E+000  0.000000E+000  0.000000E+000  0.000000E+000  0.000000E+000  0.000000E+000
  1.290000E-001  0.000000E+000  0.000000E+000  0.000000E+000  0.000000E+000  0.000000E+000  0.000000E+000  0.000000E+000  0.000000E+000
  1.300000E-001  0.000000E+000  0.000000E+000  0.000000E+000  0.000000E+000  0.000000E+000  0.000000E+000  0.000000E+000  0.000000E+000
  1.310000E-001  0.000000E+000  0.000000E+000  0.000000E+000  0.000000E+000  0.000000E+000  0.000000E+000  0.000000E+000  0.000000E+000
  1.320000E-001  0.000000E+000  0.000000E+000  0.000000E+000  0.000000E+000  0.000000E+000  0.000000E+000  0.000000E+000  0.000000E+000
  1.330000E-001  0.000000E+000  0.000000E+000  0.000000E+000  0.000000E+000  0.000000E+000  0.000000E+000  0.000000E+000  0.000000E+000
  1.340000E-001  0.000000E+000  0.000000E+000  0.000000E+000  0.000000E+000  0.000000E+000  0.000000E+000  0.000000E+000  0.000000E+000
  1.350000E-001  0.000000E+000  0.000000E+000  0.000000E+000  0.000000E+000  0.000000E+000  0.000000E+000  0.000000E+000  0.000000E+000
  1.360000E-001  0.000000E+000  0.000000E+000  0.000000E+000  0.000000E+000  0.000000E+000  0.000000E+000  0.000000E+000  0.000000E+000
  1.370000E-001  0.000000E+000  0.000000E+000  0.000000E+000  0.000000E+000  0.000000E+000  0.000000E+000  0.000000E+000  0.000000E+000
  1.380000E-001  0.000000E+000  0.000000E+000  0.000000E+000  0.000000E+000  0.000000E+000  0.000000E+000  0.000000E+000  0.000000E+000
  1.390000E-001  0.000000E+000  0.000000E+000  0.000000E+000  0.000000E+000  0.000000E+000  0.000000E+000  0.000000E+000  0.000000E+000
  1.400000E-001  0.000000E+000  0.000000E+000  0.000000E+000  0.000000E+000  0.000000E+000  0.000000E+000  0.000000E+000  0.000000E+000
  1.410000E-001  0.000000E+000  0.000000E+000  0.000000E+000  0.000000E+000  0.000000E+000  0.000000E+000  0.000000E+000  0.000000E+000
  1.420000E-001  0.000000E+000  0.000000E+000  0.000000E+000  0.000000E+000  0.000000E+000  0.000000E+000  0.000000E+000  0.000000E+000
  1.430000E-001  0.000000E+000  0.000000E+000  0.000000E+000  0.000000E+000  0.000000E+000  0.000000E+000  0.000000E+000  0.000000E+000
  1.440000E-001  0.000000E+000  0.000000E+000  0.000000E+000  0.000000E+000  0.000000E+000  0.000000E+000  0.000000E+000  0.000000E+000
  1.450000E-001  0.000000E+000  0.000000E+000  0.000000E+000  0.000000E+000  0.000000E+000  0.000000E+000  0.000000E+000  0.000000E+000
  1.460000E-001  0.000000E+000  0.000000E+000  0.000000E+000  0.000000E+000  0.000000E+000  0.000000E+000  0.000000E+000  0.000000E+000
  1.470000E-001  0.000000E+000  0.000000E+000  0.000000E+000  0.000000E+000  0.000000E+000  0.000000E+000  0.000000E+000  0.000000E+000
  1.480000E-001  0.000000E+000  0.000000E+000  0.000000E+000  0.000000E+000  0.000000E+000  0.000000E+000  0.000000E+000  0.000000E+000
  1.490000E-001  0.000000E+000  0.000000E+000  0.000000E+000  0.000000E+000  0.000000E+000  0.000000E+000  0.000000E+000  0.000000E+000
  1.500000E-001  0.000000E+000  0.000000E+000  0.000000E+000  0.000000E+000  0.000000E+000  0.000000E+000  0.000000E+000  0.000000E+000
  1.510000E-001  0.000000E+000  0.000000E+000  0.000000E+000  0.000000E+000  0.000000E+000  0.000000E+000  0.000000E+000  0.000000E+000
  1.520000E-001  0.000000E+000  0.000000E+000  0.000000E+000  0.000000E+000  0.000000E+000  0.000000E+000  0.000000E+000  0.000000E+000
  1.530000E-001  0.000000E+000  0.000000E+000  0.000000E+000  0.000000E+000  0.000000E+000  0.000000E+000  0.000000E+000  0.000000E+000
  1.540000E-001  0.000000E+000  0.000000E+000  0.000000E+000  0.000000E+000  0.000000E+000  0.000000E+000  0.000000E+000  0.000000E+000
  1.550000E-001  0.000000E+000  0.000000E+000  0.000000E+000  0.000000E+000  0.000000E+000  0.000000E+000  0.000000E+000  0.000000E+000
  1.560000E-001  0.000000E+000  0.000000E+000  0.000000E+000  0.000000E+000  0.000000E+000  0.000000E+000  0.000000E+000  0.000000E+000
  1.570000E-001  0.000000E+000  0.000000E+000  0.000000E+000  0.000000E+000  0.000000E+000  0.000000E+000  0.000000E+000  0.000000E+000
  1.580000E-001  0.000000E+000  0.000000E+000  0.000000E+000  0.000000E+000  0.000000E+000  0.000000E+000  0.000000E+000  0.000000E+000
  1.590000E-001  0.000000E+000  0.000000E+000  0.000000E+000  0.000000E+000  0.000000E+000  0.000000E+000  0.000000E+000  0.000000E+000
  1.600000E-001  0.000000E+000  0.000000E+000  0.000000E+000  0.000000E+000  0.000000E+000  0.000000E+000  0.000000E+000  0.000000E+000
  1.610000E-001  0.000000E+000  0.000000E+000  0.000000E+000  0.000000E+000  0.000000E+000  0.000000E+000  0.000000E+000  0.000000E+000
  1.620000E-001  0.000000E+000  0.000000E+000  0.000000E+000  0.000000E+000  0.000000E+000  0.000000E+000  0.000000E+000  0.000000E+000
  1.630000E-001  0.000000E+000  0.000000E+000  0.000000E+000  0.000000E+000  0.000000E+000  0.000000E+000  0.000000E+000  0.000000E+000
  1.640000E-001  0.000000E+000  0.000000E+000  0.000000E+000  0.000000E+000  0.000000E+000  0.000000E+000  0.000000E+000  0.000000E+000
  1.650000E-001  0.000000E+000  0.000000E+000  0.000000E+000  0.000000E+000  0.000000E+000  0.000000E+000  0.000000E+000  0.000000E+000
  1.660000E-001  0.000000E+000  0.000000E+000  0.000000E+000  0.000000E+000  0.000000E+000  0.000000E+000  0.000000E+000  0.000000E+000
  1.670000E-001  0.000000E+000  0.000000E+000  0.000000E+000  0.000000E+000  0.000000E+000  0.000000E+000  0.000000E+000  0.000000E+000
  1.680000E-001  0.000000E+000  0.000000E+000  0.000000E+000  0.000000E+000  0.000000E+000  0.000000E+000  0.000000E+000  0.000000E+000
  1.690000E-001  0.000000E+000  0.000000E+000  0.000000E+000  0.000000E+000  0.000000E+000  0.000000E+000  0.000000E+000  0.000000E+000
  1.700000E-001  0.000000E+000  0.000000E+000  0.000000E+000  0.000000E+000  0.000000E+000  0.000000E+000  0.000000E+000  0.000000E+000
  1.710000E-001  0.000000E+000  0.000000E+000  0.000000E+000  0.000000E+000  0.000000E+000  0.000000E+000  0.000000E+000  0.000000E+000
  1.720000E-001  0.000000E+000  0.000000E+000  0.000000E+000  0.000000E+000  0.000000E+000  0.000000E+000  0.000000E+000  0.000000E+000
  1.730000E-001  0.000000E+000  0.000000E+000  0.000000E+000  0.000000E+000  0.000000E+000  0.000000E+000  0.000000E+000  0.000000E+000
  1.740000E-001  0.000000E+000  0.000000E+000  0.000000E+000  0.000000E+000  0.000000E+000  0.000000E+000  0.000000E+000  0.000000E+000
  1.750000E-001  0.000000E+000  0.000000E+000  0.000000E+000  0.000000E+000  0.000000E+000  0.000000E+000  0.000000E+000  0.000000E+000
  1.760000E-001  0.000000E+000  0.000000E+000  0.000000E+000  0.000000E+000  0.000000E+000  0.000000E+000  0.000000E+000  0.000000E+000
  1.770000E-001  0.000000E+000  0.000000E+000  0.000000E+000  0.000000E+000  0.000000E+000  0.000000E+000  0.000000E+000  0.000000E+000
  1.780000E-001  0.000000E+000  0.000000E+000  0.000000E+000  0.000000E+000  0.000000E+000  0.000000E+000  0.000000E+000  0.000000E+000
  1.790000E-001  0.000000E+000  0.000000E+000  0.000000E+000  0.000000E+000  0.000000E+000  0.000000E+000  0.000000E+000  0.000000E+000
  1.800000E-001  0.000000E+000  0.000000E+000  0.000000E+000  0.000000E+000  0.000000E+000  0.000000E+000  0.000000E+000  0.000000E+000
  1.810000E-001  0.000000E+000  0.000000E+000  0.000000E+000  0.000000E+000  0.000000E+000  0.000000E+000  0.000000E+000  0.000000E+000
  1.820000E-001  0.000000E+000  0.000000E+000  0.000000E+000  0.000000E+000  0.000000E+000  0.000000E+000  0.000000E+000  0.000000E+000
  1.830000E-001  0.000000E+000  0.000000E+000  0.000000E+000  0.000000E+000  0.000000E+000  0.000000E+000  0.000000E+000  0.000000E+000
  1.840000E-001  0.000000E+000  0.000000E+000  0.000000E+000  0.000000E+000  0.000000E+000  0.000000E+000  0.000000E+000  0.000000E+000
  1.850000E-001  0.000000E+000  0.000000E+000  0.000000E+000  0.000000E+000  0.000000E+000  0.000000E+000  0.000000E+000  0.000000E+000
  1.860000E-001  0.000000E+000  0.000000E+000  0.000000E+000  0.000000E+000  0.000000E+000  0.000000E+000  0.000000E+000  0.000000E+000
  1.870000E-001  0.000000E+000  0.000000E+000  0.000000E+000  0.000000E+000  0.000000E+000  0.000000E+000  0.000000E+000  0.000000E+000
  1.880000E-001  0.000000E+000  0.000000E+000  0.000000E+000  0.000000E+000  0.000000E+000  0.000000E+000  0.000000E+000  0.000000E+000
  1.890000E-001  0.000000E+000  0.000000E+000  0.000000E+000  0.000000E+000  0.000000E+000  0.000000E+000  0.000000E+000  0.000000E+000
  1.900000E-001  0.000000E+000  0.000000E+000  0.000000E+000  0.000000E+000  0.000000E+000  0.000000E+000  0.000000E+000  0.000000E+000
  1.910000E-001  0.000000E+000  0.000000E+000  0.000000E+000  0.000000E+000  0.000000E+000  0.000000E+000  0.000000E+000  0.000000E+000
  1.920000E-001  0.000000E+000  0.000000E+000  0.000000E+000  0.000000E+000  0.000000E+000  0.000000E+000  0.000000E+000  0.000000E+000
  1.930000E-001  0.000000E+000  0.000000E+000  0.000000E+000  0.000000E+000  0.000000E+000  0.000000E+000  0.000000E+000  0.000000E+000
  1.940000E-001  0.000000E+000  0.000000E+000  0.000000E+000  0.000000E+000  0.000000E+000  0.000000E+000  0.000000E+000  0.000000E+000
  1.950000E-001  0.000000E+000  0.000000E+000  0.000000E+000  0.000000E+000  0.000000E+000  0.000000E+000  0.000000E+000  0.000000E+000
  1.960000E-001  0.000000E+000  0.000000E+000  0.000000E+000  0.000000E+000  0.000000E+000  0.000000E+000  0.000000E+000  0.000000E+000
  1.970000E-001  0.000000E+000  0.000000E+000  0.000000E+000  0.000000E+000  0.000000E+000  0.000000E+000  0.000000E+000  0.000000E+000
  1.980000E-001  0.000000E+000  0.000000E+000  0.000000E+000  0.000000E+000  0.000000E+000  0.000000E+000  0.000000E+000  0.000000E+000
  1.990000E-001  0.000000E+000  0.000000E+000  0.000000E+000  0.000000E+000  0.000000E+000  0.000000E+000  0.000000E+000  0.000000E+000
  2.000000E-001  0.000000E+000  0.000000E+000  0.000000E+000  0.000000E+000  0.000000E+000  0.000000E+000  0.000000E+000  0.000000E+000
  2.010000E-001  0.000000E+000  0.000000E+000  0.000000E+000  0.000000E+000  0.000000E+000  0.000000E+000  0.000000E+000  0.000000E+000
  2.020000E-001  0.000000E+000  0.000000E+000  0.000000E+000  0.000000E+000  0.000000E+000  0.000000E+000  0.000000E+000  0.000000E+000
  2.030000E-001  0.000000E+000  0.000000E+000  0.000000E+000  0.000000E+000  0.000000E+000  0.000000E+000  0.000000E+000  0.000000E+000
  2.040000E-001  0.000000E+000  0.000000E+000  0.000000E+000  0.000000E+000  0.000000E+000  0.000000E+000  0.000000E+000  0.000000E+000
  2.050000E-001  0.000000E+000  0.000000E+000  0.000000E+000  0.000000E+000  0.000000E+000  0.000000E+000  0.000000E+000  0.000000E+000
  2.060000E-001  0.000000E+000  0.000000E+000  0.000000E+000  0.000000E+000  0.000000E+000  0.000000E+000  0.000000E+000  0.000000E+000
  2.070000E-001  0.000000E+000  0.000000E+000  0.000000E+000  0.000000E+000  0.000000E+000  0.000000E+000  0.000000E+000  0.000000E+000
  2.080000E-001  0.000000E+000  0.000000E+000  0.000000E+000  0.000000E+000  0.000000E+000  0.000000E+000  0.000000E+000  0.000000E+000
  2.090000E-001  0.000000E+000  0.000000E+000  0.000000E+000  0.000000E+000  0.000000E+000  0.000000E+000  0.000000E+000  0.000000E+000
  2.100000E-001  0.000000E+000  0.000000E+000  0.000000E+000  0.000000E+000  0.000000E+000  0.000000E+000  0.000000E+000  0.000000E+000
  2.110000E-001  0.000000E+000  0.000000E+000  0.000000E+000  0.000000E+000  0.000000E+000  0.000000E+000  0.000000E+000  0.000000E+000
  2.120000E-001  0.000000E+000  0.000000E+000  0.000000E+000  0.000000E+000  0.000000E+000  0.000000E+000  0.000000E+000  0.000000E+000
  2.130000E-001  0.000000E+000  0.000000E+000  0.000000E+000  0.000000E+000  0.000000E+000  0.000000E+000  0.000000E+000  0.000000E+000
  2.140000E-001  0.000000E+000  0.000000E+000  0.000000E+000  0.000000E+000  0.000000E+000  0.000000E+000  0.000000E+000  0.000000E+000
  2.150000E-001  0.000000E+000  0.000000E+000  0.000000E+000  0.000000E+000  0.000000E+000  0.000000E+000  0.000000E+000  0.000000E+000
  2.160000E-001  0.000000E+000  0.000000E+000  0.000000E+000  0.000000E+000  0.000000E+000  0.000000E+000  0.000000E+000  0.000000E+000
  2.170000E-001  0.000000E+000  0.000000E+000  0.000000E+000  0.000000E+000  0.000000E+000  0.000000E+000  0.000000E+000  0.000000E+000
  2.180000E-001  0.000000E+000  0.000000E+000  0.000000E+000  0.000000E+000  0.000000E+000  0.000000E+000  0.000000E+000  0.000000E+000
  2.190000E-001  0.000000E+000  0.000000E+000  0.000000E+000  0.000000E+000  0.000000E+000  0.000000E+000  0.000000E+000  0.000000E+000
  2.200000E-001  0.000000E+000  0.000000E+000  0.000000E+000  0.000000E+000  0.000000E+000  0.000000E+000  0.000000E+000  0.000000E+000
  2.210000E-001  0.000000E+000  0.000000E+000  0.000000E+000  0.000000E+000  0.000000E+000  0.000000E+000  0.000000E+000  0.000000E+000
  2.220000E-001  0.000000E+000  0.000000E+000  0.000000E+000  0.000000E+000  0.000000E+000  0.000000E+000  0.000000E+000  0.000000E+000
  2.230000E-001  0.000000E+000  0.000000E+000  0.000000E+000  0.000000E+000  0.000000E+000  0.000000E+000  0.000000E+000  0.000000E+000
  2.240000E-001  0.000000E+000  0.000000E+000  0.000000E+000  0.000000E+000  0.000000E+000  0.000000E+000  0.000000E+000  0.000000E+000
  2.250000E-001  0.000000E+000  0.000000E+000  0.000000E+000  0.000000E+000  0.000000E+000  0.000000E+000  0.000000E+000  0.000000E+000
  2.260000E-001  0.000000E+000  0.000000E+000  0.000000E+000  0.000000E+000  0.000000E+000  0.000000E+000  0.000000E+000  0.000000E+000
  2.270000E-001  0.000000E+000  0.000000E+000  0.000000E+000  0.000000E+000  0.000000E+000  0.000000E+000  0.000000E+000  0.000000E+000
  2.280000E-001  0.000000E+000  0.000000E+000  0.000000E+000  0.000000E+000  0.000000E+000  0.000000E+000  0.000000E+000  0.000000E+000
  2.290000E-001  0.000000E+000  0.000000E+000  0.000000E+000  0.000000E+000  0.000000E+000  0.000000E+000  0.000000E+000  0.000000E+000
  2.300000E-001  0.000000E+000  0.000000E+000  0.000000E+000  0.000000E+000  0.000000E+000  0.000000E+000  0.000000E+000  0.000000E+000
  2.310000E-001  0.000000E+000  0.000000E+000  0.000000E+000  0.000000E+000  0.000000E+000  0.000000E+000  0.000000E+000  0.000000E+000
  2.320000E-001  0.000000E+000  0.000000E+000  0.000000E+000  0.000000E+000  0.000000E+000  0.000000E+000  0.000000E+000  0.000000E+000
  2.330000E-001  0.000000E+000  0.000000E+000  0.000000E+000  0.000000E+000  0.000000E+000  0.000000E+000  0.000000E+000  0.000000E+000
  2.340000E-001  0.000000E+000  0.000000E+000  0.000000E+000  0.000000E+000  0.000000E+000  0.000000E+000  0.000000E+000  0.000000E+000
  2.350000E-001  0.000000E+000  0.000000E+000  0.000000E+000  0.000000E+000  0.000000E+000  0.000000E+000  0.000000E+000  0.000000E+000
  2.360000E-001  0.000000E+000  0.000000E+000  0.000000E+000  0.000000E+000  0.000000E+000  0.000000E+000  0.000000E+000  0.000000E+000
  2.370000E-001  0.000000E+000  0.000000E+000  0.000000E+000  0.000000E+000  0.000000E+000  0.000000E+000  0.000000E+000  0.000000E+000
  2.380000E-001  0.000000E+000  0.000000E+000  0.000000E+000  0.000000E+000  0.000000E+000  0.000000E+000  0.000000E+000  0.000000E+000
  2.390000E-001  0.000000E+000  0.000000E+000  0.000000E+000  0.000000E+000  0.000000E+000  0.000000E+000  0.000000E+000  0.000000E+000
  2.400000E-001  0.000000E+000  0.000000E+000  0.000000E+000  0.000000E+000  0.000000E+000  0.000000E+000  0.000000E+000  0.000000E+000
  2.410000E-001  0.000000E+000  0.000000E+000  0.000000E+000  0.000000E+000  0.000000E+000  0.000000E+000  0.000000E+000  0.000000E+000
  2.420000E-001  0.000000E+000  0.000000E+000  0.000000E+000  0.000000E+000  0.000000E+000  0.000000E+000  0.000000E+000  0.000000E+000
  2.430000E-001  0.000000E+000  0.000000E+000  0.000000E+000  0.000000E+000  0.000000E+000  0.000000E+000  0.000000E+000  0.000000E+000
  2.440000E-001  0.000000E+000  0.000000E+000  0.000000E+000  0.000000E+000  0.000000E+000  0.000000E+000  0.000000E+000  0.000000E+000
  2.450000E-001  0.000000E+000  0.000000E+000  0.000000E+000  0.000000E+000  0.000000E+000  0.000000E+000  0.000000E+000  0.000000E+000
  2.460000E-001  0.000000E+000  0.000000E+000  0.000000E+000  0.000000E+000  0.000000E+000  0.000000E+000  0.000000E+000  0.000000E+000
  2.470000E-001  0.000000E+000  0.000000E+000  0.000000E+000  0.000000E+000  0.000000E+000  0.000000E+000  0.000000E+000  0.000000E+000
  2.480000E-001  0.000000E+000  0.000000E+000  0.000000E+000  0.000000E+000  0.000000E+000  0.000000E+000  0.000000E+000  0.000000E+000
  2.490000E-001  0.000000E+000  0.000000E+000  0.000000E+000  0.000000E+000  0.000000E+000  0.000000E+000  0.000000E+000  0.000000E+000
  2.500000E-001  0.000000E+000  0.000000E+000  0.000000E+000  0.000000E+000  0.000000E+000  0.000000E+000  0.000000E+000  0.000000E+000
  2.510000E-001  0.000000E+000  0.000000E+000  0.000000E+000  0.000000E+000  0.000000E+000  0.000000E+000  0.000000E+000  0.000000E+000
  2.520000E-001  0.000000E+000  0.000000E+000  0.000000E+000  0.000000E+000  0.000000E+000  0.000000E+000  0.000000E+000  0.000000E+000
  2.530000E-001  0.000000E+000  0.000000E+000  0.000000E+000  0.000000E+000  0.000000E+000  0.000000E+000  0.000000E+000  0.000000E+000
  2.540000E-001  0.000000E+000  0.000000E+000  0.000000E+000  0.000000E+000  0.000000E+000  0.000000E+000  0.000000E+000  0.000000E+000
  2.550000E-001  0.000000E+000  0.000000E+000  0.000000E+000  0.000000E+000  0.000000E+000  0.000000E+000  0.000000E+000  0.000000E+000
  2.560000E-001  0.000000E+000  0.000000E+000  0.000000E+000  0.000000E+000  0.000000E+000  0.000000E+000  0.000000E+000  0.000000E+000
  2.570000E-001  0.000000E+000  0.000000E+000  0.000000E+000  0.000000E+000  0.000000E+000  0.000000E+000  0.000000E+000  0.000000E+000
  2.580000E-001  0.000000E+000  0.000000E+000  0.000000E+000  0.000000E+000  0.000000E+000  0.000000E+000  0.000000E+000  0.000000E+000
  2.590000E-001  0.000000E+000  0.000000E+000  0.000000E+000  0.000000E+000  0.000000E+000  0.000000E+000  0.000000E+000  0.000000E+000
  2.600000E-001  0.000000E+000  0.000000E+000  0.000000E+000  0.000000E+000  0.000000E+000  0.000000E+000  0.000000E+000  0.000000E+000
  2.610000E-001  0.000000E+000  0.000000E+000  0.000000E+000  0.000000E+000  0.000000E+000  0.000000E+000  0.000000E+000  0.000000E+000
  2.620000E-001  0.000000E+000  0.000000E+000  0.000000E+000  0.000000E+000  0.000000E+000  0.000000E+000  0.000000E+000  0.000000E+000
  2.630000E-001  0.000000E+000  0.000000E+000  0.000000E+000  0.000000E+000  0.000000E+000  0.000000E+000  0.000000E+000  0.000000E+000
  2.640000E-001  0.000000E+000  0.000000E+000  0.000000E+000  0.000000E+000  0.000000E+000  0.000000E+000  0.000000E+000  0.000000E+000
  2.650000E-001  0.000000E+000  0.000000E+000  0.000000E+000  0.000000E+000  0.000000E+000  0.000000E+000  0.000000E+000  0.000000E+000
  2.660000E-001  0.000000E+000  0.000000E+000  0.000000E+000  0.000000E+000  0.000000E+000  0.000000E+000  0.000000E+000  0.000000E+000
  2.670000E-001  0.000000E+000  0.000000E+000  0.000000E+000  0.000000E+000  0.000000E+000  0.000000E+000  0.000000E+000  0.000000E+000
  2.680000E-001  0.000000E+000  0.000000E+000  0.000000E+000  0.000000E+000  0.000000E+000  0.000000E+000  0.000000E+000  0.000000E+000
  2.690000E-001  0.000000E+000  0.000000E+000  0.000000E+000  0.000000E+000  0.000000E+000  0.000000E+000  0.000000E+000  0.000000E+000
  2.700000E-001  0.000000E+000  0.000000E+000  0.000000E+000  0.000000E+000  0.000000E+000  0.000000E+000  0.000000E+000  0.000000E+000
  2.710000E-001  0.000000E+000  0.000000E+000  0.000000E+000  0.000000E+000  0.000000E+000  0.000000E+000  0.000000E+000  0.000000E+000
  2.720000E-001  0.000000E+000  0.000000E+000  0.000000E+000  0.000000E+000  0.000000E+000  0.000000E+000  0.000000E+000  0.000000E+000
  2.730000E-001  0.000000E+000  0.000000E+000  0.000000E+000  0.000000E+000  0.000000E+000  0.000000E+000  0.000000E+000  0.000000E+000
  2.740000E-001  0.000000E+000  0.000000E+000  0.000000E+000  0.000000E+000  0.000000E+000  0.000000E+000  0.000000E+000  0.000000E+000
  2.750000E-001  0.000000E+000  0.000000E+000  0.000000E+000  0.000000E+000  0.000000E+000  0.000000E+000  0.000000E+000  0.000000E+000
  2.760000E-001  0.000000E+000  0.000000E+000  0.000000E+000  0.000000E+000  0.000000E+000  0.000000E+000  0.000000E+000  0.000000E+000
  2.770000E-001  0.000000E+000  0.000000E+000  0.000000E+000  0.000000E+000  0.000000E+000  0.000000E+000  0.000000E+000  0.000000E+000
  2.780000E-001  0.000000E+000  0.000000E+000  0.000000E+000  0.000000E+000  0.000000E+000  0.000000E+000  0.000000E+000  0.000000E+000
  2.790000E-001  0.000000E+000  0.000000E+000  0.000000E+000  0.000000E+000  0.000000E+000  0.000000E+000  0.000000E+000  0.000000E+000
  2.800000E-001  0.000000E+000  0.000000E+000  0.000000E+000  0.000000E+000  0.000000E+000  0.000000E+000  0.000000E+000  0.000000E+000
  2.810000E-001  0.000000E+000  0.000000E+000  0.000000E+000  0.000000E+000  0.000000E+000  0.000000E+000  0.000000E+000  0.000000E+000
  2.820000E-001  0.000000E+000  0.000000E+000  0.000000E+000  0.000000E+000  0.000000E+000  0.000000E+000  0.000000E+000  0.000000E+000
  2.830000E-001  0.000000E+000  0.000000E+000  0.000000E+000  0.000000E+000  0.000000E+000  0.000000E+000  0.000000E+000  0.000000E+000
  2.840000E-001  0.000000E+000  0.000000E+000  0.000000E+000  0.000000E+000  0.000000E+000  0.000000E+000  0.000000E+000  0.000000E+000
  2.850000E-001  0.000000E+000  0.000000E+000  0.000000E+000  0.000000E+000  0.000000E+000  0.000000E+000  0.000000E+000  0.000000E+000
  2.860000E-001  0.000000E+000  0.000000E+000  0.000000E+000  0.000000E+000  0.000000E+000  0.000000E+000  0.000000E+000  0.000000E+000
  2.870000E-001  0.000000E+000  0.000000E+000  0.000000E+000  0.000000E+000  0.000000E+000  0.000000E+000  0.000000E+000  0.000000E+000
  2.880000E-001  0.000000E+000  0.000000E+000  0.000000E+000  0.000000E+000  0.000000E+000  0.000000E+000  0.000000E+000  0.000000E+000
  2.890000E-001  0.000000E+000  0.000000E+000  0.000000E+000  0.000000E+000  0.000000E+000  0.000000E+000  0.000000E+000  0.000000E+000
  2.900000E-001  0.000000E+000  0.000000E+000  0.000000E+000  0.000000E+000  0.000000E+000  0.000000E+000  0.000000E+000  0.000000E+000
  2.910000E-001  0.000000E+000  0.000000E+000  0.000000E+000  0.000000E+000  0.000000E+000  0.000000E+000  0.000000E+000  0.000000E+000
  2.920000E-001  0.000000E+000  0.000000E+000  0.000000E+000  0.000000E+000  0.000000E+000  0.000000E+000  0.000000E+000  0.000000E+000
  2.930000E-001  0.000000E+000  0.000000E+000  0.000000E+000  0.000000E+000  0.000000E+000  0.000000E+000  0.000000E+000  0.000000E+000
  2.940000E-001  0.000000E+000  0.000000E+000  0.000000E+000  0.000000E+000  0.000000E+000  0.000000E+000  0.000000E+000  0.000000E+000
  2.950000E-001  0.000000E+000  0.000000E+000  0.000000E+000  0.000000E+000  0.000000E+000  0.000000E+000  0.000000E+000  0.000000E+000
  2.960000E-001  0.000000E+000  0.000000E+000  0.000000E+000  0.000000E+000  0.000000E+000  0.000000E+000  0.000000E+000  0.000000E+000
  2.970000E-001  0.000000E+000  0.000000E+000  0.000000E+000  0.000000E+000  0.000000E+000  0.000000E+000  0.000000E+000  0.000000E+000
  2.980000E-001  0.000000E+000  0.000000E+000  0.000000E+000  0.000000E+000  0.000000E+000  0.000000E+000  0.000000E+000  0.000000E+000
  2.990000E-001  0.000000E+000  0.000000E+000  0.000000E+000  0.000000E+000  0.000000E+000  0.000000E+000  0.000000E+000  0.000000E+000
  3.000000E-001  0.000000E+000  0.000000E+000  0.000000E+000  0.000000E+000  0.000000E+000  0.000000E+000  0.000000E+000  0.000000E+000
  3.010000E-001  0.000000E+000  0.000000E+000  0.000000E+000  0.000000E+000  0.000000E+000  0.000000E+000  0.000000E+000  0.000000E+000
  3.020000E-001  0.000000E+000  0.000000E+000  0.000000E+000  0.000000E+000  0.000000E+000  0.000000E+000  0.000000E+000  0.000000E+000
  3.030000E-001  0.000000E+000  0.000000E+000  0.000000E+000  0.000000E+000  0.000000E+000  0.000000E+000  0.000000E+000  0.000000E+000
  3.040000E-001  0.000000E+000  0.000000E+000  0.000000E+000  0.000000E+000  0.000000E+000  0.000000E+000  0.000000E+000  0.000000E+000
  3.050000E-001  0.000000E+000  0.000000E+000  0.000000E+000  0.000000E+000  0.000000E+000  0.000000E+000  0.000000E+000  0.000000E+000
  3.060000E-001  0.000000E+000  0.000000E+000  0.000000E+000  0.000000E+000  0.000000E+000  0.000000E+000  0.000000E+000  0.000000E+000
  3.070000E-001  0.000000E+000  0.000000E+000  0.000000E+000  0.000000E+000  0.000000E+000  0.000000E+000  0.000000E+000  0.000000E+000
  3.080000E-001  0.000000E+000  0.000000E+000  0.000000E+000  0.000000E+000  0.000000E+000  0.000000E+000  0.000000E+000  0.000000E+000
  3.090000E-001  0.000000E+000  0.000000E+000  0.000000E+000  0.000000E+000  0.000000E+000  0.000000E+000  0.000000E+000  0.000000E+000
  3.100000E-001  0.000000E+000  0.000000E+000  0.000000E+000  0.000000E+000  0.000000E+000  0.000000E+000  0.000000E+000  0.000000E+000
  3.110000E-001  0.000000E+000  0.000000E+000  0.000000E+000  0.000000E+000  0.000000E+000  0.000000E+000  0.000000E+000  0.000000E+000
  3.120000E-001  0.000000E+000  0.000000E+000  0.000000E+000  0.000000E+000  0.000000E+000  0.000000E+000  0.000000E+000  0.000000E+000
  3.130000E-001  0.000000E+000  0.000000E+000  0.000000E+000  0.000000E+000  0.000000E+000  0.000000E+000  0.000000E+000  0.000000E+000
  3.140000E-001  0.000000E+000  0.000000E+000  0.000000E+000  0.000000E+000  0.000000E+000  0.000000E+000  0.000000E+000  0.000000E+000
  3.150000E-001  0.000000E+000  0.000000E+000  0.000000E+000  0.000000E+000  0.000000E+000  0.000000E+000  0.000000E+000  0.000000E+000
  3.160000E-001  0.000000E+000  0.000000E+000  0.000000E+000  0.000000E+000  0.000000E+000  0.000000E+000  0.000000E+000  0.000000E+000
  3.170000E-001  0.000000E+000  0.000000E+000  0.000000E+000  0.000000E+000  0.000000E+000  0.000000E+000  0.000000E+000  0.000000E+000
  3.180000E-001  0.000000E+000  0.000000E+000  0.000000E+000  0.000000E+000  0.000000E+000  0.000000E+000  0.000000E+000  0.000000E+000
  3.190000E-001  0.000000E+000  0.000000E+000  0.000000E+000  0.000000E+000  0.000000E+000  0.000000E+000  0.000000E+000  0.000000E+000
  3.200000E-001  0.000000E+000  0.000000E+000  0.000000E+000  0.000000E+000  0.000000E+000  0.000000E+000  0.000000E+000  0.000000E+000
  3.210000E-001  0.000000E+000  0.000000E+000  0.000000E+000  0.000000E+000  0.000000E+000  0.000000E+000  0.000000E+000  0.000000E+000
  3.220000E-001  0.000000E+000  0.000000E+000  0.000000E+000  0.000000E+000  0.000000E+000  0.000000E+000  0.000000E+000  0.000000E+000
  3.230000E-001  0.000000E+000  0.000000E+000  0.000000E+000  0.000000E+000  0.000000E+000  0.000000E+000  0.000000E+000  0.000000E+000
  3.240000E-001  0.000000E+000  0.000000E+000  0.000000E+000  0.000000E+000  0.000000E+000  0.000000E+000  0.000000E+000  0.000000E+000
  3.250000E-001  0.000000E+000  0.000000E+000  0.000000E+000  0.000000E+000  0.000000E+000  0.000000E+000  0.000000E+000  0.000000E+000
  3.260000E-001  0.000000E+000  0.000000E+000  0.000000E+000  0.000000E+000  0.000000E+000  0.000000E+000  0.000000E+000  0.000000E+000
  3.270000E-001  0.000000E+000  0.000000E+000  0.000000E+000  0.000000E+000  0.000000E+000  0.000000E+000  0.000000E+000  0.000000E+000
  3.280000E-001  0.000000E+000  0.000000E+000  0.000000E+000  0.000000E+000  0.000000E+000  0.000000E+000  0.000000E+000  0.000000E+000
  3.290000E-001  0.000000E+000  0.000000E+000  0.000000E+000  0.000000E+000  0.000000E+000  0.000000E+000  0.000000E+000  0.000000E+000
  3.300000E-001  0.000000E+000  0.000000E+000  0.000000E+000  0.000000E+000  0.000000E+000  0.000000E+000  0.000000E+000  0.000000E+000
  3.310000E-001  0.000000E+000  0.000000E+000  0.000000E+000  0.000000E+000  0.000000E+000  0.000000E+000  0.000000E+000  0.000000E+000
  3.320000E-001  0.000000E+000  0.000000E+000  0.000000E+000  0.000000E+000  0.000000E+000  0.000000E+000  0.000000E+000  0.000000E+000
  3.330000E-001  0.000000E+000  0.000000E+000  0.000000E+000  0.000000E+000  0.000000E+000  0.000000E+000  0.000000E+000  0.000000E+000
  3.340000E-001  0.000000E+000  0.000000E+000  0.000000E+000  0.000000E+000  0.000000E+000  0.000000E+000  0.000000E+000  0.000000E+000
  3.350000E-001  0.000000E+000  0.000000E+000  0.000000E+000  0.000000E+000  0.000000E+000  0.000000E+000  0.000000E+000  0.000000E+000
  3.360000E-001  0.000000E+000  0.000000E+000  0.000000E+000  0.000000E+000  0.000000E+000  0.000000E+000  0.000000E+000  0.000000E+000
  3.370000E-001  0.000000E+000  0.000000E+000  0.000000E+000  0.000000E+000  0.000000E+000  0.000000E+000  0.000000E+000  0.000000E+000
  3.380000E-001  0.000000E+000  0.000000E+000  0.000000E+000  0.000000E+000  0.000000E+000  0.000000E+000  0.000000E+000  0.000000E+000
  3.390000E-001  0.000000E+000  0.000000E+000  0.000000E+000  0.000000E+000  0.000000E+000  0.000000E+000  0.000000E+000  0.000000E+000
  3.400000E-001  0.000000E+000  0.000000E+000  0.000000E+000  0.000000E+000  0.000000E+000  0.000000E+000  0.000000E+000  0.000000E+000
  3.410000E-001  0.000000E+000  0.000000E+000  0.000000E+000  0.000000E+000  0.000000E+000  0.000000E+000  0.000000E+000  0.000000E+000
  3.420000E-001  0.000000E+000  0.000000E+000  0.000000E+000  0.000000E+000  0.000000E+000  0.000000E+000  0.000000E+000  0.000000E+000
  3.430000E-001  0.000000E+000  0.000000E+000  0.000000E+000  0.000000E+000  0.000000E+000  0.000000E+000  0.000000E+000  0.000000E+000
  3.440000E-001  0.000000E+000  0.000000E+000  0.000000E+000  0.000000E+000  0.000000E+000  0.000000E+000  0.000000E+000  0.000000E+000
  3.450000E-001  0.000000E+000  0.000000E+000  0.000000E+000  0.000000E+000  0.000000E+000  0.000000E+000  0.000000E+000  0.000000E+000
  3.460000E-001  0.000000E+000  0.000000E+000  0.000000E+000  0.000000E+000  0.000000E+000  0.000000E+000  0.000000E+000  0.000000E+000
  3.470000E-001  0.000000E+000  0.000000E+000  0.000000E+000  0.000000E+000  0.000000E+000  0.000000E+000  0.000000E+000  0.000000E+000
  3.480000E-001  0.000000E+000  0.000000E+000  0.000000E+000  0.000000E+000  0.000000E+000  0.000000E+000  0.000000E+000  0.000000E+000
  3.490000E-001  0.000000E+000  0.000000E+000  0.000000E+000  0.000000E+000  0.000000E+000  0.000000E+000  0.000000E+000  0.000000E+000
  3.500000E-001  0.000000E+000  0.000000E+000  0.000000E+000  0.000000E+000  0.000000E+000  0.000000E+000  0.000000E+000  0.000000E+000
  3.510000E-001  0.000000E+000  0.000000E+000  0.000000E+000  0.000000E+000  0.000000E+000  0.000000E+000  0.000000E+000  0.000000E+000
  3.520000E-001  0.000000E+000  0.000000E+000  0.000000E+000  0.000000E+000  0.000000E+000  0.000000E+000  0.000000E+000  0.000000E+000
  3.530000E-001  0.000000E+000  0.000000E+000  0.000000E+000  0.000000E+000  0.000000E+000  0.000000E+000  0.000000E+000  0.000000E+000
  3.540000E-001  0.000000E+000  0.000000E+000  0.000000E+000  0.000000E+000  0.000000E+000  0.000000E+000  0.000000E+000  0.000000E+000
  3.550000E-001  0.000000E+000  0.000000E+000  0.000000E+000  0.000000E+000  0.000000E+000  0.000000E+000  0.000000E+000  0.000000E+000
  3.560000E-001  0.000000E+000  0.000000E+000  0.000000E+000  0.000000E+000  0.000000E+000  0.000000E+000  0.000000E+000  0.000000E+000
  3.570000E-001  0.000000E+000  0.000000E+000  0.000000E+000  0.000000E+000  0.000000E+000  0.000000E+000  0.000000E+000  0.000000E+000
  3.580000E-001  0.000000E+000  0.000000E+000  0.000000E+000  0.000000E+000  0.000000E+000  0.000000E+000  0.000000E+000  0.000000E+000
  3.590000E-001  0.000000E+000  0.000000E+000  0.000000E+000  0.000000E+000  0.000000E+000  0.000000E+000  0.000000E+000  0.000000E+000
  3.600000E-001  0.000000E+000  0.000000E+000  0.000000E+000  0.000000E+000  0.000000E+000  0.000000E+000  0.000000E+000  0.000000E+000
  3.610000E-001  0.000000E+000  0.000000E+000  0.000000E+000  0.000000E+000  0.000000E+000  0.000000E+000  0.000000E+000  0.000000E+000
  3.620000E-001  0.000000E+000  0.000000E+000  0.000000E+000  0.000000E+000  0.000000E+000  0.000000E+000  0.000000E+000  0.000000E+000
  3.630000E-001  0.000000E+000  0.000000E+000  0.000000E+000  0.000000E+000  0.000000E+000  0.000000E+000  0.000000E+000  0.000000E+000
  3.640000E-001  0.000000E+000  0.000000E+000  0.000000E+000  0.000000E+000  0.000000E+000  0.000000E+000  0.000000E+000  0.000000E+000
  3.650000E-001  0.000000E+000  0.000000E+000  0.000000E+000  0.000000E+000  0.000000E+000  0.000000E+000  0.000000E+000  0.000000E+000
  3.660000E-001  0.000000E+000  0.000000E+000  0.000000E+000  0.000000E+000  0.000000E+000  0.000000E+000  0.000000E+000  0.000000E+000
  3.670000E-001  0.000000E+000  0.000000E+000  0.000000E+000  0.000000E+000  0.000000E+000  0.000000E+000  0.000000E+000  0.000000E+000
  3.680000E-001  0.000000E+000  0.000000E+000  0.000000E+000  0.000000E+000  0.000000E+000  0.000000E+000  0.000000E+000  0.000000E+000
  3.690000E-001  0.000000E+000  0.000000E+000  0.000000E+000  0.000000E+000  0.000000E+000  0.000000E+000  0.000000E+000  0.000000E+000
  3.700000E-001  0.000000E+000  0.000000E+000  0.000000E+000  0.000000E+000  0.000000E+000  0.000000E+000  0.000000E+000  0.000000E+000
  3.710000E-001  0.000000E+000  0.000000E+000  0.000000E+000  0.000000E+000  0.000000E+000  0.000000E+000  0.000000E+000  0.000000E+000
  3.720000E-001  0.000000E+000  0.000000E+000  0.000000E+000  0.000000E+000  0.000000E+000  0.000000E+000  0.000000E+000  0.000000E+000
  3.730000E-001  0.000000E+000  0.000000E+000  0.000000E+000  0.000000E+000  0.000000E+000  0.000000E+000  0.000000E+000  0.000000E+000
  3.740000E-001  0.000000E+000  0.000000E+000  0.000000E+000  0.000000E+000  0.000000E+000  0.000000E+000  0.000000E+000  0.000000E+000
  3.750000E-001  0.000000E+000  0.000000E+000  0.000000E+000  0.000000E+000  0.000000E+000  0.000000E+000  0.000000E+000  0.000000E+000
  3.760000E-001  0.000000E+000  0.000000E+000  0.000000E+000  0.000000E+000  0.000000E+000  0.000000E+000  0.000000E+000  0.000000E+000
  3.770000E-001  0.000000E+000  0.000000E+000  0.000000E+000  0.000000E+000  0.000000E+000  0.000000E+000  0.000000E+000  0.000000E+000
  3.780000E-001  0.000000E+000  0.000000E+000  0.000000E+000  0.000000E+000  0.000000E+000  0.000000E+000  0.000000E+000  0.000000E+000
  3.790000E-001  0.000000E+000  0.000000E+000  0.000000E+000  0.000000E+000  0.000000E+000  0.000000E+000  0.000000E+000  0.000000E+000
  3.800000E-001  0.000000E+000  0.000000E+000  0.000000E+000  0.000000E+000  0.000000E+000  0.000000E+000  0.000000E+000  0.000000E+000
  3.810000E-001  0.000000E+000  0.000000E+000  0.000000E+000  0.000000E+000  0.000000E+000  0.000000E+000  0.000000E+000  0.000000E+000
  3.820000E-001  0.000000E+000  0.000000E+000  0.000000E+000  0.000000E+000  0.000000E+000  0.000000E+000  0.000000E+000  0.000000E+000
  3.830000E-001  0.000000E+000  0.000000E+000  0.000000E+000  0.000000E+000  0.000000E+000  0.000000E+000  0.000000E+000  0.000000E+000
  3.840000E-001  0.000000E+000  0.000000E+000  0.000000E+000  0.000000E+000  0.000000E+000  0.000000E+000  0.000000E+000  0.000000E+000
  3.850000E-001  0.000000E+000  0.000000E+000  0.000000E+000  0.000000E+000  0.000000E+000  0.000000E+000  0.000000E+000  0.000000E+000
  3.860000E-001  0.000000E+000  0.000000E+000  0.000000E+000  0.000000E+000  0.000000E+000  0.000000E+000  0.000000E+000  0.000000E+000
  3.870000E-001  0.000000E+000  0.000000E+000  0.000000E+000  0.000000E+000  0.000000E+000  0.000000E+000  0.000000E+000  0.000000E+000
  3.880000E-001  0.000000E+000  0.000000E+000  0.000000E+000  0.000000E+000  0.000000E+000  0.000000E+000  0.000000E+000  0.000000E+000
  3.890000E-001  0.000000E+000  0.000000E+000  0.000000E+000  0.000000E+000  0.000000E+000  0.000000E+000  0.000000E+000  0.000000E+000
  3.900000E-001  0.000000E+000  0.000000E+000  0.000000E+000  0.000000E+000  0.000000E+000  0.000000E+000  0.000000E+000  0.000000E+000
  3.910000E-001  0.000000E+000  0.000000E+000  0.000000E+000  0.000000E+000  0.000000E+000  0.000000E+000  0.000000E+000  0.000000E+000
  3.920000E-001  0.000000E+000  0.000000E+000  0.000000E+000  0.000000E+000  0.000000E+000  0.000000E+000  0.000000E+000  0.000000E+000
  3.930000E-001  0.000000E+000  0.000000E+000  0.000000E+000  0.000000E+000  0.000000E+000  0.000000E+000  0.000000E+000  0.000000E+000
  3.940000E-001  0.000000E+000  0.000000E+000  0.000000E+000  0.000000E+000  0.000000E+000  0.000000E+000  0.000000E+000  0.000000E+000
  3.950000E-001  0.000000E+000  0.000000E+000  0.000000E+000  0.000000E+000  0.000000E+000  0.000000E+000  0.000000E+000  0.000000E+000
  3.960000E-001  0.000000E+000  0.000000E+000  0.000000E+000  0.000000E+000  0.000000E+000  0.000000E+000  0.000000E+000  0.000000E+000
  3.970000E-001  0.000000E+000  0.000000E+000  0.000000E+000  0.000000E+000  0.000000E+000  0.000000E+000  0.000000E+000  0.000000E+000
  3.980000E-001  0.000000E+000  0.000000E+000  0.000000E+000  0.000000E+000  0.000000E+000  0.000000E+000  0.000000E+000  0.000000E+000
  3.990000E-001  0.000000E+000  0.000000E+000  0.000000E+000  0.000000E+000  0.000000E+000  0.000000E+000  0.000000E+000  0.000000E+000
  4.000000E-001  0.000000E+000  0.000000E+000  0.000000E+000  0.000000E+000  0.000000E+000  0.000000E+000  0.000000E+000  0.000000E+000
  4.010000E-001  0.000000E+000  0.000000E+000  0.000000E+000  0.000000E+000  0.000000E+000  0.000000E+000  0.000000E+000  0.000000E+000
  4.020000E-001  0.000000E+000  0.000000E+000  0.000000E+000  0.000000E+000  0.000000E+000  0.000000E+000  0.000000E+000  0.000000E+000
  4.030000E-001  0.000000E+000  0.000000E+000  0.000000E+000  0.000000E+000  0.000000E+000  0.000000E+000  0.000000E+000  0.000000E+000
  4.040000E-001  0.000000E+000  0.000000E+000  0.000000E+000  0.000000E+000  0.000000E+000  0.000000E+000  0.000000E+000  0.000000E+000
  4.050000E-001  0.000000E+000  0.000000E+000  0.000000E+000  0.000000E+000  0.000000E+000  0.000000E+000  0.000000E+000  0.000000E+000
  4.060000E-001  0.000000E+000  0.000000E+000  0.000000E+000  0.000000E+000  0.000000E+000  0.000000E+000  0.000000E+000  0.000000E+000
  4.070000E-001  0.000000E+000  0.000000E+000  0.000000E+000  0.000000E+000  0.000000E+000  0.000000E+000  0.000000E+000  0.000000E+000
  4.080000E-001  0.000000E+000  0.000000E+000  0.000000E+000  0.000000E+000  0.000000E+000  0.000000E+000  0.000000E+000  0.000000E+000
  4.090000E-001  0.000000E+000  0.000000E+000  0.000000E+000  0.000000E+000  0.000000E+000  0.000000E+000  0.000000E+000  0.000000E+000
  4.100000E-001  0.000000E+000  0.000000E+000  0.000000E+000  0.000000E+000  0.000000E+000  0.000000E+000  0.000000E+000  0.000000E+000
  4.110000E-001  0.000000E+000  0.000000E+000  0.000000E+000  0.000000E+000  0.000000E+000  0.000000E+000  0.000000E+000  0.000000E+000
  4.120000E-001  0.000000E+000  0.000000E+000  0.000000E+000  0.000000E+000  0.000000E+000  0.000000E+000  0.000000E+000  0.000000E+000
  4.130000E-001  0.000000E+000  0.000000E+000  0.000000E+000  0.000000E+000  0.000000E+000  0.000000E+000  0.000000E+000  0.000000E+000
  4.140000E-001  0.000000E+000  0.000000E+000  0.000000E+000  0.000000E+000  0.000000E+000  0.000000E+000  0.000000E+000  0.000000E+000
  4.150000E-001  0.000000E+000  0.000000E+000  0.000000E+000  0.000000E+000  0.000000E+000  0.000000E+000  0.000000E+000  0.000000E+000
  4.160000E-001  0.000000E+000  0.000000E+000  0.000000E+000  0.000000E+000  0.000000E+000  0.000000E+000  0.000000E+000  0.000000E+000
  4.170000E-001  0.000000E+000  0.000000E+000  0.000000E+000  0.000000E+000  0.000000E+000  0.000000E+000  0.000000E+000  0.000000E+000
  4.180000E-001  0.000000E+000  0.000000E+000  0.000000E+000  0.000000E+000  0.000000E+000  0.000000E+000  0.000000E+000  0.000000E+000
  4.190000E-001  0.000000E+000  0.000000E+000  0.000000E+000  0.000000E+000  0.000000E+000  0.000000E+000  0.000000E+000  0.000000E+000
  4.200000E-001  0.000000E+000  0.000000E+000  0.000000E+000  0.000000E+000  0.000000E+000  0.000000E+000  0.000000E+000  0.000000E+000
  4.210000E-001  0.000000E+000  0.000000E+000  0.000000E+000  0.000000E+000  0.000000E+000  0.000000E+000  0.000000E+000  0.000000E+000
  4.220000E-001  0.000000E+000  0.000000E+000  0.000000E+000  0.000000E+000  0.000000E+000  0.000000E+000  0.000000E+000  0.000000E+000
  4.230000E-001  0.000000E+000  0.000000E+000  0.000000E+000  0.000000E+000  0.000000E+000  0.000000E+000  0.000000E+000  0.000000E+000
  4.240000E-001  0.000000E+000  0.000000E+000  0.000000E+000  0.000000E+000  0.000000E+000  0.000000E+000  0.000000E+000  0.000000E+000
  4.250000E-001  0.000000E+000  0.000000E+000  0.000000E+000  0.000000E+000  0.000000E+000  0.000000E+000  0.000000E+000  0.000000E+000
  4.260000E-001  0.000000E+000  0.000000E+000  0.000000E+000  0.000000E+000  0.000000E+000  0.000000E+000  0.000000E+000  0.000000E+000
  4.270000E-001  0.000000E+000  0.000000E+000  0.000000E+000  0.000000E+000  0.000000E+000  0.000000E+000  0.000000E+000  0.000000E+000
  4.280000E-001  0.000000E+000  0.000000E+000  0.000000E+000  0.000000E+000  0.000000E+000  0.000000E+000  0.000000E+000  0.000000E+000
  4.290000E-001  0.000000E+000  0.000000E+000  0.000000E+000  0.000000E+000  0.000000E+000  0.000000E+000  0.000000E+000  0.000000E+000
  4.300000E-001  0.000000E+000  0.000000E+000  0.000000E+000  0.000000E+000  0.000000E+000  0.000000E+000  0.000000E+000  0.000000E+000
  4.310000E-001  0.000000E+000  0.000000E+000  0.000000E+000  0.000000E+000  0.000000E+000  0.000000E+000  0.000000E+000  0.000000E+000
  4.320000E-001  0.000000E+000  0.000000E+000  0.000000E+000  0.000000E+000  0.000000E+000  0.000000E+000  0.000000E+000  0.000000E+000
  4.330000E-001  0.000000E+000  0.000000E+000  0.000000E+000  0.000000E+000  0.000000E+000  0.000000E+000  0.000000E+000  0.000000E+000
  4.340000E-001  0.000000E+000  0.000000E+000  0.000000E+000  0.000000E+000  0.000000E+000  0.000000E+000  0.000000E+000  0.000000E+000
  4.350000E-001  0.000000E+000  0.000000E+000  0.000000E+000  0.000000E+000  0.000000E+000  0.000000E+000  0.000000E+000  0.000000E+000
  4.360000E-001  0.000000E+000  0.000000E+000  0.000000E+000  0.000000E+000  0.000000E+000  0.000000E+000  0.000000E+000  0.000000E+000
  4.370000E-001  0.000000E+000  0.000000E+000  0.000000E+000  0.000000E+000  0.000000E+000  0.000000E+000  0.000000E+000  0.000000E+000
  4.380000E-001  0.000000E+000  0.000000E+000  0.000000E+000  0.000000E+000  0.000000E+000  0.000000E+000  0.000000E+000  0.000000E+000
  4.390000E-001  0.000000E+000  0.000000E+000  0.000000E+000  0.000000E+000  0.000000E+000  0.000000E+000  0.000000E+000  0.000000E+000
  4.400000E-001  0.000000E+000  0.000000E+000  0.000000E+000  0.000000E+000  0.000000E+000  0.000000E+000  0.000000E+000  0.000000E+000
  4.410000E-001  0.000000E+000  0.000000E+000  0.000000E+000  0.000000E+000  0.000000E+000  0.000000E+000  0.000000E+000  0.000000E+000
  4.420000E-001  0.000000E+000  0.000000E+000  0.000000E+000  0.000000E+000  0.000000E+000  0.000000E+000  0.000000E+000  0.000000E+000
  4.430000E-001  0.000000E+000  0.000000E+000  0.000000E+000  0.000000E+000  0.000000E+000  0.000000E+000  0.000000E+000  0.000000E+000
  4.440000E-001  0.000000E+000  0.000000E+000  0.000000E+000  0.000000E+000  0.000000E+000  0.000000E+000  0.000000E+000  0.000000E+000
  4.450000E-001  0.000000E+000  0.000000E+000  0.000000E+000  0.000000E+000  0.000000E+000  0.000000E+000  0.000000E+000  0.000000E+000
  4.460000E-001 -9.488485E+002  5.975493E+001  0.000000E+000  0.000000E+000 -9.488485E+002  5.975493E+001  9.507282E+002  2.756628E-001
  4.470000E-001 -4.917044E+002  1.192458E+002  0.000000E+000  0.000000E+000 -4.917044E+002  1.192458E+002  5.059573E+002  1.033691E+000
  4.480000E-001 -2.369855E+002  1.743602E+002  0.000000E+000  0.000000E+000 -2.369855E+002  1.743602E+002  2.942169E+002  2.599210E+000
  4.490000E-001 -9.424371E+001  2.243615E+002  0.000000E+000  0.000000E+000 -9.424371E+001  2.243615E+002  2.433515E+002  4.043673E+000
  4.500000E-001 -1.178037E+001  2.678951E+002  0.000000E+000  0.000000E+000 -1.178037E+001  2.678951E+002  2.681540E+002  4.381697E+000
  4.510000E-001  3.505490E+001  3.037591E+002  0.000000E+000  0.000000E+000  3.505490E+001  3.037591E+002  3.057752E+002  4.357014E+000
  4.520000E-001  6.364853E+001  3.309901E+002  0.000000E+000  0.000000E+000  6.364853E+001  3.309901E+002  3.370543E+002  4.307021E+000
  4.530000E-001  8.269995E+001  3.488013E+002  0.000000E+000  0.000000E+000  8.269995E+001  3.488013E+002  3.584713E+002  4.267618E+000
  4.540000E-001  9.148717E+001  3.564566E+002  0.000000E+000  0.000000E+000  9.148717E+001  3.564566E+002  3.680098E+002  4.248240E+000
  4.550000E-001  8.696845E+001  3.531547E+002  0.000000E+000  0.000000E+000  8.696845E+001  3.531547E+002  3.637056E+002  4.258697E+000
  4.560000E-001  6.630845E+001  3.380913E+002  0.000000E+000  0.000000E+000  6.630845E+001  3.380913E+002  3.445324E+002  4.303935E+000
  4.570000E-001  2.465065E+001  3.104639E+002  0.000000E+000  0.000000E+000  2.465065E+001  3.104639E+002  3.114410E+002  4.372170E+000
  4.580000E-001 -4.870543E+001  2.694256E+002  0.000000E+000  0.000000E+000 -4.870543E+001  2.694256E+002  2.737926E+002  4.315974E+000
  4.590000E-001 -1.566222E+002  2.142111E+002  0.000000E+000  0.000000E+000 -1.566222E+002  2.142111E+002  2.653618E+002  3.540505E+000
  4.600000E-001 -3.087603E+002  1.444959E+002  0.000000E+000  0.000000E+000 -3.087603E+002  1.444959E+002  3.408988E+002  1.859054E+000
  4.610000E-001 -5.043095E+002  6.058234E+001  0.000000E+000  0.000000E+000 -5.043095E+002  6.058234E+001  5.079353E+002  5.231181E-001
  4.620000E-001  0.000000E+000  0.000000E+000  0.000000E+000  0.000000E+000  0.000000E+000  0.000000E+000  0.000000E+000  0.000000E+000
  4.630000E-001  0.000000E+000  0.000000E+000  0.000000E+000  0.000000E+000  0.000000E+000  0.000000E+000  0.000000E+000  0.000000E+000
  4.640000E-001  0.000000E+000  0.000000E+000  0.000000E+000  0.000000E+000  0.000000E+000  0.000000E+000  0.000000E+000  0.000000E+000
  4.650000E-001  0.000000E+000  0.000000E+000  0.000000E+000  0.000000E+000  0.000000E+000  0.000000E+000  0.000000E+000  0.000000E+000
  4.660000E-001  0.000000E+000  0.000000E+000  0.000000E+000  0.000000E+000  0.000000E+000  0.000000E+000  0.000000E+000  0.000000E+000
  4.670000E-001  0.000000E+000  0.000000E+000  0.000000E+000  0.000000E+000  0.000000E+000  0.000000E+000  0.000000E+000  0.000000E+000
  4.680000E-001  0.000000E+000  0.000000E+000  0.000000E+000  0.000000E+000  0.000000E+000  0.000000E+000  0.000000E+000  0.000000E+000
  4.690000E-001  0.000000E+000  0.000000E+000  0.000000E+000  0.000000E+000  0.000000E+000  0.000000E+000  0.000000E+000  0.000000E+000
  4.700000E-001  0.000000E+000  0.000000E+000  0.000000E+000  0.000000E+000  0.000000E+000  0.000000E+000  0.000000E+000  0.000000E+000
  4.710000E-001  0.000000E+000  0.000000E+000  0.000000E+000  0.000000E+000  0.000000E+000  0.000000E+000  0.000000E+000  0.000000E+000
  4.720000E-001  0.000000E+000  0.000000E+000  0.000000E+000  0.000000E+000  0.000000E+000  0.000000E+000  0.000000E+000  0.000000E+000
  4.730000E-001  0.000000E+000  0.000000E+000  0.000000E+000  0.000000E+000  0.000000E+000  0.000000E+000  0.000000E+000  0.000000E+000
  4.740000E-001  0.000000E+000  0.000000E+000  0.000000E+000  0.000000E+000  0.000000E+000  0.000000E+000  0.000000E+000  0.000000E+000
  4.750000E-001  0.000000E+000  0.000000E+000  0.000000E+000  0.000000E+000  0.000000E+000  0.000000E+000  0.000000E+000  0.000000E+000
  4.760000E-001  0.000000E+000  0.000000E+000  0.000000E+000  0.000000E+000  0.000000E+000  0.000000E+000  0.000000E+000  0.000000E+000
  4.770000E-001  0.000000E+000  0.000000E+000  0.000000E+000  0.000000E+000  0.000000E+000  0.000000E+000  0.000000E+000  0.000000E+000
  4.780000E-001  0.000000E+000  0.000000E+000  0.000000E+000  0.000000E+000  0.000000E+000  0.000000E+000  0.000000E+000  0.000000E+000
  4.790000E-001  0.000000E+000  0.000000E+000  0.000000E+000  0.000000E+000  0.000000E+000  0.000000E+000  0.000000E+000  0.000000E+000
  4.800000E-001  0.000000E+000  0.000000E+000  0.000000E+000  0.000000E+000  0.000000E+000  0.000000E+000  0.000000E+000  0.000000E+000
  4.810000E-001  0.000000E+000  0.000000E+000  0.000000E+000  0.000000E+000  0.000000E+000  0.000000E+000  0.000000E+000  0.000000E+000
  4.820000E-001  0.000000E+000  0.000000E+000  0.000000E+000  0.000000E+000  0.000000E+000  0.000000E+000  0.000000E+000  0.000000E+000
  4.830000E-001  0.000000E+000  0.000000E+000  0.000000E+000  0.000000E+000  0.000000E+000  0.000000E+000  0.000000E+000  0.000000E+000
  4.840000E-001  0.000000E+000  0.000000E+000  0.000000E+000  0.000000E+000  0.000000E+000  0.000000E+000  0.000000E+000  0.000000E+000
  4.850000E-001  0.000000E+000  0.000000E+000  0.000000E+000  0.000000E+000  0.000000E+000  0.000000E+000  0.000000E+000  0.000000E+000
