 485   2  14
    PositionX     PositionY     VelocityX     VelocityY AccelerationX AccelerationY
  4.38159E-02   3.44807E-01   2.02493E-01  -1.08626E-01   3.61050E-01   1.07454E+00
  4.40187E-02   3.44699E-01   2.02969E-01  -1.07199E-01   5.92221E-01   1.77954E+00
  4.42219E-02   3.44593E-01   2.03677E-01  -1.05067E-01   9.31998E-01   2.82887E+00
  4.44260E-02   3.44489E-01   2.04833E-01  -1.01541E-01   1.36327E+00   4.20281E+00
  4.46315E-02   3.44389E-01   2.06404E-01  -9.66612E-02   1.75427E+00   5.53102E+00
  4.48388E-02   3.44296E-01   2.08342E-01  -9.04791E-02   2.09349E+00   6.80193E+00
  4.50482E-02   3.44208E-01   2.10591E-01  -8.30573E-02   2.37053E+00   8.00580E+00
  4.52600E-02   3.44129E-01   2.13083E-01  -7.44675E-02   2.57615E+00   9.13462E+00
  4.54744E-02   3.44060E-01   2.15743E-01  -6.47881E-02   2.70227E+00   1.01819E+01
  4.56915E-02   3.44000E-01   2.18488E-01  -5.41037E-02   2.74204E+00   1.11425E+01
  4.59114E-02   3.43951E-01   2.21227E-01  -4.25030E-02   2.68980E+00   1.20127E+01
  4.61340E-02   3.43915E-01   2.23867E-01  -3.00782E-02   2.54116E+00   1.27897E+01
  4.63591E-02   3.43891E-01   2.26309E-01  -1.69237E-02   2.29295E+00   1.34716E+01
  4.65866E-02   3.43881E-01   2.28453E-01  -3.13496E-03   1.94330E+00   1.40578E+01
  4.68160E-02   3.43885E-01   2.30196E-01   1.11919E-02   1.49155E+00   1.45479E+01
  4.70470E-02   3.43903E-01   2.31436E-01   2.59609E-02   9.38313E-01   1.49427E+01
  4.72789E-02   3.43937E-01   2.32073E-01   4.10772E-02   2.85371E-01   1.52432E+01
  4.75111E-02   3.43986E-01   2.32007E-01   5.64472E-02  -4.64308E-01   1.54510E+01
  4.77429E-02   3.44050E-01   2.31144E-01   7.19793E-02  -1.30665E+00   1.55684E+01
  4.79734E-02   3.44130E-01   2.29394E-01   8.75840E-02  -2.23653E+00   1.55977E+01
  4.82017E-02   3.44225E-01   2.26671E-01   1.03175E-01  -3.24783E+00   1.55419E+01
  4.84267E-02   3.44336E-01   2.22898E-01   1.18668E-01  -4.33354E+00   1.54041E+01
  4.86475E-02   3.44462E-01   2.18004E-01   1.33983E-01  -5.48582E+00   1.51877E+01
  4.88628E-02   3.44604E-01   2.11926E-01   1.49043E-01  -6.69613E+00   1.48964E+01
  4.90713E-02   3.44760E-01   2.04612E-01   1.63776E-01  -7.95528E+00   1.45342E+01
  4.92720E-02   3.44931E-01   1.96016E-01   1.78112E-01  -9.25360E+00   1.41053E+01
  4.94634E-02   3.45117E-01   1.86105E-01   1.91986E-01  -1.05810E+01   1.36142E+01
  4.96442E-02   3.45315E-01   1.74854E-01   2.05340E-01  -1.19270E+01   1.30654E+01
  4.98131E-02   3.45527E-01   1.62250E-01   2.18117E-01  -1.32812E+01   1.24640E+01
  4.99687E-02   3.45752E-01   1.48291E-01   2.30268E-01  -1.46329E+01   1.18152E+01
  5.01097E-02   3.45988E-01   1.32985E-01   2.41748E-01  -1.59715E+01   1.11242E+01
  5.02347E-02   3.46235E-01   1.16348E-01   2.52517E-01  -1.72867E+01   1.03969E+01
  5.03424E-02   3.46493E-01   9.84113E-02   2.62541E-01  -1.85682E+01   9.63896E+00
  5.04315E-02   3.46760E-01   7.92120E-02   2.71794E-01  -1.98063E+01   8.85659E+00
  5.05008E-02   3.47036E-01   5.87988E-02   2.80255E-01  -2.09915E+01   8.05602E+00
  5.05491E-02   3.47321E-01   3.72290E-02   2.87907E-01  -2.21151E+01   7.24368E+00
  5.05752E-02   3.47612E-01   1.45686E-02   2.94742E-01  -2.31687E+01   6.42609E+00
  5.05782E-02   3.47910E-01  -9.10838E-03   3.00759E-01  -2.41447E+01   5.60983E+00
  5.05570E-02   3.48214E-01  -3.37208E-02   3.05962E-01  -2.50361E+01   4.80147E+00
  5.05108E-02   3.48522E-01  -5.91807E-02   3.10362E-01  -2.58367E+01   4.00749E+00
  5.04387E-02   3.48834E-01  -8.53942E-02   3.13977E-01  -2.65409E+01   3.23422E+00
  5.03400E-02   3.49150E-01  -1.12262E-01   3.16830E-01  -2.71438E+01   2.48774E+00
  5.02141E-02   3.49468E-01  -1.39682E-01   3.18952E-01  -2.76414E+01   1.77380E+00
  5.00606E-02   3.49788E-01  -1.67545E-01   3.20378E-01  -2.80303E+01   1.09773E+00
  4.98790E-02   3.50109E-01  -1.95742E-01   3.21147E-01  -2.83080E+01   4.64363E-01
  4.96691E-02   3.50430E-01  -2.24161E-01   3.21306E-01  -2.84725E+01  -1.22035E-01
  4.94307E-02   3.50751E-01  -2.52687E-01   3.20903E-01  -2.85225E+01  -6.57852E-01
  4.91638E-02   3.51072E-01  -2.81206E-01   3.19991E-01  -2.84576E+01  -1.14018E+00
  4.88683E-02   3.51391E-01  -3.09602E-01   3.18623E-01  -2.82776E+01  -1.56686E+00
  4.85446E-02   3.51709E-01  -3.37761E-01   3.16857E-01  -2.79833E+01  -1.93653E+00
  4.81928E-02   3.52025E-01  -3.65569E-01   3.14750E-01  -2.75759E+01  -2.24863E+00
  4.78134E-02   3.52339E-01  -3.92913E-01   3.12360E-01  -2.70571E+01  -2.50345E+00
  4.74070E-02   3.52650E-01  -4.19683E-01   3.09743E-01  -2.64290E+01  -2.70208E+00
  4.69740E-02   3.52958E-01  -4.45771E-01   3.06956E-01  -2.56944E+01  -2.84642E+00
  4.65154E-02   3.53264E-01  -4.71072E-01   3.04050E-01  -2.48563E+01  -2.93917E+00
  4.60319E-02   3.53566E-01  -4.95484E-01   3.01077E-01  -2.39183E+01  -2.98371E+00
  4.55245E-02   3.53866E-01  -5.18909E-01   2.98083E-01  -2.28844E+01  -2.98413E+00
  4.49941E-02   3.54163E-01  -5.41253E-01   2.95109E-01  -2.17587E+01  -2.94508E+00
  4.44419E-02   3.54456E-01  -5.62426E-01   2.92193E-01  -2.05460E+01  -2.87174E+00
  4.38692E-02   3.54747E-01  -5.82345E-01   2.89365E-01  -1.92513E+01  -2.76968E+00
  4.32773E-02   3.55035E-01  -6.00929E-01   2.86653E-01  -1.78798E+01  -2.64476E+00
  4.26674E-02   3.55320E-01  -6.18104E-01   2.84076E-01  -1.64373E+01  -2.50307E+00
  4.20410E-02   3.55603E-01  -6.33803E-01   2.81647E-01  -1.49295E+01  -2.35073E+00
  4.13998E-02   3.55884E-01  -6.47963E-01   2.79375E-01  -1.33628E+01  -2.19383E+00
  4.07451E-02   3.56162E-01  -6.60529E-01   2.77260E-01  -1.17434E+01  -2.03832E+00
  4.00787E-02   3.56438E-01  -6.71450E-01   2.75298E-01  -1.00781E+01  -1.88987E+00
  3.94022E-02   3.56712E-01  -6.80685E-01   2.73480E-01  -8.37378E+00  -1.75378E+00
  3.87173E-02   3.56985E-01  -6.88198E-01   2.71790E-01  -6.63743E+00  -1.63491E+00
  3.80258E-02   3.57256E-01  -6.93960E-01   2.70210E-01  -4.87631E+00  -1.53757E+00
  3.73294E-02   3.57525E-01  -6.97950E-01   2.68715E-01  -3.09783E+00  -1.46548E+00
  3.66299E-02   3.57793E-01  -7.00155E-01   2.67279E-01  -1.30951E+00  -1.42171E+00
  3.59291E-02   3.58060E-01  -7.00569E-01   2.65872E-01   4.80991E-01  -1.40864E+00
  3.52288E-02   3.58325E-01  -6.99193E-01   2.64462E-01   2.26593E+00  -1.42797E+00
  3.45307E-02   3.58589E-01  -6.96037E-01   2.63016E-01   4.03751E+00  -1.48065E+00
  3.38367E-02   3.58851E-01  -6.91118E-01   2.61500E-01   5.78787E+00  -1.56697E+00
  3.31485E-02   3.59112E-01  -6.84462E-01   2.59882E-01   7.50918E+00  -1.68649E+00
  3.24678E-02   3.59371E-01  -6.76100E-01   2.58127E-01   9.19364E+00  -1.83813E+00
  3.17963E-02   3.59628E-01  -6.66074E-01   2.56206E-01   1.08336E+01  -2.02018E+00
  3.11356E-02   3.59883E-01  -6.54433E-01   2.54087E-01   1.24214E+01  -2.23036E+00
  3.04874E-02   3.60136E-01  -6.41232E-01   2.51745E-01   1.39499E+01  -2.46585E+00
  2.98532E-02   3.60387E-01  -6.26533E-01   2.49155E-01   1.54119E+01  -2.72334E+00
  2.92344E-02   3.60635E-01  -6.10408E-01   2.46298E-01   1.68008E+01  -2.99915E+00
  2.86324E-02   3.60879E-01  -5.92932E-01   2.43157E-01   1.81104E+01  -3.28922E+00
  2.80485E-02   3.61121E-01  -5.74187E-01   2.39720E-01   1.93349E+01  -3.58924E+00
  2.74840E-02   3.61359E-01  -5.54262E-01   2.35979E-01   2.04691E+01  -3.89469E+00
  2.69400E-02   3.61593E-01  -5.33249E-01   2.31930E-01   2.15085E+01  -4.20095E+00
  2.64175E-02   3.61823E-01  -5.11245E-01   2.27577E-01   2.24491E+01  -4.50335E+00
  2.59175E-02   3.62048E-01  -4.88350E-01   2.22924E-01   2.32878E+01  -4.79728E+00
  2.54408E-02   3.62269E-01  -4.64669E-01   2.17982E-01   2.40222E+01  -5.07826E+00
  2.49881E-02   3.62484E-01  -4.40306E-01   2.12767E-01   2.46508E+01  -5.34200E+00
  2.45602E-02   3.62694E-01  -4.15368E-01   2.07298E-01   2.51726E+01  -5.58451E+00
  2.41574E-02   3.62899E-01  -3.89961E-01   2.01598E-01   2.55878E+01  -5.80212E+00
  2.37803E-02   3.63097E-01  -3.64192E-01   1.95694E-01   2.58971E+01  -5.99156E+00
  2.34290E-02   3.63290E-01  -3.38167E-01   1.89615E-01   2.61022E+01  -6.15004E+00
  2.31039E-02   3.63477E-01  -3.11988E-01   1.83394E-01   2.62055E+01  -6.27524E+00
  2.28051E-02   3.63657E-01  -2.85756E-01   1.77065E-01   2.62100E+01  -6.36534E+00
  2.25324E-02   3.63831E-01  -2.59568E-01   1.70663E-01   2.61196E+01  -6.41910E+00
  2.22859E-02   3.63998E-01  -2.33516E-01   1.64226E-01   2.59386E+01  -6.43580E+00
  2.20654E-02   3.64159E-01  -2.07690E-01   1.57792E-01   2.56719E+01  -6.41526E+00
  2.18705E-02   3.64314E-01  -1.82173E-01   1.51396E-01   2.53249E+01  -6.35784E+00
  2.17010E-02   3.64462E-01  -1.57040E-01   1.45076E-01   2.49034E+01  -6.26441E+00
  2.15565E-02   3.64604E-01  -1.32366E-01   1.38867E-01   2.44136E+01  -6.13633E+00
  2.14363E-02   3.64740E-01  -1.08213E-01   1.32803E-01   2.38616E+01  -5.97537E+00
  2.13400E-02   3.64869E-01  -8.46425E-02   1.26916E-01   2.32539E+01  -5.78374E+00
  2.12670E-02   3.64993E-01  -6.17055E-02   1.21236E-01   2.25971E+01  -5.56396E+00
  2.12166E-02   3.65112E-01  -3.94483E-02   1.15788E-01   2.18977E+01  -5.31887E+00
  2.11881E-02   3.65225E-01  -1.79101E-02   1.10598E-01   2.11620E+01  -5.05154E+00
  2.11808E-02   3.65333E-01   2.87568E-03   1.05685E-01   2.03961E+01  -4.76524E+00
  2.11939E-02   3.65436E-01   2.28822E-02   1.01068E-01   1.96062E+01  -4.46335E+00
  2.12266E-02   3.65535E-01   4.20881E-02   9.67586E-02   1.87977E+01  -4.14934E+00
  2.12780E-02   3.65630E-01   6.04776E-02   9.27689E-02   1.79761E+01  -3.82673E+00
  2.13475E-02   3.65721E-01   7.80402E-02   8.91052E-02   1.71461E+01  -3.49897E+00
  2.14341E-02   3.65808E-01   9.47698E-02   8.57709E-02   1.63123E+01  -3.16949E+00
  2.15371E-02   3.65892E-01   1.10665E-01   8.27662E-02   1.54787E+01  -2.84160E+00
  2.16555E-02   3.65974E-01   1.25727E-01   8.00877E-02   1.46489E+01  -2.51844E+00
  2.17885E-02   3.66053E-01   1.39962E-01   7.77293E-02   1.38259E+01  -2.20302E+00
  2.19354E-02   3.66129E-01   1.53379E-01   7.56817E-02   1.30125E+01  -1.89810E+00
  2.20953E-02   3.66204E-01   1.65987E-01   7.39331E-02   1.22109E+01  -1.60624E+00
  2.22674E-02   3.66277E-01   1.77801E-01   7.24692E-02   1.14228E+01  -1.32974E+00
  2.24509E-02   3.66349E-01   1.88833E-01   7.12736E-02   1.06497E+01  -1.07064E+00
  2.26450E-02   3.66420E-01   1.99100E-01   7.03279E-02   9.89259E+00  -8.30710E-01
  2.28491E-02   3.66489E-01   2.08618E-01   6.96122E-02   9.15222E+00  -6.11428E-01
  2.30623E-02   3.66559E-01   2.17405E-01   6.91051E-02   8.42899E+00  -4.14002E-01
  2.32839E-02   3.66628E-01   2.25476E-01   6.87842E-02   7.72306E+00  -2.39351E-01
  2.35132E-02   3.66696E-01   2.32851E-01   6.86264E-02   7.03435E+00  -8.81176E-02
  2.37496E-02   3.66765E-01   2.39545E-01   6.86079E-02   6.36263E+00   3.93274E-02
  2.39923E-02   3.66834E-01   2.45576E-01   6.87050E-02   5.70752E+00   1.42875E-01
  2.42407E-02   3.66902E-01   2.50960E-01   6.88937E-02   5.06853E+00   2.22663E-01
  2.44942E-02   3.66971E-01   2.55713E-01   6.91503E-02   4.44510E+00   2.79062E-01
  2.47522E-02   3.67041E-01   2.59850E-01   6.94518E-02   3.83665E+00   3.12651E-01
  2.50139E-02   3.67110E-01   2.63386E-01   6.97756E-02   3.24259E+00   3.24202E-01
  2.52789E-02   3.67180E-01   2.66335E-01   7.01002E-02   2.66238E+00   3.14648E-01
  2.55466E-02   3.67250E-01   2.68711E-01   7.04049E-02   2.09551E+00   2.85065E-01
  2.58164E-02   3.67321E-01   2.70526E-01   7.06703E-02   1.54157E+00   2.36639E-01
  2.60876E-02   3.67392E-01   2.71794E-01   7.08782E-02   1.00025E+00   1.70641E-01
  2.63599E-02   3.67463E-01   2.72527E-01   7.10116E-02   4.71345E-01   8.84021E-02
  2.66327E-02   3.67534E-01   2.72737E-01   7.10550E-02  -4.52225E-02  -8.71372E-03
  2.69054E-02   3.67605E-01   2.72436E-01   7.09942E-02  -5.49388E-01  -1.19333E-01
  2.71776E-02   3.67676E-01   2.71638E-01   7.08164E-02  -1.04095E+00  -2.42093E-01
  2.74487E-02   3.67747E-01   2.70355E-01   7.05100E-02  -1.51957E+00  -3.75663E-01
  2.77183E-02   3.67817E-01   2.68599E-01   7.00650E-02  -1.98475E+00  -5.18757E-01
  2.79859E-02   3.67887E-01   2.66385E-01   6.94725E-02  -2.43588E+00  -6.70147E-01
  2.82511E-02   3.67956E-01   2.63727E-01   6.87247E-02  -2.87220E+00  -8.28674E-01
  2.85133E-02   3.68024E-01   2.60641E-01   6.78152E-02  -3.29282E+00  -9.93255E-01
  2.87723E-02   3.68091E-01   2.57142E-01   6.67382E-02  -3.69674E+00  -1.16288E+00
  2.90276E-02   3.68158E-01   2.53247E-01   6.54894E-02  -4.08286E+00  -1.33662E+00
  2.92788E-02   3.68222E-01   2.48976E-01   6.40650E-02  -4.44999E+00  -1.51363E+00
  2.95256E-02   3.68286E-01   2.44347E-01   6.24621E-02  -4.79686E+00  -1.69313E+00
  2.97675E-02   3.68347E-01   2.39382E-01   6.06787E-02  -5.12214E+00  -1.87440E+00
  3.00043E-02   3.68407E-01   2.34103E-01   5.87133E-02  -5.42448E+00  -2.05681E+00
  3.02357E-02   3.68465E-01   2.28533E-01   5.65651E-02  -5.70252E+00  -2.23977E+00
  3.04614E-02   3.68520E-01   2.22698E-01   5.42338E-02  -5.95490E+00  -2.42275E+00
  3.06811E-02   3.68573E-01   2.16623E-01   5.17196E-02  -6.18031E+00  -2.60526E+00
  3.08947E-02   3.68624E-01   2.10337E-01   4.90233E-02  -6.37750E+00  -2.78687E+00
  3.11018E-02   3.68671E-01   2.03868E-01   4.61459E-02  -6.54530E+00  -2.96719E+00
  3.13024E-02   3.68716E-01   1.97247E-01   4.30889E-02  -6.68266E+00  -3.14586E+00
  3.14963E-02   3.68757E-01   1.90503E-01   3.98541E-02  -6.78869E+00  -3.32257E+00
  3.16834E-02   3.68796E-01   1.83669E-01   3.64437E-02  -6.86265E+00  -3.49702E+00
  3.18636E-02   3.68830E-01   1.76778E-01   3.28601E-02  -6.90397E+00  -3.66897E+00
  3.20370E-02   3.68861E-01   1.69861E-01   2.91058E-02  -6.91231E+00  -3.83819E+00
  3.22034E-02   3.68889E-01   1.62953E-01   2.51837E-02  -6.88754E+00  -4.00451E+00
  3.23629E-02   3.68912E-01   1.56086E-01   2.10968E-02  -6.82975E+00  -4.16775E+00
  3.25155E-02   3.68931E-01   1.49294E-01   1.68482E-02  -6.73929E+00  -4.32779E+00
  3.26614E-02   3.68945E-01   1.42608E-01   1.24412E-02  -6.61673E+00  -4.48452E+00
  3.28007E-02   3.68956E-01   1.36060E-01   7.87918E-03  -6.46288E+00  -4.63786E+00
  3.29336E-02   3.68961E-01   1.29682E-01   3.16551E-03  -6.27882E+00  -4.78776E+00
  3.30601E-02   3.68962E-01   1.23502E-01  -1.69634E-03  -6.06585E+00  -4.93419E+00
  3.31806E-02   3.68958E-01   1.17550E-01  -6.70288E-03  -5.82548E+00  -5.07716E+00
  3.32952E-02   3.68949E-01   1.11852E-01  -1.18507E-02  -5.55947E+00  -5.21667E+00
  3.34043E-02   3.68934E-01   1.06431E-01  -1.71362E-02  -5.26977E+00  -5.35279E+00
  3.35081E-02   3.68914E-01   1.01312E-01  -2.25562E-02  -4.95851E+00  -5.48557E+00
  3.36069E-02   3.68889E-01   9.65142E-02  -2.81074E-02  -4.62801E+00  -5.61511E+00
  3.37011E-02   3.68858E-01   9.20559E-02  -3.37864E-02  -4.28073E+00  -5.74151E+00
  3.37910E-02   3.68821E-01   8.79527E-02  -3.95904E-02  -3.91925E+00  -5.86492E+00
  3.38770E-02   3.68779E-01   8.42174E-02  -4.55163E-02  -3.54628E+00  -5.98547E+00
  3.39594E-02   3.68730E-01   8.08602E-02  -5.15613E-02  -3.16458E+00  -6.10334E+00
  3.40387E-02   3.68676E-01   7.78883E-02  -5.77230E-02  -2.77698E+00  -6.21870E+00
  3.41152E-02   3.68615E-01   7.53062E-02  -6.39987E-02  -2.38636E+00  -6.33175E+00
  3.41893E-02   3.68548E-01   7.31156E-02  -7.03865E-02  -1.99555E+00  -6.44266E+00
  3.42615E-02   3.68474E-01   7.13151E-02  -7.68841E-02  -1.60740E+00  -6.55163E+00
  3.43320E-02   3.68394E-01   6.99008E-02  -8.34897E-02  -1.22469E+00  -6.65883E+00
  3.44013E-02   3.68307E-01   6.88657E-02  -9.02017E-02  -8.50130E-01  -6.76440E+00
  3.44697E-02   3.68214E-01   6.82005E-02  -9.70185E-02  -4.86313E-01  -6.86846E+00
  3.45377E-02   3.68113E-01   6.78931E-02  -1.03939E-01  -1.35721E-01  -6.97109E+00
  3.46055E-02   3.68006E-01   6.79291E-02  -1.10961E-01   1.99319E-01  -7.07231E+00
  3.46735E-02   3.67891E-01   6.82917E-02  -1.18083E-01   5.16642E-01  -7.17209E+00
  3.47421E-02   3.67770E-01   6.89623E-02  -1.25305E-01   8.14272E-01  -7.27033E+00
  3.48114E-02   3.67641E-01   6.99203E-02  -1.32624E-01   1.09043E+00  -7.36685E+00
  3.48819E-02   3.67504E-01   7.11432E-02  -1.40039E-01   1.34356E+00  -7.46139E+00
  3.49537E-02   3.67361E-01   7.26074E-02  -1.47547E-01   1.57232E+00  -7.55360E+00
  3.50271E-02   3.67209E-01   7.42878E-02  -1.55146E-01   1.77562E+00  -7.64305E+00
  3.51023E-02   3.67050E-01   7.61586E-02  -1.62833E-01   1.95261E+00  -7.72920E+00
  3.51794E-02   3.66884E-01   7.81930E-02  -1.70604E-01   2.10270E+00  -7.81144E+00
  3.52587E-02   3.66709E-01   8.03640E-02  -1.78456E-01   2.22558E+00  -7.88906E+00
  3.53402E-02   3.66527E-01   8.26442E-02  -1.86382E-01   2.32118E+00  -7.96128E+00
  3.54240E-02   3.66336E-01   8.50064E-02  -1.94378E-01   2.38974E+00  -8.02723E+00
  3.55102E-02   3.66138E-01   8.74237E-02  -2.02437E-01   2.43177E+00  -8.08598E+00
  3.55988E-02   3.65931E-01   8.98699E-02  -2.10550E-01   2.44804E+00  -8.13656E+00
  3.56899E-02   3.65717E-01   9.23198E-02  -2.18710E-01   2.43964E+00  -8.17792E+00
  3.57835E-02   3.65494E-01   9.47492E-02  -2.26906E-01   2.40792E+00  -8.20899E+00
  3.58794E-02   3.65263E-01   9.71356E-02  -2.35128E-01   2.35449E+00  -8.22869E+00
  3.59777E-02   3.65024E-01   9.94582E-02  -2.43363E-01   2.28126E+00  -8.23588E+00
  3.60783E-02   3.64776E-01   1.01698E-01  -2.51600E-01   2.19039E+00  -8.22945E+00
  3.61811E-02   3.64521E-01   1.03839E-01  -2.59822E-01   2.08429E+00  -8.20828E+00
  3.62860E-02   3.64257E-01   1.05867E-01  -2.68016E-01   1.96563E+00  -8.17125E+00
  3.63929E-02   3.63984E-01   1.07770E-01  -2.76165E-01   1.83729E+00  -8.11729E+00
  3.65016E-02   3.63704E-01   1.09541E-01  -2.84251E-01   1.70235E+00  -8.04534E+00
  3.66119E-02   3.63416E-01   1.11175E-01  -2.92255E-01   1.56408E+00  -7.95439E+00
  3.67239E-02   3.63120E-01   1.12669E-01  -3.00160E-01   1.42593E+00  -7.84346E+00
  3.68373E-02   3.62816E-01   1.14027E-01  -3.07942E-01   1.29143E+00  -7.71165E+00
  3.69520E-02   3.62504E-01   1.15252E-01  -3.15583E-01   1.16426E+00  -7.55811E+00
  3.70678E-02   3.62184E-01   1.16355E-01  -3.23059E-01   1.04811E+00  -7.38209E+00
  3.71847E-02   3.61858E-01   1.17349E-01  -3.30347E-01   9.46715E-01  -7.18289E+00
  3.73025E-02   3.61524E-01   1.18249E-01  -3.37424E-01   8.63768E-01  -6.95992E+00
  3.74212E-02   3.61183E-01   1.19076E-01  -3.44267E-01   8.02896E-01  -6.71269E+00
  3.75406E-02   3.60835E-01   1.19854E-01  -3.50850E-01   7.67606E-01  -6.44079E+00
  3.76609E-02   3.60481E-01   1.20611E-01  -3.57148E-01   7.61230E-01  -6.14394E+00
  3.77819E-02   3.60121E-01   1.21377E-01  -3.63138E-01   7.86881E-01  -5.82197E+00
  3.79036E-02   3.59755E-01   1.22185E-01  -3.68792E-01   8.47398E-01  -5.47481E+00
  3.80262E-02   3.59383E-01   1.23072E-01  -3.74087E-01   9.45294E-01  -5.10255E+00
  3.81498E-02   3.59007E-01   1.24076E-01  -3.78997E-01   1.08271E+00  -4.70536E+00
  3.82744E-02   3.58625E-01   1.25237E-01  -3.83498E-01   1.26136E+00  -4.28358E+00
  3.84002E-02   3.58240E-01   1.26598E-01  -3.87565E-01   1.48250E+00  -3.83765E+00
  3.85276E-02   3.57850E-01   1.28202E-01  -3.91173E-01   1.74684E+00  -3.36815E+00
  3.86566E-02   3.57457E-01   1.30092E-01  -3.94301E-01   2.05456E+00  -2.87579E+00
  3.87878E-02   3.57062E-01   1.32311E-01  -3.96925E-01   2.40525E+00  -2.36139E+00
  3.89213E-02   3.56664E-01   1.34903E-01  -3.99024E-01   2.79787E+00  -1.82590E+00
  3.90576E-02   3.56264E-01   1.37907E-01  -4.00577E-01   3.23072E+00  -1.27038E+00
  3.91971E-02   3.55862E-01   1.41364E-01  -4.01564E-01   3.70147E+00  -6.95999E-01
  3.93403E-02   3.55460E-01   1.45310E-01  -4.01969E-01   4.20709E+00  -1.04029E-01
  3.94877E-02   3.55058E-01   1.49778E-01  -4.01772E-01   4.74390E+00   5.04164E-01
  3.96398E-02   3.54657E-01   1.54798E-01  -4.00960E-01   5.30752E+00   1.12713E+00
  3.97973E-02   3.54257E-01   1.60393E-01  -3.99518E-01   5.89295E+00   1.76333E+00
  3.99606E-02   3.53858E-01   1.66584E-01  -3.97434E-01   6.49452E+00   2.41118E+00
  4.01305E-02   3.53462E-01   1.73382E-01  -3.94696E-01   7.10598E+00   3.06900E+00
  4.03074E-02   3.53069E-01   1.80796E-01  -3.91296E-01   7.72049E+00   3.73509E+00
  4.04921E-02   3.52679E-01   1.88823E-01  -3.87226E-01   8.33071E+00   4.40769E+00
  4.06850E-02   3.52294E-01   1.97457E-01  -3.82480E-01   8.92885E+00   5.08500E+00
  4.08870E-02   3.51914E-01   2.06681E-01  -3.77056E-01   9.50671E+00   5.76517E+00
  4.10984E-02   3.51540E-01   2.16470E-01  -3.70950E-01   1.00558E+01   6.44636E+00
  4.13199E-02   3.51172E-01   2.26793E-01  -3.64163E-01   1.05675E+01   7.12667E+00
  4.15520E-02   3.50812E-01   2.37605E-01  -3.56697E-01   1.10329E+01   7.80417E+00
  4.17951E-02   3.50459E-01   2.48858E-01  -3.48555E-01   1.14433E+01   8.47690E+00
  4.20497E-02   3.50115E-01   2.60492E-01  -3.39743E-01   1.17900E+01   9.14286E+00
  4.23161E-02   3.49779E-01   2.72438E-01  -3.30269E-01   1.20645E+01   9.80000E+00
  4.25946E-02   3.49454E-01   2.84621E-01  -3.20143E-01   1.22587E+01   1.04462E+01
  4.28853E-02   3.49139E-01   2.96956E-01  -3.09376E-01   1.23649E+01   1.10794E+01
  4.31885E-02   3.48835E-01   3.09351E-01  -2.97984E-01   1.23762E+01   1.16973E+01
  4.35041E-02   3.48543E-01   3.21708E-01  -2.85982E-01   1.22862E+01   1.22975E+01
  4.38319E-02   3.48263E-01   3.33923E-01  -2.73389E-01   1.20892E+01   1.28777E+01
  4.41719E-02   3.47996E-01   3.45887E-01  -2.60226E-01   1.17808E+01   1.34355E+01
  4.45237E-02   3.47743E-01   3.57485E-01  -2.46518E-01   1.13571E+01   1.39682E+01
  4.48869E-02   3.47503E-01   3.68601E-01  -2.32290E-01   1.08156E+01   1.44732E+01
  4.52609E-02   3.47278E-01   3.79116E-01  -2.17572E-01   1.01548E+01   1.49478E+01
  4.56451E-02   3.47068E-01   3.88910E-01  -2.02394E-01   9.37438E+00   1.53893E+01
  4.60387E-02   3.46873E-01   3.97865E-01  -1.86793E-01   8.47525E+00   1.57948E+01
  4.64408E-02   3.46695E-01   4.05861E-01  -1.70805E-01   7.45948E+00   1.61614E+01
  4.68504E-02   3.46532E-01   4.12784E-01  -1.54470E-01   6.33035E+00   1.64866E+01
  4.72664E-02   3.46386E-01   4.18522E-01  -1.37832E-01   5.09232E+00   1.67674E+01
  4.76875E-02   3.46256E-01   4.22968E-01  -1.20935E-01   3.75097E+00   1.70013E+01
  4.81123E-02   3.46144E-01   4.26023E-01  -1.03829E-01   2.31296E+00   1.71858E+01
  4.85395E-02   3.46048E-01   4.27594E-01  -8.65639E-02   7.85974E-01   1.73186E+01
  4.89675E-02   3.45971E-01   4.27595E-01  -6.91920E-02  -8.21372E-01   1.73977E+01
  4.93947E-02   3.45910E-01   4.25951E-01  -5.17684E-02  -2.49960E+00   1.74215E+01
  4.98194E-02   3.45867E-01   4.22596E-01  -3.43491E-02  -4.23845E+00   1.73884E+01
  5.02399E-02   3.45841E-01   4.17475E-01  -1.69916E-02  -6.02698E+00   1.72975E+01
  5.06544E-02   3.45833E-01   4.10542E-01   2.45925E-04  -7.85369E+00   1.71483E+01
  5.10610E-02   3.45842E-01   4.01767E-01   1.73050E-02  -9.70658E+00   1.69407E+01
  5.14579E-02   3.45868E-01   3.91129E-01   3.41272E-02  -1.15733E+01   1.66750E+01
  5.18432E-02   3.45910E-01   3.78621E-01   5.06550E-02  -1.34412E+01   1.63523E+01
  5.22151E-02   3.45969E-01   3.64247E-01   6.68319E-02  -1.52975E+01   1.59741E+01
  5.25717E-02   3.46044E-01   3.48026E-01   8.26032E-02  -1.71295E+01   1.55423E+01
  5.29112E-02   3.46134E-01   3.29988E-01   9.79164E-02  -1.89245E+01   1.50595E+01
  5.32317E-02   3.46240E-01   3.10177E-01   1.12722E-01  -2.06699E+01   1.45289E+01
  5.35316E-02   3.46360E-01   2.88648E-01   1.26974E-01  -2.23536E+01   1.39541E+01
  5.38090E-02   3.46494E-01   2.65469E-01   1.40630E-01  -2.39636E+01   1.33392E+01
  5.40625E-02   3.46641E-01   2.40721E-01   1.53653E-01  -2.54889E+01   1.26889E+01
  5.42905E-02   3.46801E-01   2.14492E-01   1.66008E-01  -2.69185E+01   1.20080E+01
  5.44915E-02   3.46973E-01   1.86883E-01   1.77669E-01  -2.82426E+01   1.13022E+01
  5.46642E-02   3.47156E-01   1.58006E-01   1.88612E-01  -2.94519E+01   1.05768E+01
  5.48075E-02   3.47350E-01   1.27980E-01   1.98822E-01  -3.05378E+01   9.83804E+00
  5.49202E-02   3.47554E-01   9.69308E-02   2.08288E-01  -3.14930E+01   9.09183E+00
  5.50013E-02   3.47767E-01   6.49937E-02   2.17006E-01  -3.23108E+01   8.34438E+00
  5.50502E-02   3.47988E-01   3.23092E-02   2.24977E-01  -3.29856E+01   7.60186E+00
  5.50660E-02   3.48217E-01  -9.77530E-04   2.32210E-01  -3.35130E+01   6.87034E+00
  5.50482E-02   3.48452E-01  -3.47168E-02   2.38718E-01  -3.38894E+01   6.15573E+00
  5.49965E-02   3.48694E-01  -6.87562E-02   2.44521E-01  -3.41124E+01   5.46363E+00
  5.49107E-02   3.48941E-01  -1.02942E-01   2.49645E-01  -3.41807E+01   4.79928E+00
  5.47907E-02   3.49193E-01  -1.37118E-01   2.54120E-01  -3.40942E+01   4.16748E+00
  5.46365E-02   3.49450E-01  -1.71130E-01   2.57980E-01  -3.38537E+01   3.57244E+00
  5.44484E-02   3.49709E-01  -2.04825E-01   2.61265E-01  -3.34611E+01   3.01779E+00
  5.42268E-02   3.49972E-01  -2.38052E-01   2.64016E-01  -3.29195E+01   2.50646E+00
  5.39723E-02   3.50237E-01  -2.70664E-01   2.66278E-01  -3.22328E+01   2.04065E+00
  5.36855E-02   3.50505E-01  -3.02518E-01   2.68097E-01  -3.14060E+01   1.62178E+00
  5.33672E-02   3.50774E-01  -3.33476E-01   2.69521E-01  -3.04450E+01   1.25047E+00
  5.30185E-02   3.51044E-01  -3.63408E-01   2.70598E-01  -2.93563E+01   9.26585E-01
  5.26404E-02   3.51315E-01  -3.92189E-01   2.71374E-01  -2.81474E+01   6.49171E-01
  5.22342E-02   3.51586E-01  -4.19703E-01   2.71896E-01  -2.68264E+01   4.16548E-01
  5.18010E-02   3.51859E-01  -4.45841E-01   2.72207E-01  -2.54020E+01   2.26330E-01
  5.13425E-02   3.52131E-01  -4.70507E-01   2.72349E-01  -2.38835E+01   7.54967E-02
  5.08600E-02   3.52403E-01  -4.93608E-01   2.72358E-01  -2.22804E+01  -3.95365E-02
  5.03553E-02   3.52676E-01  -5.15067E-01   2.72270E-01  -2.06027E+01  -1.22833E-01
  4.98299E-02   3.52948E-01  -5.34814E-01   2.72113E-01  -1.88607E+01  -1.78842E-01
  4.92856E-02   3.53220E-01  -5.52789E-01   2.71912E-01  -1.70647E+01  -2.12303E-01
  4.87243E-02   3.53492E-01  -5.68943E-01   2.71688E-01  -1.52251E+01  -2.28147E-01
  4.81477E-02   3.53763E-01  -5.83239E-01   2.71456E-01  -1.33521E+01  -2.31388E-01
  4.75578E-02   3.54035E-01  -5.95648E-01   2.71225E-01  -1.14561E+01  -2.27032E-01
  4.69564E-02   3.54306E-01  -6.06151E-01   2.71002E-01  -9.54683E+00  -2.19974E-01
  4.63455E-02   3.54577E-01  -6.14741E-01   2.70785E-01  -7.63410E+00  -2.14910E-01
  4.57270E-02   3.54847E-01  -6.21419E-01   2.70572E-01  -5.72718E+00  -2.16252E-01
  4.51027E-02   3.55118E-01  -6.26196E-01   2.70353E-01  -3.83494E+00  -2.28052E-01
  4.44746E-02   3.55388E-01  -6.29089E-01   2.70116E-01  -1.96583E+00  -2.53939E-01
  4.38445E-02   3.55658E-01  -6.30127E-01   2.69845E-01  -1.27829E-01  -2.97065E-01
  4.32143E-02   3.55928E-01  -6.29345E-01   2.69522E-01   1.67159E+00  -3.60061E-01
  4.25858E-02   3.56197E-01  -6.26784E-01   2.69125E-01   3.42545E+00  -4.45008E-01
  4.19608E-02   3.56466E-01  -6.22494E-01   2.68632E-01   5.12728E+00  -5.53422E-01
  4.13408E-02   3.56734E-01  -6.16529E-01   2.68018E-01   6.77109E+00  -6.86242E-01
  4.07277E-02   3.57002E-01  -6.08952E-01   2.67259E-01   8.35141E+00  -8.43839E-01
  4.01229E-02   3.57269E-01  -5.99827E-01   2.66330E-01   9.86322E+00  -1.02603E+00
  3.95280E-02   3.57535E-01  -5.89225E-01   2.65207E-01   1.13020E+01  -1.23210E+00
  3.89445E-02   3.57799E-01  -5.77223E-01   2.63866E-01   1.26637E+01  -1.46083E+00
  3.83736E-02   3.58062E-01  -5.63898E-01   2.62285E-01   1.39446E+01  -1.71055E+00
  3.78167E-02   3.58324E-01  -5.49334E-01   2.60445E-01   1.51415E+01  -1.97916E+00
  3.72749E-02   3.58583E-01  -5.33615E-01   2.58327E-01   1.62517E+01  -2.26420E+00
  3.67495E-02   3.58840E-01  -5.16830E-01   2.55917E-01   1.72728E+01  -2.56290E+00
  3.62413E-02   3.59095E-01  -4.99069E-01   2.53201E-01   1.82028E+01  -2.87221E+00
  3.57513E-02   3.59347E-01  -4.80425E-01   2.50172E-01   1.90400E+01  -3.18888E+00
  3.52804E-02   3.59595E-01  -4.60989E-01   2.46824E-01   1.97834E+01  -3.50952E+00
  3.48293E-02   3.59840E-01  -4.40858E-01   2.43153E-01   2.04321E+01  -3.83064E+00
  3.43987E-02   3.60082E-01  -4.20125E-01   2.39162E-01   2.09857E+01  -4.14869E+00
  3.39891E-02   3.60319E-01  -3.98886E-01   2.34856E-01   2.14443E+01  -4.46017E+00
  3.36009E-02   3.60551E-01  -3.77236E-01   2.30242E-01   2.18082E+01  -4.76161E+00
  3.32346E-02   3.60779E-01  -3.55270E-01   2.25333E-01   2.20783E+01  -5.04968E+00
  3.28904E-02   3.61002E-01  -3.33080E-01   2.20143E-01   2.22558E+01  -5.32120E+00
  3.25685E-02   3.61220E-01  -3.10758E-01   2.14690E-01   2.23426E+01  -5.57317E+00
  3.22689E-02   3.61431E-01  -2.88395E-01   2.08996E-01   2.23407E+01  -5.80286E+00
  3.19917E-02   3.61638E-01  -2.66077E-01   2.03084E-01   2.22527E+01  -6.00779E+00
  3.17367E-02   3.61838E-01  -2.43889E-01   1.96981E-01   2.20816E+01  -6.18579E+00
  3.15039E-02   3.62031E-01  -2.21914E-01   1.90713E-01   2.18310E+01  -6.33502E+00
  3.12929E-02   3.62219E-01  -2.00227E-01   1.84311E-01   2.15046E+01  -6.45397E+00
  3.11034E-02   3.62400E-01  -1.78904E-01   1.77805E-01   2.11066E+01  -6.54152E+00
  3.09351E-02   3.62575E-01  -1.58014E-01   1.71228E-01   2.06415E+01  -6.59691E+00
  3.07874E-02   3.62743E-01  -1.37621E-01   1.64611E-01   2.01143E+01  -6.61977E+00
  3.06598E-02   3.62904E-01  -1.17786E-01   1.57988E-01   1.95298E+01  -6.61011E+00
  3.05518E-02   3.63059E-01  -9.85617E-02   1.51391E-01   1.88935E+01  -6.56831E+00
  3.04627E-02   3.63207E-01  -7.99987E-02   1.44851E-01   1.82107E+01  -6.49513E+00
  3.03918E-02   3.63348E-01  -6.21404E-02   1.38401E-01   1.74868E+01  -6.39166E+00
  3.03384E-02   3.63483E-01  -4.50251E-02   1.32068E-01   1.67274E+01  -6.25933E+00
  3.03018E-02   3.63612E-01  -2.86855E-02   1.25882E-01   1.59380E+01  -6.09986E+00
  3.02811E-02   3.63735E-01  -1.31490E-02   1.19868E-01   1.51240E+01  -5.91522E+00
  3.02755E-02   3.63852E-01   1.56252E-03   1.14052E-01   1.42907E+01  -5.70763E+00
  3.02842E-02   3.63963E-01   1.54324E-02   1.08453E-01   1.34431E+01  -5.47950E+00
  3.03063E-02   3.64069E-01   2.84488E-02   1.03093E-01   1.25863E+01  -5.23337E+00
  3.03411E-02   3.64170E-01   4.06050E-02   9.79864E-02   1.17249E+01  -4.97190E+00
  3.03876E-02   3.64265E-01   5.18987E-02   9.31487E-02   1.08633E+01  -4.69782E+00
  3.04449E-02   3.64356E-01   6.23316E-02   8.85908E-02   1.00056E+01  -4.41387E+00
  3.05122E-02   3.64442E-01   7.19099E-02   8.43210E-02   9.15562E+00  -4.12282E+00
  3.05887E-02   3.64524E-01   8.06429E-02   8.03451E-02   8.31681E+00  -3.82736E+00
  3.06735E-02   3.64603E-01   8.85435E-02   7.66663E-02   7.49232E+00  -3.53013E+00
  3.07658E-02   3.64678E-01   9.56275E-02   7.32849E-02   6.68496E+00  -3.23367E+00
  3.08648E-02   3.64749E-01   1.01913E-01   7.01989E-02   5.89719E+00  -2.94042E+00
  3.09696E-02   3.64818E-01   1.07422E-01   6.74040E-02   5.13116E+00  -2.65265E+00
  3.10796E-02   3.64884E-01   1.12176E-01   6.48936E-02   4.38868E+00  -2.37251E+00
  3.11940E-02   3.64948E-01   1.16199E-01   6.26590E-02   3.67127E+00  -2.10200E+00
  3.13120E-02   3.65010E-01   1.19518E-01   6.06896E-02   2.98017E+00  -1.84294E+00
  3.14330E-02   3.65069E-01   1.22160E-01   5.89731E-02   2.31633E+00  -1.59701E+00
  3.15563E-02   3.65128E-01   1.24151E-01   5.74956E-02   1.68048E+00  -1.36572E+00
  3.16813E-02   3.65184E-01   1.25521E-01   5.62417E-02   1.07312E+00  -1.15044E+00
  3.18074E-02   3.65240E-01   1.26297E-01   5.51947E-02   4.94559E-01  -9.52381E-01
  3.19339E-02   3.65295E-01   1.26510E-01   5.43369E-02  -5.50494E-02  -7.72626E-01
  3.20604E-02   3.65349E-01   1.26187E-01   5.36495E-02  -5.75695E-01  -6.12126E-01
  3.21863E-02   3.65402E-01   1.25358E-01   5.31127E-02  -1.06747E+00  -4.71710E-01
  3.23111E-02   3.65455E-01   1.24052E-01   5.27060E-02  -1.53057E+00  -3.52092E-01
  3.24344E-02   3.65507E-01   1.22297E-01   5.24085E-02  -1.96523E+00  -2.53874E-01
  3.25557E-02   3.65560E-01   1.20122E-01   5.21983E-02  -2.37174E+00  -1.77561E-01
  3.26746E-02   3.65612E-01   1.17554E-01   5.20534E-02  -2.75042E+00  -1.23557E-01
  3.27908E-02   3.65664E-01   1.14621E-01   5.19512E-02  -3.10161E+00  -9.21708E-02
  3.29039E-02   3.65716E-01   1.11350E-01   5.18690E-02  -3.42564E+00  -8.36239E-02
  3.30135E-02   3.65768E-01   1.07770E-01   5.17839E-02  -3.72287E+00  -9.80466E-02
  3.31194E-02   3.65819E-01   1.03905E-01   5.16729E-02  -3.99361E+00  -1.35481E-01
  3.32213E-02   3.65871E-01   9.97823E-02   5.15130E-02  -4.23819E+00  -1.95879E-01
  3.33190E-02   3.65922E-01   9.54284E-02   5.12812E-02  -4.45692E+00  -2.79102E-01
  3.34122E-02   3.65973E-01   9.08685E-02   5.09548E-02  -4.65008E+00  -3.84914E-01
  3.35007E-02   3.66024E-01   8.61282E-02   5.05113E-02  -4.81797E+00  -5.12982E-01
  3.35844E-02   3.66074E-01   8.12326E-02   4.99288E-02  -4.96085E+00  -6.62866E-01
  3.36632E-02   3.66124E-01   7.62065E-02   4.91856E-02  -5.07901E+00  -8.34020E-01
  3.37368E-02   3.66173E-01   7.10746E-02   4.82608E-02  -5.17271E+00  -1.02578E+00
  3.38053E-02   3.66221E-01   6.58611E-02   4.71340E-02  -5.24225E+00  -1.23736E+00
  3.38686E-02   3.66267E-01   6.05901E-02   4.57860E-02  -5.28794E+00  -1.46787E+00
  3.39265E-02   3.66312E-01   5.52852E-02   4.41983E-02  -5.31013E+00  -1.71628E+00
  3.39791E-02   3.66356E-01   4.99698E-02   4.23535E-02  -5.30919E+00  -1.98143E+00
  3.40264E-02   3.66397E-01   4.46668E-02   4.02354E-02  -5.28558E+00  -2.26205E+00
  3.40685E-02   3.66436E-01   3.93987E-02   3.78294E-02  -5.23976E+00  -2.55677E+00
  3.41052E-02   3.66473E-01   3.41873E-02   3.51219E-02  -5.17229E+00  -2.86407E+00
  3.41368E-02   3.66506E-01   2.90541E-02   3.21012E-02  -5.08380E+00  -3.18237E+00
  3.41633E-02   3.66537E-01   2.40197E-02   2.87572E-02  -4.97496E+00  -3.50997E+00
  3.41849E-02   3.66564E-01   1.91041E-02   2.50813E-02  -4.84654E+00  -3.84511E+00
  3.42016E-02   3.66587E-01   1.43266E-02   2.10670E-02  -4.69937E+00  -4.18596E+00
  3.42135E-02   3.66606E-01   9.70540E-03   1.67094E-02  -4.53435E+00  -4.53065E+00
  3.42210E-02   3.66620E-01   5.25791E-03   1.20057E-02  -4.35245E+00  -4.87727E+00
  3.42240E-02   3.66630E-01   1.00050E-03   6.95483E-03  -4.15471E+00  -5.22392E+00
  3.42230E-02   3.66634E-01  -3.05151E-03   1.55783E-03  -3.94222E+00  -5.56866E+00
  3.42179E-02   3.66633E-01  -6.88395E-03  -4.18250E-03  -3.71614E+00  -5.90963E+00
  3.42092E-02   3.66626E-01  -1.04838E-02  -1.02614E-02  -3.47765E+00  -6.24497E+00
  3.41970E-02   3.66612E-01  -1.38393E-02  -1.66724E-02  -3.22799E+00  -6.57289E+00
  3.41815E-02   3.66593E-01  -1.69398E-02  -2.34072E-02  -2.96839E+00  -6.89167E+00
  3.41631E-02   3.66566E-01  -1.97760E-02  -3.04558E-02  -2.70013E+00  -7.19970E+00
  3.41420E-02   3.66532E-01  -2.23400E-02  -3.78066E-02  -2.42447E+00  -7.49544E+00
  3.41184E-02   3.66490E-01  -2.46250E-02  -4.54467E-02  -2.14267E+00  -7.77750E+00
  3.40927E-02   3.66441E-01  -2.66254E-02  -5.33616E-02  -1.85596E+00  -8.04458E+00
  3.40652E-02   3.66383E-01  -2.83369E-02  -6.15358E-02  -1.56556E+00  -8.29555E+00
  3.40360E-02   3.66318E-01  -2.97565E-02  -6.99527E-02  -1.27262E+00  -8.52941E+00
  3.40057E-02   3.66243E-01  -3.08821E-02  -7.85946E-02  -9.78271E-01  -8.74529E+00
  3.39743E-02   3.66160E-01  -3.17130E-02  -8.74433E-02  -6.83572E-01  -8.94249E+00
  3.39422E-02   3.66069E-01  -3.22493E-02  -9.64796E-02  -3.89532E-01  -9.12044E+00
  3.39098E-02   3.65968E-01  -3.24921E-02  -1.05684E-01  -9.70937E-02  -9.27873E+00
  3.38772E-02   3.65857E-01  -3.24435E-02  -1.15037E-01   1.92863E-01  -9.41707E+00
  3.38449E-02   3.65737E-01  -3.21064E-02  -1.24518E-01   4.79525E-01  -9.53533E+00
  3.38130E-02   3.65608E-01  -3.14844E-02  -1.34108E-01   7.62141E-01  -9.63347E+00
  3.37819E-02   3.65469E-01  -3.05821E-02  -1.43785E-01   1.04002E+00  -9.71159E+00
  3.37519E-02   3.65321E-01  -2.94044E-02  -1.53531E-01   1.31253E+00  -9.76987E+00
  3.37231E-02   3.65162E-01  -2.79570E-02  -1.63325E-01   1.57908E+00  -9.80860E+00
  3.36960E-02   3.64994E-01  -2.62462E-02  -1.73148E-01   1.83911E+00  -9.82813E+00
  3.36706E-02   3.64816E-01  -2.42788E-02  -1.82981E-01   2.09212E+00  -9.82886E+00
  3.36474E-02   3.64628E-01  -2.20620E-02  -1.92806E-01   2.33758E+00  -9.81125E+00
  3.36265E-02   3.64430E-01  -1.96036E-02  -2.02604E-01   2.57502E+00  -9.77577E+00
  3.36082E-02   3.64223E-01  -1.69120E-02  -2.12357E-01   2.80394E+00  -9.72293E+00
  3.35927E-02   3.64006E-01  -1.39957E-02  -2.22050E-01   3.02387E+00  -9.65320E+00
  3.35802E-02   3.63779E-01  -1.08642E-02  -2.31664E-01   3.23432E+00  -9.56708E+00
  3.35710E-02   3.63542E-01  -7.52709E-03  -2.41184E-01   3.43481E+00  -9.46501E+00
  3.35651E-02   3.63296E-01  -3.99460E-03  -2.50594E-01   3.62483E+00  -9.34743E+00
  3.35630E-02   3.63041E-01  -2.77443E-04  -2.59879E-01   3.80389E+00  -9.21471E+00
  3.35646E-02   3.62777E-01   3.61317E-03  -2.69023E-01   3.97149E+00  -9.06720E+00
  3.35702E-02   3.62503E-01   7.66554E-03  -2.78013E-01   4.12716E+00  -8.90518E+00
  3.35799E-02   3.62221E-01   1.18675E-02  -2.86834E-01   4.27039E+00  -8.72890E+00
  3.35939E-02   3.61929E-01   1.62063E-02  -2.95471E-01   4.40074E+00  -8.53855E+00
  3.36123E-02   3.61630E-01   2.06690E-02  -3.03911E-01   4.51775E+00  -8.33429E+00
  3.36353E-02   3.61321E-01   2.52418E-02  -3.12139E-01   4.62103E+00  -8.11623E+00
  3.36628E-02   3.61005E-01   2.99110E-02  -3.20143E-01   4.71020E+00  -7.88446E+00
  3.36951E-02   3.60681E-01   3.46622E-02  -3.27908E-01   4.78495E+00  -7.63903E+00
  3.37321E-02   3.60349E-01   3.94809E-02  -3.35421E-01   4.84500E+00  -7.38001E+00
  3.37740E-02   3.60010E-01   4.43522E-02  -3.42668E-01   4.89015E+00  -7.10743E+00
  3.38208E-02   3.59664E-01   4.92612E-02  -3.49636E-01   4.92027E+00  -6.82136E+00
  3.38726E-02   3.59311E-01   5.41928E-02  -3.56311E-01   4.93529E+00  -6.52189E+00
  3.39292E-02   3.58952E-01   5.91318E-02  -3.62680E-01   4.93523E+00  -6.20915E+00
  3.39908E-02   3.58586E-01   6.40632E-02  -3.68729E-01   4.92020E+00  -5.88333E+00
  3.40574E-02   3.58214E-01   6.89722E-02  -3.74446E-01   4.89039E+00  -5.54468E+00
  3.41288E-02   3.57837E-01   7.38440E-02  -3.79819E-01   4.84609E+00  -5.19355E+00
  3.42050E-02   3.57454E-01   7.86644E-02  -3.84834E-01   4.78770E+00  -4.83041E+00
  3.42861E-02   3.57067E-01   8.34194E-02  -3.89479E-01   4.71569E+00  -4.45582E+00
  3.43719E-02   3.56675E-01   8.80958E-02  -3.93745E-01   4.63066E+00  -4.07051E+00
  3.44623E-02   3.56280E-01   9.26807E-02  -3.97621E-01   4.53328E+00  -3.67536E+00
  3.45572E-02   3.55880E-01   9.71623E-02  -4.01096E-01   4.42433E+00  -3.27142E+00
  3.46566E-02   3.55477E-01   1.01529E-01  -4.04163E-01   4.30465E+00  -2.85993E+00
  3.47603E-02   3.55072E-01   1.05772E-01  -4.06816E-01   4.17518E+00  -2.44231E+00
  3.48682E-02   3.54664E-01   1.09880E-01  -4.09048E-01   4.03692E+00  -2.02022E+00
  3.49801E-02   3.54254E-01   1.13845E-01  -4.10856E-01   3.89093E+00  -1.59552E+00
  3.50959E-02   3.53842E-01   1.17662E-01  -4.12239E-01   3.73831E+00  -1.17027E+00
  3.52154E-02   3.53429E-01   1.21322E-01  -4.13197E-01   3.58020E+00  -7.46798E-01
  3.53385E-02   3.53016E-01   1.24822E-01  -4.13733E-01   3.41775E+00  -3.27619E-01
  3.54650E-02   3.52602E-01   1.28158E-01  -4.13852E-01   3.25212E+00   8.45173E-02
  3.55948E-02   3.52188E-01   1.31326E-01  -4.13564E-01   3.08446E+00   4.86649E-01
  3.57277E-02   3.51775E-01   1.34327E-01  -4.12879E-01   2.91590E+00   8.75616E-01
  3.58635E-02   3.51362E-01   1.37158E-01  -4.11812E-01   2.74751E+00   1.24807E+00
  3.60020E-02   3.50951E-01   1.39822E-01  -4.10383E-01   2.58033E+00   1.60051E+00
  3.61431E-02   3.50542E-01   1.42319E-01  -4.08611E-01   2.41528E+00   1.92929E+00
  3.62866E-02   3.50134E-01   1.44652E-01  -4.06524E-01   2.25321E+00   2.23067E+00
  3.64324E-02   3.49728E-01   1.46825E-01  -4.04150E-01   2.09487E+00   2.50087E+00
  3.65803E-02   3.49326E-01   1.48842E-01  -4.01522E-01   1.94085E+00   2.73608E+00
  3.67301E-02   3.48925E-01   1.50707E-01  -3.98678E-01   1.79162E+00   2.93257E+00
  3.68817E-02   3.48528E-01   1.52425E-01  -3.95657E-01   1.64748E+00   3.08674E+00
  3.70349E-02   3.48134E-01   1.54002E-01  -3.92504E-01   1.50857E+00   3.19518E+00
  3.71897E-02   3.47743E-01   1.55442E-01  -3.89267E-01   1.37487E+00   3.25479E+00
  3.73458E-02   3.47356E-01   1.56752E-01  -3.85995E-01   1.24617E+00   3.26290E+00
  3.75032E-02   3.46971E-01   1.57935E-01  -3.82741E-01   1.12213E+00   3.21732E+00
  3.76617E-02   3.46590E-01   1.58996E-01  -3.79560E-01   1.00224E+00   3.11656E+00
  3.78212E-02   3.46212E-01   1.59939E-01  -3.76508E-01   8.85874E-01   2.95988E+00
  3.79816E-02   3.45837E-01   1.60768E-01  -3.73640E-01   7.72331E-01   2.74752E+00
  3.81427E-02   3.45465E-01   1.61484E-01  -3.71013E-01   6.60846E-01   2.48081E+00
  3.83045E-02   3.45095E-01   1.62089E-01  -3.68679E-01   5.50654E-01   2.16238E+00
  3.84669E-02   3.44727E-01   1.62585E-01  -3.66688E-01   4.41048E-01   1.79633E+00
  3.86297E-02   3.44362E-01   1.62971E-01  -3.65086E-01   3.31438E-01   1.38841E+00
  3.87929E-02   3.43997E-01   1.63248E-01  -3.63911E-01   2.21432E-01   9.46273E-01
  3.89562E-02   3.43634E-01   1.63414E-01  -3.63194E-01   1.38650E-01   6.00319E-01
  3.91197E-02   3.43271E-01   1.63525E-01  -3.62711E-01   8.33604E-02   3.65504E-01
