 FILE: 7segsprint.11

 *** Replace this line with a message to appear on all output files.                                    


        T             RX1            RY1            RX2            RY2            RX             RY             GRF            COP
       (S)            (N)            (N)            (N)            (N)            (N)            (N)            (N)            (M)

  0.000000E+000  0.000000E+000  0.000000E+000  0.000000E+000  0.000000E+000  0.000000E+000  0.000000E+000  0.000000E+000  0.000000E+000
  1.000000E-003  0.000000E+000  0.000000E+000 -4.242220E+003  2.605994E+003 -4.242220E+003  2.605994E+003  4.978718E+003  7.364380E-004
  2.000000E-003  0.000000E+000  0.000000E+000 -4.488837E+003  4.013253E+003 -4.488837E+003  4.013253E+003  6.021283E+003  1.196958E-003
  3.000000E-003  2.671416E+003  4.330396E+001 -2.394590E+003  4.943070E+003  2.768256E+002  4.986374E+003  4.994052E+003  2.208107E-003
  4.000000E-003  9.311191E+002  3.505094E+002 -1.819272E+003  3.645310E+003 -8.881525E+002  3.995820E+003  4.093335E+003  8.411834E-003
  5.000000E-003  1.776666E+003  2.623793E+002 -2.085211E+003  3.095391E+003 -3.085447E+002  3.357771E+003  3.371917E+003  7.701244E-003
  6.000000E-003  1.108237E+003  2.379945E+002 -1.807216E+003  2.609736E+003 -6.989784E+002  2.847730E+003  2.932258E+003  7.980240E-003
  7.000000E-003  1.287197E+003  2.100960E+002 -1.798091E+003  2.473623E+003 -5.108940E+002  2.683719E+003  2.731915E+003  7.663461E-003
  8.000000E-003  1.234077E+003  2.018250E+002 -1.799187E+003  2.429303E+003 -5.651099E+002  2.631128E+003  2.691130E+003  7.530218E-003
  9.000000E-003  1.311207E+003  1.997828E+002 -1.887049E+003  2.515645E+003 -5.758412E+002  2.715428E+003  2.775813E+003  7.301606E-003
  1.000000E-002  1.339157E+003  2.066497E+002 -1.957320E+003  2.620398E+003 -6.181632E+002  2.827047E+003  2.893842E+003  7.268636E-003
  1.100000E-002  1.335122E+003  2.155539E+002 -1.957702E+003  2.653586E+003 -6.225800E+002  2.869140E+003  2.935910E+003  7.442793E-003
  1.200000E-002  1.355948E+003  2.223408E+002 -1.954312E+003  2.669661E+003 -5.983635E+002  2.892002E+003  2.953255E+003  7.599763E-003
  1.300000E-002  1.427263E+003  2.315322E+002 -1.973252E+003  2.722349E+003 -5.459895E+002  2.953882E+003  3.003918E+003  7.749668E-003
  1.400000E-002  1.482201E+003  2.434151E+002 -1.982792E+003  2.775062E+003 -5.005917E+002  3.018477E+003  3.059705E+003  7.953079E-003
  1.500000E-002  1.485842E+003  2.535488E+002 -1.977528E+003  2.799769E+003 -4.916860E+002  3.053318E+003  3.092653E+003  8.147165E-003
  1.600000E-002  1.476924E+003  2.617411E+002 -1.960992E+003  2.803328E+003 -4.840686E+002  3.065069E+003  3.103058E+003  8.335598E-003
  1.700000E-002  1.491770E+003  2.692729E+002 -1.967096E+003  2.831885E+003 -4.753260E+002  3.101158E+003  3.137374E+003  8.450685E-003
  1.800000E-002  1.500192E+003  2.782681E+002 -1.972158E+003  2.866274E+003 -4.719663E+002  3.144542E+003  3.179764E+003  8.583609E-003
  1.900000E-002  1.508586E+003  2.874342E+002 -1.968523E+003  2.891305E+003 -4.599371E+002  3.178740E+003  3.211842E+003  8.741371E-003
  2.000000E-002  1.510678E+003  2.957570E+002 -1.952464E+003  2.898644E+003 -4.417863E+002  3.194401E+003  3.224806E+003  8.919167E-003
  2.100000E-002  1.516642E+003  3.030652E+002 -1.933562E+003  2.899772E+003 -4.169192E+002  3.202837E+003  3.229858E+003  9.088518E-003
  2.200000E-002  1.532423E+003  3.104052E+002 -1.917762E+003  2.906456E+003 -3.853388E+002  3.216861E+003  3.239858E+003  9.246081E-003
  2.300000E-002  1.545589E+003  3.179848E+002 -1.897488E+003  2.909897E+003 -3.518995E+002  3.227882E+003  3.247007E+003  9.415713E-003
  2.400000E-002  1.556081E+003  3.250997E+002 -1.875729E+003  2.910717E+003 -3.196486E+002  3.235816E+003  3.251566E+003  9.578647E-003
  2.500000E-002  1.560810E+003  3.318391E+002 -1.849868E+003  2.905980E+003 -2.890578E+002  3.237819E+003  3.250696E+003  9.745303E-003
  2.600000E-002  1.569016E+003  3.383080E+002 -1.824402E+003  2.901846E+003 -2.553856E+002  3.240154E+003  3.250203E+003  9.903803E-003
  2.700000E-002  1.578889E+003  3.448943E+002 -1.798658E+003  2.898781E+003 -2.197691E+002  3.243676E+003  3.251112E+003  1.006124E-002
  2.800000E-002  1.584691E+003  3.513510E+002 -1.768522E+003  2.890304E+003 -1.838310E+002  3.241655E+003  3.246863E+003  1.022922E-002
  2.900000E-002  1.589429E+003  3.573553E+002 -1.736619E+003  2.878617E+003 -1.471899E+002  3.235972E+003  3.239318E+003  1.039493E-002
  3.000000E-002  1.587673E+003  3.629230E+002 -1.699700E+003  2.859312E+003 -1.120271E+002  3.222235E+003  3.224182E+003  1.057203E-002
  3.100000E-002  1.588581E+003  3.680269E+002 -1.663489E+003  2.840089E+003 -7.490752E+001  3.208116E+003  3.208991E+003  1.073863E-002
  3.200000E-002  1.594134E+003  3.733332E+002 -1.630531E+003  2.826652E+003 -3.639672E+001  3.199985E+003  3.200192E+003  1.089236E-002
  3.300000E-002  1.596016E+003  3.788625E+002 -1.595022E+003  2.810614E+003  9.936999E-001  3.189477E+003  3.189477E+003  1.105856E-002
  3.400000E-002  1.593736E+003  3.839904E+002 -1.555700E+003  2.787900E+003  3.803612E+001  3.171891E+003  3.172119E+003  1.123626E-002
  3.500000E-002  1.588963E+003  3.886011E+002 -1.514079E+003  2.760207E+003  7.488423E+001  3.148808E+003  3.149699E+003  1.141866E-002
  3.600000E-002  1.584864E+003  3.929288E+002 -1.472538E+003  2.731714E+003  1.123258E+002  3.124643E+003  3.126661E+003  1.159813E-002
  3.700000E-002  1.579439E+003  3.971664E+002 -1.430224E+003  2.701540E+003  1.492149E+002  3.098706E+003  3.102297E+003  1.178246E-002
  3.800000E-002  1.572142E+003  4.011931E+002 -1.386629E+003  2.668327E+003  1.855132E+002  3.069520E+003  3.075121E+003  1.197404E-002
  3.900000E-002  1.563192E+003  4.049492E+002 -1.341934E+003  2.631976E+003  2.212583E+002  3.036926E+003  3.044975E+003  1.217257E-002
  4.000000E-002  1.567374E+003  4.088939E+002 -1.304068E+003  2.606668E+003  2.633057E+002  3.015562E+003  3.027036E+003  1.233413E-002
  4.100000E-002  1.550770E+003  4.130847E+002 -1.257153E+003  2.565637E+003  2.936174E+002  2.978721E+003  2.993158E+003  1.256671E-002
  4.200000E-002  1.518218E+003  4.155205E+002 -1.200664E+003  2.502056E+003  3.175541E+002  2.917577E+003  2.934807E+003  1.285385E-002
  4.300000E-002  1.519060E+003  4.173834E+002 -1.158151E+003  2.460486E+003  3.609094E+002  2.877869E+003  2.900411E+003  1.303444E-002
  4.400000E-002  1.517749E+003  4.210532E+002 -1.118285E+003  2.426380E+003  3.994636E+002  2.847433E+003  2.875317E+003  1.323320E-002
  4.500000E-002  1.499777E+003  4.245151E+002 -1.072248E+003  2.378113E+003  4.275290E+002  2.802628E+003  2.835049E+003  1.349732E-002
  4.600000E-002  1.482326E+003  4.269541E+002 -1.025327E+003  2.323412E+003  4.569994E+002  2.750367E+003  2.788076E+003  1.376954E-002
  4.700000E-002  1.446800E+003  4.288038E+002 -9.716850E+002  2.251196E+003  4.751148E+002  2.680000E+003  2.721789E+003  1.412810E-002
  4.800000E-002  1.428046E+003  4.295587E+002 -9.231482E+002  2.184007E+003  5.048978E+002  2.613566E+003  2.661888E+003  1.443714E-002
  4.900000E-002  1.426029E+003  4.312145E+002 -8.824819E+002  2.131605E+003  5.435475E+002  2.562819E+003  2.619826E+003  1.469477E-002
  5.000000E-002  1.399702E+003  4.335985E+002 -8.369348E+002  2.065841E+003  5.627667E+002  2.499440E+003  2.562012E+003  1.507428E-002
  5.100000E-002  1.375938E+003  4.347046E+002 -7.917576E+002  1.994367E+003  5.841799E+002  2.429071E+003  2.498330E+003  1.546341E-002
  5.200000E-002  1.329587E+003  4.355372E+002 -7.407152E+002  1.903708E+003  5.888719E+002  2.339245E+003  2.412227E+003  1.600660E-002
  5.300000E-002  1.299296E+003  4.347488E+002 -6.934178E+002  1.814234E+003  6.058784E+002  2.248983E+003  2.329165E+003  1.651087E-002
  5.400000E-002  1.296485E+003  4.344928E+002 -6.554381E+002  1.742543E+003  6.410467E+002  2.177035E+003  2.269455E+003  1.690419E-002
  5.500000E-002  1.265102E+003  4.357493E+002 -6.150044E+002  1.659634E+003  6.500972E+002  2.095383E+003  2.193914E+003  1.750113E-002
  5.600000E-002  1.214660E+003  4.356487E+002 -5.708010E+002  1.558712E+003  6.438586E+002  1.994360E+003  2.095716E+003  1.827768E-002
  5.700000E-002  1.188443E+003  4.340268E+002 -5.313101E+002  1.462470E+003  6.571333E+002  1.896497E+003  2.007118E+003  1.897796E-002
  5.800000E-002  1.180513E+003  4.330294E+002 -4.983564E+002  1.377553E+003  6.821567E+002  1.810582E+003  1.934825E+003  1.961010E-002
  5.900000E-002  1.147036E+003  4.333493E+002 -4.646560E+002  1.283596E+003  6.823797E+002  1.716945E+003  1.847577E+003  2.051577E-002
  6.000000E-002  1.093749E+003  4.327288E+002 -4.283437E+002  1.174997E+003  6.654052E+002  1.607726E+003  1.739984E+003  2.171367E-002
  6.100000E-002  1.062476E+003  4.302575E+002 -3.951032E+002  1.069475E+003  6.673729E+002  1.499733E+003  1.641519E+003  2.284815E-002
  6.200000E-002  1.047919E+003  4.280840E+002 -3.663537E+002  9.719861E+002  6.815653E+002  1.400070E+003  1.557154E+003  2.393059E-002
  6.300000E-002  1.029045E+003  4.266970E+002 -3.399571E+002  8.770814E+002  6.890877E+002  1.303778E+003  1.474680E+003  2.515333E-002
  6.400000E-002  9.836812E+002  4.262201E+002 -3.117579E+002  7.741308E+002  6.719233E+002  1.200351E+003  1.375617E+003  2.689519E-002
  6.500000E-002  9.144985E+002  4.252470E+002 -2.794990E+002  6.603178E+002  6.349995E+002  1.085565E+003  1.257647E+003  2.930344E-002
  6.600000E-002  8.649303E+002  4.216637E+002 -2.465069E+002  5.494824E+002  6.184234E+002  9.711461E+002  1.151335E+003  3.169101E-002
  6.700000E-002  8.286195E+002  4.180060E+002 -2.141566E+002  4.462003E+002  6.144628E+002  8.642063E+002  1.060385E+003  3.406013E-002
  6.800000E-002  7.851691E+002  4.149637E+002 -1.809612E+002  3.486976E+002  6.042078E+002  7.636613E+002  9.737791E+002  3.676351E-002
  6.900000E-002  7.349677E+002  4.119834E+002 -1.457089E+002  2.570062E+002  5.892589E+002  6.689896E+002  8.915004E+002  3.980492E-002
  7.000000E-002  6.612044E+002  4.103833E+002 -1.065565E+002  1.696901E+002  5.546479E+002  5.800734E+002  8.025706E+002  4.396676E-002
  7.100000E-002  5.826109E+002  4.074982E+002 -6.519728E+001  9.277495E+001  5.174137E+002  5.002731E+002  7.197153E+002  4.859685E-002
  7.200000E-002  5.168830E+002  4.031015E+002 -2.688880E+001  3.389723E+001  4.899942E+002  4.369988E+002  6.565533E+002  5.261198E-002
  7.300000E-002  4.570982E+002  3.982903E+002 -3.784644E-001  4.184150E-001  4.567198E+002  3.987088E+002  6.062686E+002  5.623279E-002
  7.400000E-002  3.976198E+002  3.928614E+002  0.000000E+000  0.000000E+000  3.976198E+002  3.928614E+002  5.589647E+002  6.015857E-002
  7.500000E-002  3.473202E+002  3.820549E+002  0.000000E+000  0.000000E+000  3.473202E+002  3.820549E+002  5.163305E+002  6.333381E-002
  7.600000E-002  3.269164E+002  3.652623E+002  0.000000E+000  0.000000E+000  3.269164E+002  3.652623E+002  4.901948E+002  6.377774E-002
  7.700000E-002  3.159910E+002  3.459366E+002  0.000000E+000  0.000000E+000  3.159910E+002  3.459366E+002  4.685322E+002  6.319535E-002
  7.800000E-002  3.136769E+002  3.224553E+002  0.000000E+000  0.000000E+000  3.136769E+002  3.224553E+002  4.498562E+002  6.135062E-002
  7.900000E-002  3.021241E+002  2.991612E+002  0.000000E+000  0.000000E+000  3.021241E+002  2.991612E+002  4.251781E+002  6.022161E-002
  8.000000E-002  2.961138E+002  2.709692E+002  0.000000E+000  0.000000E+000  2.961138E+002  2.709692E+002  4.013822E+002  5.777957E-002
  8.100000E-002  3.156238E+002  2.378758E+002  0.000000E+000  0.000000E+000  3.156238E+002  2.378758E+002  3.952256E+002  5.151234E-002
  8.200000E-002  3.295184E+002  2.062845E+002  0.000000E+000  0.000000E+000  3.295184E+002  2.062845E+002  3.887617E+002  4.541315E-002
  8.300000E-002  3.400704E+002  1.715914E+002  0.000000E+000  0.000000E+000  3.400704E+002  1.715914E+002  3.809087E+002  3.855352E-002
  8.400000E-002  3.687988E+002  1.340550E+002  0.000000E+000  0.000000E+000  3.687988E+002  1.340550E+002  3.924070E+002  2.923638E-002
  8.500000E-002  3.930122E+002  9.866643E+001  0.000000E+000  0.000000E+000  3.930122E+002  9.866643E+001  4.052082E+002  2.083777E-002
  8.600000E-002  3.953184E+002  6.403535E+001  0.000000E+000  0.000000E+000  3.953184E+002  6.403535E+001  4.004712E+002  1.368309E-002
  8.700000E-002  3.934865E+002  2.832575E+001  0.000000E+000  0.000000E+000  3.934865E+002  2.832575E+001  3.945047E+002  6.143553E-003
  8.800000E-002  0.000000E+000  0.000000E+000  0.000000E+000  0.000000E+000  0.000000E+000  0.000000E+000  0.000000E+000  0.000000E+000
