 FILE: 7segsprint.11

 *** Replace this line with a message to appear on all output files.                                    


        T             RX1            RY1            RX2            RY2            RX             RY             GRF            COP
       (S)            (N)            (N)            (N)            (N)            (N)            (N)            (N)            (M)

  0.000000E+000  0.000000E+000  0.000000E+000  0.000000E+000  0.000000E+000  0.000000E+000  0.000000E+000  0.000000E+000  0.000000E+000
  1.000000E-003  0.000000E+000  0.000000E+000 -6.783424E+003  2.588721E+003 -6.783424E+003  2.588721E+003  7.260600E+003  7.647085E-004
  2.000000E-003  0.000000E+000  0.000000E+000 -5.695810E+003  5.592535E+003 -5.695810E+003  5.592535E+003  7.982399E+003  1.741469E-003
  3.000000E-003  1.527317E+003  2.059667E+002 -2.912851E+003  4.902306E+003 -1.385533E+003  5.108273E+003  5.292840E+003  5.111489E-003
  4.000000E-003  2.274621E+003  4.466395E+002 -2.868720E+003  3.683976E+003 -5.940988E+002  4.130615E+003  4.173121E+003  1.063263E-002
  5.000000E-003  1.917488E+003  3.408309E+002 -2.645871E+003  2.990374E+003 -7.283828E+002  3.331205E+003  3.409908E+003  9.960522E-003
  6.000000E-003  1.826259E+003  2.697907E+002 -2.480458E+003  2.649706E+003 -6.541987E+002  2.919496E+003  2.991895E+003  9.146824E-003
  7.000000E-003  1.849195E+003  2.422964E+002 -2.469315E+003  2.549379E+003 -6.201200E+002  2.791675E+003  2.859720E+003  8.722239E-003
  8.000000E-003  1.903393E+003  2.351829E+002 -2.529715E+003  2.566004E+003 -6.263216E+002  2.801187E+003  2.870353E+003  8.521569E-003
  9.000000E-003  1.964001E+003  2.377241E+002 -2.599301E+003  2.625553E+003 -6.353003E+002  2.863277E+003  2.932910E+003  8.474148E-003
  1.000000E-002  2.020363E+003  2.454633E+002 -2.653647E+003  2.693278E+003 -6.332839E+002  2.938741E+003  3.006201E+003  8.540736E-003
  1.100000E-002  2.067826E+003  2.559513E+002 -2.689318E+003  2.754814E+003 -6.214922E+002  3.010765E+003  3.074241E+003  8.681844E-003
  1.200000E-002  2.105593E+003  2.674598E+002 -2.710169E+003  2.805642E+003 -6.045754E+002  3.073102E+003  3.132007E+003  8.860192E-003
  1.300000E-002  2.135228E+003  2.788724E+002 -2.720708E+003  2.845812E+003 -5.854807E+002  3.124684E+003  3.179063E+003  9.049473E-003
  1.400000E-002  2.159178E+003  2.896708E+002 -2.724169E+003  2.877138E+003 -5.649906E+002  3.166809E+003  3.216814E+003  9.236469E-003
  1.500000E-002  2.179673E+003  2.997574E+002 -2.722501E+003  2.901707E+003 -5.428283E+002  3.201465E+003  3.247159E+003  9.417281E-003
  1.600000E-002  2.198227E+003  3.092318E+002 -2.716789E+003  2.921212E+003 -5.185618E+002  3.230443E+003  3.271799E+003  9.592504E-003
  1.700000E-002  2.215647E+003  3.182355E+002 -2.707601E+003  2.936792E+003 -4.919536E+002  3.255028E+003  3.291994E+003  9.763983E-003
  1.800000E-002  2.232237E+003  3.268830E+002 -2.695224E+003  2.949126E+003 -4.629880E+002  3.276009E+003  3.308563E+003  9.933373E-003
  1.900000E-002  2.248019E+003  3.352479E+002 -2.679813E+003  2.958580E+003 -4.317939E+002  3.293828E+003  3.322009E+003  1.010178E-002
  2.000000E-002  2.262899E+003  3.433708E+002 -2.661464E+003  2.965345E+003 -3.985646E+002  3.308716E+003  3.332635E+003  1.026986E-002
  2.100000E-002  2.276756E+003  3.512720E+002 -2.640264E+003  2.969526E+003 -3.635085E+002  3.320798E+003  3.340634E+003  1.043795E-002
  2.200000E-002  2.289472E+003  3.589610E+002 -2.616303E+003  2.971186E+003 -3.268315E+002  3.330147E+003  3.346146E+003  1.060627E-002
  2.300000E-002  2.300953E+003  3.664422E+002 -2.589675E+003  2.970371E+003 -2.887221E+002  3.336813E+003  3.349281E+003  1.077499E-002
  2.400000E-002  2.311129E+003  3.737181E+002 -2.560480E+003  2.967119E+003 -2.493512E+002  3.340837E+003  3.350130E+003  1.094425E-002
  2.500000E-002  2.319944E+003  3.807900E+002 -2.528821E+003  2.961458E+003 -2.088778E+002  3.342247E+003  3.348768E+003  1.111423E-002
  2.600000E-002  2.327350E+003  3.876583E+002 -2.494800E+003  2.953405E+003 -1.674503E+002  3.341063E+003  3.345257E+003  1.128510E-002
  2.700000E-002  2.333307E+003  3.943231E+002 -2.458516E+003  2.942969E+003 -1.252082E+002  3.337292E+003  3.339640E+003  1.145710E-002
  2.800000E-002  2.337776E+003  4.007832E+002 -2.420064E+003  2.930144E+003 -8.228813E+001  3.330928E+003  3.331944E+003  1.163047E-002
  2.900000E-002  2.340708E+003  4.070369E+002 -2.379532E+003  2.914911E+003 -3.882437E+001  3.321948E+003  3.322175E+003  1.180554E-002
  3.000000E-002  2.342062E+003  4.130811E+002 -2.336998E+003  2.897229E+003  5.063997E+000  3.310310E+003  3.310314E+003  1.198266E-002
  3.100000E-002  2.341783E+003  4.189117E+002 -2.292531E+003  2.877041E+003  4.925218E+001  3.295953E+003  3.296321E+003  1.216226E-002
  3.200000E-002  2.339805E+003  4.245232E+002 -2.246193E+003  2.854274E+003  9.361240E+001  3.278797E+003  3.280133E+003  1.234487E-002
  3.300000E-002  2.336050E+003  4.299090E+002 -2.198039E+003  2.828839E+003  1.380115E+002  3.258748E+003  3.261669E+003  1.253104E-002
  3.400000E-002  2.330431E+003  4.350612E+002 -2.148122E+003  2.800633E+003  1.823096E+002  3.235694E+003  3.240826E+003  1.272146E-002
  3.500000E-002  2.322851E+003  4.399712E+002 -2.096490E+003  2.769542E+003  2.263609E+002  3.209514E+003  3.217486E+003  1.291689E-002
  3.600000E-002  2.313206E+003  4.446293E+002 -2.043194E+003  2.735443E+003  2.700128E+002  3.180072E+003  3.191514E+003  1.311822E-002
  3.700000E-002  2.301388E+003  4.490254E+002 -1.988282E+003  2.698203E+003  3.131056E+002  3.147229E+003  3.162765E+003  1.332647E-002
  3.800000E-002  2.287285E+003  4.531492E+002 -1.931812E+003  2.657691E+003  3.554724E+002  3.110840E+003  3.131084E+003  1.354279E-002
  3.900000E-002  2.270786E+003  4.569903E+002 -1.873848E+003  2.613771E+003  3.969378E+002  3.070762E+003  3.096310E+003  1.376850E-002
  4.000000E-002  2.251782E+003  4.605384E+002 -1.814464E+003  2.566314E+003  4.373182E+002  3.026853E+003  3.058281E+003  1.400511E-002
  4.100000E-002  2.230165E+003  4.637839E+002 -1.753744E+003  2.515195E+003  4.764212E+002  2.978978E+003  3.016834E+003  1.425432E-002
  4.200000E-002  2.205833E+003  4.667182E+002 -1.691786E+003  2.460293E+003  5.140473E+002  2.927012E+003  2.971808E+003  1.451813E-002
  4.300000E-002  2.178688E+003  4.693337E+002 -1.628696E+003  2.401499E+003  5.499912E+002  2.870833E+003  2.923042E+003  1.479882E-002
  4.400000E-002  2.148638E+003  4.716241E+002 -1.564594E+003  2.338707E+003  5.840434E+002  2.810331E+003  2.870378E+003  1.509905E-002
  4.500000E-002  2.115594E+003  4.735843E+002 -1.499606E+003  2.271818E+003  6.159882E+002  2.745402E+003  2.813659E+003  1.542196E-002
  4.600000E-002  2.079470E+003  4.752103E+002 -1.433868E+003  2.200743E+003  6.456025E+002  2.675953E+003  2.752731E+003  1.577120E-002
  4.700000E-002  2.040175E+003  4.764994E+002 -1.367521E+003  2.125400E+003  6.726538E+002  2.601899E+003  2.687442E+003  1.615112E-002
  4.800000E-002  1.997620E+003  4.774500E+002 -1.300713E+003  2.045716E+003  6.969071E+002  2.523166E+003  2.617641E+003  1.656692E-002
  4.900000E-002  1.951697E+003  4.780621E+002 -1.233586E+003  1.961625E+003  7.181116E+002  2.439687E+003  2.543179E+003  1.702485E-002
  5.000000E-002  1.902292E+003  4.783366E+002 -1.166279E+003  1.873072E+003  7.360128E+002  2.351409E+003  2.463907E+003  1.753250E-002
  5.100000E-002  1.849921E+003  4.782768E+002 -1.099015E+003  1.780168E+003  7.509060E+002  2.258445E+003  2.380007E+003  1.809685E-002
  5.200000E-002  1.795359E+003  4.779124E+002 -1.032266E+003  1.683485E+003  7.630930E+002  2.161398E+003  2.292150E+003  1.872353E-002
  5.300000E-002  1.738568E+003  4.772861E+002 -9.663252E+002  1.583389E+003  7.722426E+002  2.060675E+003  2.200622E+003  1.942275E-002
  5.400000E-002  1.679479E+003  4.764277E+002 -9.013321E+002  1.480086E+003  7.781467E+002  1.956513E+003  2.105578E+003  2.020755E-002
  5.500000E-002  1.617967E+003  4.753594E+002 -8.373309E+002  1.373737E+003  7.806357E+002  1.849096E+003  2.007125E+003  2.109406E-002
  5.600000E-002  1.553835E+003  4.740998E+002 -7.742793E+002  1.264505E+003  7.795554E+002  1.738605E+003  1.905375E+003  2.210240E-002
  5.700000E-002  1.486802E+003  4.726675E+002 -7.120442E+002  1.152586E+003  7.747579E+002  1.625253E+003  1.800472E+003  2.325773E-002
  5.800000E-002  1.416489E+003  4.710824E+002 -6.503916E+002  1.038237E+003  7.660971E+002  1.509319E+003  1.692616E+003  2.459180E-002
  5.900000E-002  1.342404E+003  4.693674E+002 -5.889755E+002  9.218093E+002  7.534281E+002  1.391177E+003  1.582096E+003  2.614495E-002
  6.000000E-002  1.263938E+003  4.675506E+002 -5.273293E+002  8.037911E+002  7.366090E+002  1.271342E+003  1.469320E+003  2.796856E-002
  6.100000E-002  1.180375E+003  4.656667E+002 -4.648699E+002  6.848694E+002  7.155051E+002  1.150536E+003  1.354873E+003  3.012812E-002
  6.200000E-002  1.090922E+003  4.637577E+002 -4.009261E+002  5.660236E+002  6.899960E+002  1.029781E+003  1.239574E+003  3.270619E-002
  6.300000E-002  9.948134E+002  4.618722E+002 -3.348228E+002  4.486646E+002  6.599906E+002  9.105368E+002  1.124573E+003  3.580407E-002
  6.400000E-002  8.915063E+002  4.600569E+002 -2.660793E+002  3.348508E+002  6.254270E+002  7.949077E+002  1.011453E+003  3.953842E-002
  6.500000E-002  7.811627E+002  4.583343E+002 -1.948458E+002  2.276256E+002  5.863169E+002  6.859599E+002  9.023904E+002  4.402244E-002
  6.600000E-002  6.655403E+002  4.566448E+002 -1.228328E+002  1.315490E+002  5.427075E+002  5.881938E+002  8.003146E+002  4.931173E-002
  6.700000E-002  5.498823E+002  4.547122E+002 -5.517916E+001  5.346071E+001  4.947031E+002  5.081729E+002  7.092044E+002  5.526469E-002
  6.800000E-002  4.467788E+002  4.516837E+002 -4.915770E+000  4.251916E+000  4.418630E+002  4.559356E+002  6.349175E+002  6.120180E-002
  6.900000E-002  3.829559E+002  4.454481E+002  0.000000E+000  0.000000E+000  3.829559E+002  4.454481E+002  5.874344E+002  6.522283E-002
  7.000000E-002  3.324526E+002  4.342444E+002  0.000000E+000  0.000000E+000  3.324526E+002  4.342444E+002  5.468939E+002  6.829495E-002
  7.100000E-002  2.920941E+002  4.185878E+002  0.000000E+000  0.000000E+000  2.920941E+002  4.185878E+002  5.104260E+002  7.053540E-002
  7.200000E-002  2.621300E+002  3.984863E+002  0.000000E+000  0.000000E+000  2.621300E+002  3.984863E+002  4.769733E+002  7.185698E-002
  7.300000E-002  2.422271E+002  3.740844E+002  0.000000E+000  0.000000E+000  2.422271E+002  3.740844E+002  4.456603E+002  7.219573E-002
  7.400000E-002  2.317042E+002  3.456588E+002  0.000000E+000  0.000000E+000  2.317042E+002  3.456588E+002  4.161332E+002  7.144262E-002
  7.500000E-002  2.293816E+002  3.135275E+002  0.000000E+000  0.000000E+000  2.293816E+002  3.135275E+002  3.884783E+002  6.941400E-002
  7.600000E-002  2.338376E+002  2.781128E+002  0.000000E+000  0.000000E+000  2.338376E+002  2.781128E+002  3.633549E+002  6.583000E-002
  7.700000E-002  2.434735E+002  2.399407E+002  0.000000E+000  0.000000E+000  2.434735E+002  2.399407E+002  3.418346E+002  6.036939E-002
  7.800000E-002  2.565929E+002  1.996452E+002  0.000000E+000  0.000000E+000  2.565929E+002  1.996452E+002  3.251124E+002  5.281386E-002
  7.900000E-002  2.715145E+002  1.579736E+002  0.000000E+000  0.000000E+000  2.715145E+002  1.579736E+002  3.141271E+002  4.325079E-002
  8.000000E-002  2.865946E+002  1.157928E+002  0.000000E+000  0.000000E+000  2.865946E+002  1.157928E+002  3.091027E+002  3.221684E-002
  8.100000E-002  3.001010E+002  7.409843E+001  0.000000E+000  0.000000E+000  3.001010E+002  7.409843E+001  3.091135E+002  2.061478E-002
  8.200000E-002  3.083055E+002  3.404343E+001  0.000000E+000  0.000000E+000  3.083055E+002  3.404343E+001  3.101793E+002  9.437951E-003
  8.300000E-002  0.000000E+000  0.000000E+000  0.000000E+000  0.000000E+000  0.000000E+000  0.000000E+000  0.000000E+000  0.000000E+000
