 FILE: 7segsprint.10

 *** Replace this line with a message to appear on all output files.                                    


        T            METOR          MEACT         MECCANG      MECCANGVEL      MESECANG      MESECANGVEL       MFTOR          MFACT         MFCCANG      MFCCANGVEL      MFSECANG      MFSECANGVEL
       (S)           (N/M)         (UNITS)         (DEG)         (DEG/S)         (DEG)         (DEG/S)         (N/M)         (UNITS)         (DEG)         (DEG/S)         (DEG)         (DEG/S)

  0.000000E+000  0.000000E+000  9.999907E-001  0.000000E+000  0.000000E+000  0.000000E+000  0.000000E+000  0.000000E+000  1.913668E-003  0.000000E+000  0.000000E+000  0.000000E+000  0.000000E+000
  1.000000E-003  0.000000E+000  9.999907E-001  0.000000E+000  0.000000E+000  0.000000E+000  0.000000E+000  0.000000E+000  1.913668E-003  0.000000E+000  0.000000E+000  0.000000E+000  0.000000E+000
  2.000000E-003  0.000000E+000  9.999907E-001  0.000000E+000  0.000000E+000  0.000000E+000  0.000000E+000  0.000000E+000  1.913668E-003  0.000000E+000  0.000000E+000  0.000000E+000  0.000000E+000
  3.000000E-003  0.000000E+000  9.999907E-001  0.000000E+000  0.000000E+000  0.000000E+000  0.000000E+000  0.000000E+000  1.913668E-003  0.000000E+000  0.000000E+000  0.000000E+000  0.000000E+000
  4.000000E-003  0.000000E+000  9.999907E-001  0.000000E+000  0.000000E+000  0.000000E+000  0.000000E+000  0.000000E+000  1.913668E-003  0.000000E+000  0.000000E+000  0.000000E+000  0.000000E+000
  5.000000E-003  0.000000E+000  9.999907E-001  0.000000E+000  0.000000E+000  0.000000E+000  0.000000E+000  0.000000E+000  1.913668E-003  0.000000E+000  0.000000E+000  0.000000E+000  0.000000E+000
  6.000000E-003  0.000000E+000  9.999907E-001  0.000000E+000  0.000000E+000  0.000000E+000  0.000000E+000  0.000000E+000  1.913668E-003  0.000000E+000  0.000000E+000  0.000000E+000  0.000000E+000
  7.000000E-003  0.000000E+000  9.999907E-001  0.000000E+000  0.000000E+000  0.000000E+000  0.000000E+000  0.000000E+000  1.913668E-003  0.000000E+000  0.000000E+000  0.000000E+000  0.000000E+000
  8.000000E-003  0.000000E+000  9.999907E-001  0.000000E+000  0.000000E+000  0.000000E+000  0.000000E+000  0.000000E+000  1.913668E-003  0.000000E+000  0.000000E+000  0.000000E+000  0.000000E+000
  9.000000E-003  0.000000E+000  9.999907E-001  0.000000E+000  0.000000E+000  0.000000E+000  0.000000E+000  0.000000E+000  1.913668E-003  0.000000E+000  0.000000E+000  0.000000E+000  0.000000E+000
  1.000000E-002  0.000000E+000  9.999907E-001  0.000000E+000  0.000000E+000  0.000000E+000  0.000000E+000  0.000000E+000  1.913668E-003  0.000000E+000  0.000000E+000  0.000000E+000  0.000000E+000
  1.100000E-002  0.000000E+000  9.999907E-001  0.000000E+000  0.000000E+000  0.000000E+000  0.000000E+000  0.000000E+000  1.913668E-003  0.000000E+000  0.000000E+000  0.000000E+000  0.000000E+000
  1.200000E-002  0.000000E+000  9.999907E-001  0.000000E+000  0.000000E+000  0.000000E+000  0.000000E+000  0.000000E+000  1.913668E-003  0.000000E+000  0.000000E+000  0.000000E+000  0.000000E+000
  1.300000E-002  0.000000E+000  9.999907E-001  0.000000E+000  0.000000E+000  0.000000E+000  0.000000E+000  0.000000E+000  1.913668E-003  0.000000E+000  0.000000E+000  0.000000E+000  0.000000E+000
  1.400000E-002  0.000000E+000  9.999907E-001  0.000000E+000  0.000000E+000  0.000000E+000  0.000000E+000  0.000000E+000  1.913668E-003  0.000000E+000  0.000000E+000  0.000000E+000  0.000000E+000
  1.500000E-002  0.000000E+000  9.999907E-001  0.000000E+000  0.000000E+000  0.000000E+000  0.000000E+000  0.000000E+000  1.913668E-003  0.000000E+000  0.000000E+000  0.000000E+000  0.000000E+000
  1.600000E-002  0.000000E+000  9.999907E-001  0.000000E+000  0.000000E+000  0.000000E+000  0.000000E+000  0.000000E+000  1.913668E-003  0.000000E+000  0.000000E+000  0.000000E+000  0.000000E+000
  1.700000E-002  0.000000E+000  9.999907E-001  0.000000E+000  0.000000E+000  0.000000E+000  0.000000E+000  0.000000E+000  1.913668E-003  0.000000E+000  0.000000E+000  0.000000E+000  0.000000E+000
  1.800000E-002  0.000000E+000  9.999907E-001  0.000000E+000  0.000000E+000  0.000000E+000  0.000000E+000  0.000000E+000  1.913668E-003  0.000000E+000  0.000000E+000  0.000000E+000  0.000000E+000
  1.900000E-002  0.000000E+000  9.999907E-001  0.000000E+000  0.000000E+000  0.000000E+000  0.000000E+000  0.000000E+000  1.913668E-003  0.000000E+000  0.000000E+000  0.000000E+000  0.000000E+000
  2.000000E-002  0.000000E+000  9.999907E-001  0.000000E+000  0.000000E+000  0.000000E+000  0.000000E+000  0.000000E+000  1.913668E-003  0.000000E+000  0.000000E+000  0.000000E+000  0.000000E+000
  2.100000E-002  0.000000E+000  9.999907E-001  0.000000E+000  0.000000E+000  0.000000E+000  0.000000E+000  0.000000E+000  1.913668E-003  0.000000E+000  0.000000E+000  0.000000E+000  0.000000E+000
  2.200000E-002  0.000000E+000  9.999907E-001  0.000000E+000  0.000000E+000  0.000000E+000  0.000000E+000  0.000000E+000  1.913668E-003  0.000000E+000  0.000000E+000  0.000000E+000  0.000000E+000
  2.300000E-002  0.000000E+000  9.999907E-001  0.000000E+000  0.000000E+000  0.000000E+000  0.000000E+000  0.000000E+000  1.913668E-003  0.000000E+000  0.000000E+000  0.000000E+000  0.000000E+000
  2.400000E-002  0.000000E+000  9.999907E-001  0.000000E+000  0.000000E+000  0.000000E+000  0.000000E+000  0.000000E+000  1.913668E-003  0.000000E+000  0.000000E+000  0.000000E+000  0.000000E+000
  2.500000E-002  0.000000E+000  9.999907E-001  0.000000E+000  0.000000E+000  0.000000E+000  0.000000E+000  0.000000E+000  1.913668E-003  0.000000E+000  0.000000E+000  0.000000E+000  0.000000E+000
  2.600000E-002  0.000000E+000  9.999907E-001  0.000000E+000  0.000000E+000  0.000000E+000  0.000000E+000  0.000000E+000  1.913668E-003  0.000000E+000  0.000000E+000  0.000000E+000  0.000000E+000
  2.700000E-002  0.000000E+000  9.999907E-001  0.000000E+000  0.000000E+000  0.000000E+000  0.000000E+000  0.000000E+000  1.913668E-003  0.000000E+000  0.000000E+000  0.000000E+000  0.000000E+000
  2.800000E-002  0.000000E+000  9.999907E-001  0.000000E+000  0.000000E+000  0.000000E+000  0.000000E+000  0.000000E+000  1.913668E-003  0.000000E+000  0.000000E+000  0.000000E+000  0.000000E+000
  2.900000E-002  0.000000E+000  9.999907E-001  0.000000E+000  0.000000E+000  0.000000E+000  0.000000E+000  0.000000E+000  1.913668E-003  0.000000E+000  0.000000E+000  0.000000E+000  0.000000E+000
  3.000000E-002  0.000000E+000  9.999907E-001  0.000000E+000  0.000000E+000  0.000000E+000  0.000000E+000  0.000000E+000  1.913668E-003  0.000000E+000  0.000000E+000  0.000000E+000  0.000000E+000
  3.100000E-002  0.000000E+000  9.999907E-001  0.000000E+000  0.000000E+000  0.000000E+000  0.000000E+000  0.000000E+000  1.913668E-003  0.000000E+000  0.000000E+000  0.000000E+000  0.000000E+000
  3.200000E-002  0.000000E+000  9.999907E-001  0.000000E+000  0.000000E+000  0.000000E+000  0.000000E+000  0.000000E+000  1.913668E-003  0.000000E+000  0.000000E+000  0.000000E+000  0.000000E+000
  3.300000E-002  0.000000E+000  9.999907E-001  0.000000E+000  0.000000E+000  0.000000E+000  0.000000E+000  0.000000E+000  1.913668E-003  0.000000E+000  0.000000E+000  0.000000E+000  0.000000E+000
  3.400000E-002  0.000000E+000  9.999907E-001  0.000000E+000  0.000000E+000  0.000000E+000  0.000000E+000  0.000000E+000  1.913668E-003  0.000000E+000  0.000000E+000  0.000000E+000  0.000000E+000
  3.500000E-002  0.000000E+000  9.999907E-001  0.000000E+000  0.000000E+000  0.000000E+000  0.000000E+000  0.000000E+000  1.913668E-003  0.000000E+000  0.000000E+000  0.000000E+000  0.000000E+000
  3.600000E-002  0.000000E+000  9.999907E-001  0.000000E+000  0.000000E+000  0.000000E+000  0.000000E+000  0.000000E+000  1.913668E-003  0.000000E+000  0.000000E+000  0.000000E+000  0.000000E+000
  3.700000E-002  0.000000E+000  9.999907E-001  0.000000E+000  0.000000E+000  0.000000E+000  0.000000E+000  0.000000E+000  1.913668E-003  0.000000E+000  0.000000E+000  0.000000E+000  0.000000E+000
  3.800000E-002  0.000000E+000  9.999907E-001  0.000000E+000  0.000000E+000  0.000000E+000  0.000000E+000  0.000000E+000  1.913668E-003  0.000000E+000  0.000000E+000  0.000000E+000  0.000000E+000
  3.900000E-002  0.000000E+000  9.999907E-001  0.000000E+000  0.000000E+000  0.000000E+000  0.000000E+000  0.000000E+000  1.913668E-003  0.000000E+000  0.000000E+000  0.000000E+000  0.000000E+000
  4.000000E-002  0.000000E+000  9.999907E-001  0.000000E+000  0.000000E+000  0.000000E+000  0.000000E+000  0.000000E+000  1.913668E-003  0.000000E+000  0.000000E+000  0.000000E+000  0.000000E+000
  4.100000E-002  0.000000E+000  9.999907E-001  0.000000E+000  0.000000E+000  0.000000E+000  0.000000E+000  0.000000E+000  1.913668E-003  0.000000E+000  0.000000E+000  0.000000E+000  0.000000E+000
  4.200000E-002  0.000000E+000  9.999907E-001  0.000000E+000  0.000000E+000  0.000000E+000  0.000000E+000  0.000000E+000  1.913668E-003  0.000000E+000  0.000000E+000  0.000000E+000  0.000000E+000
  4.300000E-002  0.000000E+000  9.999907E-001  0.000000E+000  0.000000E+000  0.000000E+000  0.000000E+000  0.000000E+000  1.913668E-003  0.000000E+000  0.000000E+000  0.000000E+000  0.000000E+000
  4.400000E-002  0.000000E+000  9.999907E-001  0.000000E+000  0.000000E+000  0.000000E+000  0.000000E+000  0.000000E+000  1.913668E-003  0.000000E+000  0.000000E+000  0.000000E+000  0.000000E+000
  4.500000E-002  0.000000E+000  9.999907E-001  0.000000E+000  0.000000E+000  0.000000E+000  0.000000E+000  0.000000E+000  1.913668E-003  0.000000E+000  0.000000E+000  0.000000E+000  0.000000E+000
  4.600000E-002  0.000000E+000  9.999907E-001  0.000000E+000  0.000000E+000  0.000000E+000  0.000000E+000  0.000000E+000  1.913668E-003  0.000000E+000  0.000000E+000  0.000000E+000  0.000000E+000
  4.700000E-002  0.000000E+000  9.999907E-001  0.000000E+000  0.000000E+000  0.000000E+000  0.000000E+000  0.000000E+000  1.913668E-003  0.000000E+000  0.000000E+000  0.000000E+000  0.000000E+000
  4.800000E-002  0.000000E+000  9.999907E-001  0.000000E+000  0.000000E+000  0.000000E+000  0.000000E+000  0.000000E+000  1.913668E-003  0.000000E+000  0.000000E+000  0.000000E+000  0.000000E+000
  4.900000E-002  0.000000E+000  9.999907E-001  0.000000E+000  0.000000E+000  0.000000E+000  0.000000E+000  0.000000E+000  1.913668E-003  0.000000E+000  0.000000E+000  0.000000E+000  0.000000E+000
  5.000000E-002  0.000000E+000  9.999907E-001  0.000000E+000  0.000000E+000  0.000000E+000  0.000000E+000  0.000000E+000  1.913668E-003  0.000000E+000  0.000000E+000  0.000000E+000  0.000000E+000
  5.100000E-002  0.000000E+000  9.999907E-001  0.000000E+000  0.000000E+000  0.000000E+000  0.000000E+000  0.000000E+000  1.913668E-003  0.000000E+000  0.000000E+000  0.000000E+000  0.000000E+000
  5.200000E-002  0.000000E+000  9.999907E-001  0.000000E+000  0.000000E+000  0.000000E+000  0.000000E+000  0.000000E+000  1.913668E-003  0.000000E+000  0.000000E+000  0.000000E+000  0.000000E+000
  5.300000E-002  0.000000E+000  9.999907E-001  0.000000E+000  0.000000E+000  0.000000E+000  0.000000E+000  0.000000E+000  1.913668E-003  0.000000E+000  0.000000E+000  0.000000E+000  0.000000E+000
  5.400000E-002  0.000000E+000  9.999907E-001  0.000000E+000  0.000000E+000  0.000000E+000  0.000000E+000  0.000000E+000  1.913668E-003  0.000000E+000  0.000000E+000  0.000000E+000  0.000000E+000
  5.500000E-002  0.000000E+000  9.999907E-001  0.000000E+000  0.000000E+000  0.000000E+000  0.000000E+000  0.000000E+000  1.913668E-003  0.000000E+000  0.000000E+000  0.000000E+000  0.000000E+000
  5.600000E-002  0.000000E+000  9.999907E-001  0.000000E+000  0.000000E+000  0.000000E+000  0.000000E+000  0.000000E+000  1.913668E-003  0.000000E+000  0.000000E+000  0.000000E+000  0.000000E+000
  5.700000E-002  0.000000E+000  9.999907E-001  0.000000E+000  0.000000E+000  0.000000E+000  0.000000E+000  0.000000E+000  1.913668E-003  0.000000E+000  0.000000E+000  0.000000E+000  0.000000E+000
  5.800000E-002  0.000000E+000  9.999907E-001  0.000000E+000  0.000000E+000  0.000000E+000  0.000000E+000  0.000000E+000  1.913668E-003  0.000000E+000  0.000000E+000  0.000000E+000  0.000000E+000
  5.900000E-002  0.000000E+000  9.999907E-001  0.000000E+000  0.000000E+000  0.000000E+000  0.000000E+000  0.000000E+000  1.913668E-003  0.000000E+000  0.000000E+000  0.000000E+000  0.000000E+000
  6.000000E-002  0.000000E+000  9.999907E-001  0.000000E+000  0.000000E+000  0.000000E+000  0.000000E+000  0.000000E+000  1.913668E-003  0.000000E+000  0.000000E+000  0.000000E+000  0.000000E+000
  6.100000E-002  0.000000E+000  9.999907E-001  0.000000E+000  0.000000E+000  0.000000E+000  0.000000E+000  0.000000E+000  1.913668E-003  0.000000E+000  0.000000E+000  0.000000E+000  0.000000E+000
  6.200000E-002  0.000000E+000  9.999907E-001  0.000000E+000  0.000000E+000  0.000000E+000  0.000000E+000  0.000000E+000  1.914053E-003  0.000000E+000  0.000000E+000  0.000000E+000  0.000000E+000
  6.300000E-002  0.000000E+000  9.999907E-001  0.000000E+000  0.000000E+000  0.000000E+000  0.000000E+000  0.000000E+000  1.916708E-003  0.000000E+000  0.000000E+000  0.000000E+000  0.000000E+000
  6.400000E-002  0.000000E+000  9.999907E-001  0.000000E+000  0.000000E+000  0.000000E+000  0.000000E+000  0.000000E+000  1.923845E-003  0.000000E+000  0.000000E+000  0.000000E+000  0.000000E+000
  6.500000E-002  0.000000E+000  9.999907E-001  0.000000E+000  0.000000E+000  0.000000E+000  0.000000E+000  0.000000E+000  1.937629E-003  0.000000E+000  0.000000E+000  0.000000E+000  0.000000E+000
  6.600000E-002  0.000000E+000  9.999907E-001  0.000000E+000  0.000000E+000  0.000000E+000  0.000000E+000  0.000000E+000  1.960174E-003  0.000000E+000  0.000000E+000  0.000000E+000  0.000000E+000
  6.700000E-002  0.000000E+000  9.999907E-001  0.000000E+000  0.000000E+000  0.000000E+000  0.000000E+000  0.000000E+000  1.993548E-003  0.000000E+000  0.000000E+000  0.000000E+000  0.000000E+000
  6.800000E-002  0.000000E+000  9.999907E-001  0.000000E+000  0.000000E+000  0.000000E+000  0.000000E+000  0.000000E+000  2.039771E-003  0.000000E+000  0.000000E+000  0.000000E+000  0.000000E+000
  6.900000E-002  0.000000E+000  9.999907E-001  0.000000E+000  0.000000E+000  0.000000E+000  0.000000E+000  0.000000E+000  2.100814E-003  0.000000E+000  0.000000E+000  0.000000E+000  0.000000E+000
  7.000000E-002  0.000000E+000  9.999907E-001  0.000000E+000  0.000000E+000  0.000000E+000  0.000000E+000  0.000000E+000  2.178602E-003  0.000000E+000  0.000000E+000  0.000000E+000  0.000000E+000
  7.100000E-002  0.000000E+000  9.999907E-001  0.000000E+000  0.000000E+000  0.000000E+000  0.000000E+000  0.000000E+000  2.275013E-003  0.000000E+000  0.000000E+000  0.000000E+000  0.000000E+000
  7.200000E-002  0.000000E+000  9.999907E-001  0.000000E+000  0.000000E+000  0.000000E+000  0.000000E+000  0.000000E+000  2.391880E-003  0.000000E+000  0.000000E+000  0.000000E+000  0.000000E+000
  7.300000E-002  0.000000E+000  9.999907E-001  0.000000E+000  0.000000E+000  0.000000E+000  0.000000E+000  0.000000E+000  2.530987E-003  0.000000E+000  0.000000E+000  0.000000E+000  0.000000E+000
  7.400000E-002  0.000000E+000  9.999907E-001  0.000000E+000  0.000000E+000  0.000000E+000  0.000000E+000  0.000000E+000  2.694076E-003  0.000000E+000  0.000000E+000  0.000000E+000  0.000000E+000
  7.500000E-002  0.000000E+000  9.999907E-001  0.000000E+000  0.000000E+000  0.000000E+000  0.000000E+000  0.000000E+000  2.882841E-003  0.000000E+000  0.000000E+000  0.000000E+000  0.000000E+000
  7.600000E-002  0.000000E+000  9.999907E-001  0.000000E+000  0.000000E+000  0.000000E+000  0.000000E+000  0.000000E+000  3.098932E-003  0.000000E+000  0.000000E+000  0.000000E+000  0.000000E+000
  7.700000E-002  0.000000E+000  9.999907E-001  0.000000E+000  0.000000E+000  0.000000E+000  0.000000E+000  0.000000E+000  3.343955E-003  0.000000E+000  0.000000E+000  0.000000E+000  0.000000E+000
  7.800000E-002  0.000000E+000  9.999907E-001  0.000000E+000  0.000000E+000  0.000000E+000  0.000000E+000  0.000000E+000  3.619470E-003  0.000000E+000  0.000000E+000  0.000000E+000  0.000000E+000
  7.900000E-002  0.000000E+000  9.999907E-001  0.000000E+000  0.000000E+000  0.000000E+000  0.000000E+000  0.000000E+000  3.926996E-003  0.000000E+000  0.000000E+000  0.000000E+000  0.000000E+000
  8.000000E-002  0.000000E+000  9.999907E-001  0.000000E+000  0.000000E+000  0.000000E+000  0.000000E+000  0.000000E+000  4.268005E-003  0.000000E+000  0.000000E+000  0.000000E+000  0.000000E+000
  8.100000E-002  0.000000E+000  9.999907E-001  0.000000E+000  0.000000E+000  0.000000E+000  0.000000E+000  0.000000E+000  4.643929E-003  0.000000E+000  0.000000E+000  0.000000E+000  0.000000E+000
  8.200000E-002  0.000000E+000  9.999907E-001  0.000000E+000  0.000000E+000  0.000000E+000  0.000000E+000  0.000000E+000  5.056156E-003  0.000000E+000  0.000000E+000  0.000000E+000  0.000000E+000
