 FILE: 7segsprint.11

 *** Replace this line with a message to appear on all output files.                                    


        T             RX1            RY1            RX2            RY2            RX             RY             GRF            COP
       (S)            (N)            (N)            (N)            (N)            (N)            (N)            (N)            (M)

  0.000000E+000  0.000000E+000  0.000000E+000  0.000000E+000  0.000000E+000  0.000000E+000  0.000000E+000  0.000000E+000  0.000000E+000
  1.000000E-003  0.000000E+000  0.000000E+000 -7.128707E+003  2.619705E+003 -7.128707E+003  2.619705E+003  7.594822E+003  7.695109E-004
  2.000000E-003  0.000000E+000  0.000000E+000 -5.846000E+003  5.704394E+003 -5.846000E+003  5.704394E+003  8.167976E+003  1.792008E-003
  3.000000E-003  1.694142E+003  2.255850E+002 -3.016458E+003  4.919269E+003 -1.322316E+003  5.144854E+003  5.312066E+003  5.465926E-003
  4.000000E-003  2.385944E+003  4.578671E+002 -2.984681E+003  3.683829E+003 -5.987374E+002  4.141696E+003  4.184750E+003  1.088350E-002
  5.000000E-003  1.989696E+003  3.445789E+002 -2.740241E+003  2.991282E+003 -7.505455E+002  3.335861E+003  3.419252E+003  1.007857E-002
  6.000000E-003  1.888728E+003  2.726989E+002 -2.565149E+003  2.653565E+003 -6.764205E+002  2.926264E+003  3.003426E+003  9.248086E-003
  7.000000E-003  1.908664E+003  2.456176E+002 -2.553483E+003  2.556925E+003 -6.448183E+002  2.802543E+003  2.875767E+003  8.828207E-003
  8.000000E-003  1.962614E+003  2.390521E+002 -2.616169E+003  2.576285E+003 -6.535550E+002  2.815337E+003  2.890200E+003  8.634820E-003
  9.000000E-003  2.023939E+003  2.420851E+002 -2.688462E+003  2.637587E+003 -6.645222E+002  2.879672E+003  2.955351E+003  8.593907E-003
  1.000000E-002  2.081142E+003  2.502049E+002 -2.745376E+003  2.706431E+003 -6.642347E+002  2.956636E+003  3.030330E+003  8.664677E-003
  1.100000E-002  2.129264E+003  2.609402E+002 -2.783423E+003  2.768748E+003 -6.541589E+002  3.029688E+003  3.099505E+003  8.806954E-003
  1.200000E-002  2.167474E+003  2.725708E+002 -2.806465E+003  2.820216E+003 -6.389911E+002  3.092787E+003  3.158107E+003  8.983719E-003
  1.300000E-002  2.197405E+003  2.840113E+002 -2.819027E+003  2.860999E+003 -6.216220E+002  3.145010E+003  3.205854E+003  9.169500E-003
  1.400000E-002  2.221597E+003  2.947783E+002 -2.824363E+003  2.892958E+003 -6.027663E+002  3.187736E+003  3.244224E+003  9.351956E-003
  1.500000E-002  2.242340E+003  3.048002E+002 -2.824449E+003  2.918185E+003 -5.821094E+002  3.222985E+003  3.275131E+003  9.527815E-003
  1.600000E-002  2.261191E+003  3.141910E+002 -2.820395E+003  2.938362E+003 -5.592045E+002  3.252553E+003  3.300274E+003  9.697996E-003
  1.700000E-002  2.278974E+003  3.230980E+002 -2.812784E+003  2.954614E+003 -5.338102E+002  3.277712E+003  3.320896E+003  9.864471E-003
  1.800000E-002  2.296001E+003  3.316373E+002 -2.801909E+003  2.967606E+003 -5.059083E+002  3.299243E+003  3.337806E+003  1.002892E-002
  1.900000E-002  2.312306E+003  3.398821E+002 -2.787923E+003  2.977696E+003 -4.756172E+002  3.317578E+003  3.351498E+003  1.019245E-002
  2.000000E-002  2.327801E+003  3.478729E+002 -2.770919E+003  2.985070E+003 -4.431182E+002  3.332943E+003  3.362271E+003  1.035568E-002
  2.100000E-002  2.342364E+003  3.556302E+002 -2.750974E+003  2.989828E+003 -4.086103E+002  3.345458E+003  3.370320E+003  1.051897E-002
  2.200000E-002  2.355882E+003  3.631636E+002 -2.728166E+003  2.992031E+003 -3.722844E+002  3.355195E+003  3.375786E+003  1.068253E-002
  2.300000E-002  2.368260E+003  3.704783E+002 -2.702578E+003  2.991721E+003 -3.343179E+002  3.362200E+003  3.378780E+003  1.084651E-002
  2.400000E-002  2.379426E+003  3.775772E+002 -2.674297E+003  2.988931E+003 -2.948705E+002  3.366508E+003  3.379397E+003  1.101107E-002
  2.500000E-002  2.389320E+003  3.844625E+002 -2.643410E+003  2.983683E+003 -2.540895E+002  3.368145E+003  3.377716E+003  1.117638E-002
  2.600000E-002  2.397891E+003  3.911355E+002 -2.610004E+003  2.975989E+003 -2.121129E+002  3.367124E+003  3.373799E+003  1.134264E-002
  2.700000E-002  2.405091E+003  3.975970E+002 -2.574163E+003  2.965849E+003 -1.690713E+002  3.363446E+003  3.367693E+003  1.151007E-002
  2.800000E-002  2.410873E+003  4.038468E+002 -2.535965E+003  2.953252E+003 -1.250914E+002  3.357098E+003  3.359428E+003  1.167894E-002
  2.900000E-002  2.415177E+003  4.098837E+002 -2.495483E+003  2.938168E+003 -8.030634E+001  3.348052E+003  3.349015E+003  1.184955E-002
  3.000000E-002  2.417943E+003  4.157056E+002 -2.452784E+003  2.920556E+003 -3.484072E+001  3.336261E+003  3.336443E+003  1.202226E-002
  3.100000E-002  2.419097E+003  4.213091E+002 -2.407924E+003  2.900352E+003  1.117243E+001  3.321662E+003  3.321680E+003  1.219748E-002
  3.200000E-002  2.418554E+003  4.266896E+002 -2.360956E+003  2.877481E+003  5.759771E+001  3.304171E+003  3.304673E+003  1.237569E-002
  3.300000E-002  2.416217E+003  4.318410E+002 -2.311922E+003  2.851847E+003  1.042949E+002  3.283688E+003  3.285344E+003  1.255748E-002
  3.400000E-002  2.411980E+003  4.367564E+002 -2.260863E+003  2.823339E+003  1.511174E+002  3.260095E+003  3.263596E+003  1.274349E-002
  3.500000E-002  2.405727E+003  4.414274E+002 -2.207814E+003  2.791834E+003  1.979128E+002  3.233261E+003  3.239313E+003  1.293449E-002
  3.600000E-002  2.397333E+003  4.458449E+002 -2.152811E+003  2.757196E+003  2.445216E+002  3.203040E+003  3.212360E+003  1.313138E-002
  3.700000E-002  2.386669E+003  4.499990E+002 -2.095892E+003  2.719279E+003  2.907766E+002  3.169278E+003  3.182589E+003  1.333516E-002
  3.800000E-002  2.373603E+003  4.538793E+002 -2.037101E+003  2.677935E+003  3.365025E+002  3.131814E+003  3.149840E+003  1.354700E-002
  3.900000E-002  2.358002E+003  4.574749E+002 -1.976488E+003  2.633011E+003  3.815144E+002  3.090486E+003  3.113946E+003  1.376823E-002
  4.000000E-002  2.339735E+003  4.607752E+002 -1.914117E+003  2.584358E+003  4.256176E+002  3.045133E+003  3.074734E+003  1.400037E-002
  4.100000E-002  2.318673E+003  4.637699E+002 -1.850066E+003  2.531830E+003  4.686067E+002  2.995600E+003  3.032031E+003  1.424517E-002
  4.200000E-002  2.294691E+003  4.664494E+002 -1.784424E+003  2.475288E+003  5.102670E+002  2.941737E+003  2.985664E+003  1.450465E-002
  4.300000E-002  2.267673E+003  4.688052E+002 -1.717296E+003  2.414597E+003  5.503762E+002  2.883402E+003  2.935459E+003  1.478114E-002
  4.400000E-002  2.237505E+003  4.708296E+002 -1.648801E+003  2.349632E+003  5.887048E+002  2.820462E+003  2.881246E+003  1.507739E-002
  4.500000E-002  2.204083E+003  4.725164E+002 -1.579068E+003  2.280276E+003  6.250144E+002  2.752793E+003  2.822855E+003  1.539658E-002
  4.600000E-002  2.167300E+003  4.738601E+002 -1.508244E+003  2.206421E+003  6.590564E+002  2.680282E+003  2.760120E+003  1.574249E-002
  4.700000E-002  2.127053E+003  4.748565E+002 -1.436482E+003  2.127971E+003  6.905707E+002  2.602828E+003  2.692879E+003  1.611958E-002
  4.800000E-002  2.083231E+003  4.755028E+002 -1.363946E+003  2.044841E+003  7.192845E+002  2.520344E+003  2.620973E+003  1.653322E-002
  4.900000E-002  2.035722E+003  4.757974E+002 -1.290802E+003  1.956958E+003  7.449196E+002  2.432756E+003  2.544250E+003  1.698986E-002
  5.000000E-002  1.984391E+003  4.757397E+002 -1.217214E+003  1.864267E+003  7.671761E+002  2.340007E+003  2.462558E+003  1.749734E-002
  5.100000E-002  1.929429E+003  4.753306E+002 -1.143381E+003  1.766794E+003  7.860477E+002  2.242124E+003  2.375919E+003  1.806411E-002
  5.200000E-002  1.871826E+003  4.745899E+002 -1.069790E+003  1.665066E+003  8.020362E+002  2.139656E+003  2.285036E+003  1.869599E-002
  5.300000E-002  1.811605E+003  4.735607E+002 -9.968326E+002  1.559559E+003  8.147729E+002  2.033119E+003  2.190303E+003  1.940326E-002
  5.400000E-002  1.748685E+003  4.722754E+002 -9.247064E+002  1.450546E+003  8.239791E+002  1.922822E+003  2.091933E+003  2.019956E-002
  5.500000E-002  1.682920E+003  4.707570E+002 -8.534957E+002  1.338254E+003  8.294247E+002  1.809011E+003  1.990092E+003  2.110181E-002
  5.600000E-002  1.614085E+003  4.690244E+002 -7.831868E+002  1.222917E+003  8.308984E+002  1.691941E+003  1.884956E+003  2.213100E-002
  5.700000E-002  1.541862E+003  4.670960E+002 -7.136647E+002  1.104824E+003  8.281969E+002  1.571920E+003  1.776750E+003  2.331332E-002
  5.800000E-002  1.465824E+003  4.649917E+002 -6.447026E+002  9.843478E+002  8.211212E+002  1.449339E+003  1.665781E+003  2.468157E-002
  5.900000E-002  1.385428E+003  4.627348E+002 -5.759515E+002  8.619912E+002  8.094760E+002  1.324726E+003  1.552466E+003  2.627696E-002
  6.000000E-002  1.300011E+003  4.603537E+002 -5.069381E+002  7.384422E+002  7.930727E+002  1.198796E+003  1.437385E+003  2.815109E-002
  6.100000E-002  1.208817E+003  4.578829E+002 -4.370829E+002  6.146595E+002  7.717341E+002  1.072542E+003  1.321333E+003  3.036794E-002
  6.200000E-002  1.111066E+003  4.553628E+002 -3.657638E+002  4.920005E+002  7.453018E+002  9.473633E+002  1.205393E+003  3.300475E-002
  6.300000E-002  1.006121E+003  4.528343E+002 -2.924751E+002  3.724198E+002  7.136455E+002  8.252541E+002  1.091024E+003  3.614940E-002
  6.400000E-002  8.938582E+002  4.503221E+002 -2.171866E+002  2.587813E+002  6.766715E+002  7.091034E+002  9.801591E+002  3.988890E-002
  6.500000E-002  7.754375E+002  4.477904E+002 -1.411205E+002  1.553583E+002  6.343169E+002  6.031487E+002  8.752978E+002  4.427747E-002
  6.600000E-002  6.549018E+002  4.450344E+002 -6.841150E+001  6.864303E+001  5.864903E+002  5.136775E+002  7.796380E+002  4.925942E-002
  6.700000E-002  5.424604E+002  4.414214E+002 -9.619453E+000  8.674127E+000  5.328409E+002  4.500956E+002  6.974995E+002  5.448640E-002
  6.800000E-002  4.610342E+002  4.352957E+002  1.099627E+001 -8.793117E+000  4.720305E+002  4.265026E+002  6.361739E+002  5.886197E-002
  6.900000E-002  4.126836E+002  4.239243E+002  0.000000E+000  0.000000E+000  4.126836E+002  4.239243E+002  5.916245E+002  6.166617E-002
  7.000000E-002  3.664344E+002  4.079161E+002  0.000000E+000  0.000000E+000  3.664344E+002  4.079161E+002  5.483336E+002  6.402150E-002
  7.100000E-002  3.309525E+002  3.873208E+002  0.000000E+000  0.000000E+000  3.309525E+002  3.873208E+002  5.094575E+002  6.542713E-002
  7.200000E-002  3.060913E+002  3.622793E+002  0.000000E+000  0.000000E+000  3.060913E+002  3.622793E+002  4.742764E+002  6.573584E-002
  7.300000E-002  2.911718E+002  3.330550E+002  0.000000E+000  0.000000E+000  2.911718E+002  3.330550E+002  4.423875E+002  6.478862E-002
  7.400000E-002  2.850865E+002  3.000110E+002  0.000000E+000  0.000000E+000  2.850865E+002  3.000110E+002  4.138610E+002  6.238257E-002
  7.500000E-002  2.863890E+002  2.636151E+002  0.000000E+000  0.000000E+000  2.863890E+002  2.636151E+002  3.892449E+002  5.828040E-002
  7.600000E-002  2.934060E+002  2.244515E+002  0.000000E+000  0.000000E+000  2.934060E+002  2.244515E+002  3.694124E+002  5.228531E-002
  7.700000E-002  3.043438E+002  1.832347E+002  0.000000E+000  0.000000E+000  3.043438E+002  1.832347E+002  3.552465E+002  4.438525E-002
  7.800000E-002  3.173664E+002  1.408213E+002  0.000000E+000  0.000000E+000  3.173664E+002  1.408213E+002  3.472060E+002  3.490051E-002
  7.900000E-002  3.305978E+002  9.822131E+001  0.000000E+000  0.000000E+000  3.305978E+002  9.822131E+001  3.448801E+002  2.450609E-002
  8.000000E-002  3.416464E+002  5.661734E+001  0.000000E+000  0.000000E+000  3.416464E+002  5.661734E+001  3.463059E+002  1.406706E-002
  8.100000E-002  3.363816E+002  1.743174E+001  0.000000E+000  0.000000E+000  3.363816E+002  1.743174E+001  3.368330E+002  4.452326E-003
  8.150000E-002  0.000000E+000  0.000000E+000  0.000000E+000  0.000000E+000  0.000000E+000  0.000000E+000  0.000000E+000  0.000000E+000
