 FILE: 7segsprint.11

 *** Replace this line with a message to appear on all output files.                                    


        T             RX1            RY1            RX2            RY2            RX             RY             GRF            COP
       (S)            (N)            (N)            (N)            (N)            (N)            (N)            (N)            (M)

  0.000000E+000  0.000000E+000  0.000000E+000  0.000000E+000  0.000000E+000  0.000000E+000  0.000000E+000  0.000000E+000  0.000000E+000
  1.000000E-003  0.000000E+000  0.000000E+000 -5.168875E+003  2.460492E+003 -5.168875E+003  2.460492E+003  5.724621E+003  7.355041E-004
  2.000000E-003  0.000000E+000  0.000000E+000 -4.867334E+003  5.104792E+003 -4.867334E+003  5.104792E+003  7.053357E+003  1.486750E-003
  3.000000E-003  7.003897E+002  1.231739E+002 -2.416613E+003  4.838571E+003 -1.716223E+003  4.961745E+003  5.250175E+003  3.519130E-003
  4.000000E-003  1.662559E+003  3.882689E+002 -2.306668E+003  3.705431E+003 -6.441095E+002  4.093699E+003  4.144062E+003  9.248615E-003
  5.000000E-003  1.514582E+003  3.185534E+002 -2.185644E+003  3.005572E+003 -6.710624E+002  3.324126E+003  3.391185E+003  9.198053E-003
  6.000000E-003  1.479396E+003  2.534435E+002 -2.078580E+003  2.654672E+003 -5.991840E+002  2.908116E+003  2.969201E+003  8.485094E-003
  7.000000E-003  1.519363E+003  2.246285E+002 -2.082037E+003  2.541371E+003 -5.626732E+002  2.765999E+003  2.822650E+003  8.034614E-003
  8.000000E-003  1.575256E+003  2.149935E+002 -2.141208E+003  2.548896E+003 -5.659516E+002  2.763889E+003  2.821238E+003  7.788556E-003
  9.000000E-003  1.631726E+003  2.150161E+002 -2.205871E+003  2.603605E+003 -5.741447E+002  2.818621E+003  2.876503E+003  7.696690E-003
  1.000000E-002  1.682679E+003  2.206158E+002 -2.254986E+003  2.669339E+003 -5.723077E+002  2.889954E+003  2.946078E+003  7.727789E-003
  1.100000E-002  1.725332E+003  2.295153E+002 -2.285867E+003  2.730457E+003 -5.605351E+002  2.959973E+003  3.012580E+003  7.846080E-003
  1.200000E-002  1.759355E+003  2.399959E+002 -2.302633E+003  2.781584E+003 -5.432778E+002  3.021579E+003  3.070031E+003  8.013672E-003
  1.300000E-002  1.786149E+003  2.508234E+002 -2.309950E+003  2.822273E+003 -5.238014E+002  3.073096E+003  3.117417E+003  8.200770E-003
  1.400000E-002  1.807844E+003  2.613200E+002 -2.311051E+003  2.854115E+003 -5.032068E+002  3.115435E+003  3.155813E+003  8.390188E-003
  1.500000E-002  1.826422E+003  2.712577E+002 -2.307762E+003  2.879141E+003 -4.813400E+002  3.150399E+003  3.186958E+003  8.575134E-003
  1.600000E-002  1.843260E+003  2.806586E+002 -2.300997E+003  2.899069E+003 -4.577364E+002  3.179728E+003  3.212506E+003  8.754667E-003
  1.700000E-002  1.859104E+003  2.896303E+002 -2.291173E+003  2.915086E+003 -4.320697E+002  3.204716E+003  3.233712E+003  8.930076E-003
  1.800000E-002  1.874233E+003  2.982778E+002 -2.278470E+003  2.927903E+003 -4.042365E+002  3.226181E+003  3.251407E+003  9.102972E-003
  1.900000E-002  1.888668E+003  3.066755E+002 -2.262965E+003  2.937903E+003 -3.742973E+002  3.244579E+003  3.266097E+003  9.274603E-003
  2.000000E-002  1.902310E+003  3.148675E+002 -2.244712E+003  2.945279E+003 -3.424017E+002  3.260146E+003  3.278077E+003  9.445780E-003
  2.100000E-002  1.915036E+003  3.228768E+002 -2.223768E+003  2.950125E+003 -3.087315E+002  3.273002E+003  3.287531E+003  9.617002E-003
  2.200000E-002  1.926733E+003  3.307146E+002 -2.200202E+003  2.952496E+003 -2.734694E+002  3.283210E+003  3.294580E+003  9.788586E-003
  2.300000E-002  1.937312E+003  3.383863E+002 -2.174100E+003  2.952426E+003 -2.367882E+002  3.290812E+003  3.299320E+003  9.960772E-003
  2.400000E-002  1.946708E+003  3.458946E+002 -2.145554E+003  2.949944E+003 -1.988461E+002  3.295839E+003  3.301832E+003  1.013377E-002
  2.500000E-002  1.954878E+003  3.532412E+002 -2.114665E+003  2.945071E+003 -1.597867E+002  3.298312E+003  3.302180E+003  1.030781E-002
  2.600000E-002  1.961795E+003  3.604272E+002 -2.081537E+003  2.937821E+003 -1.197424E+002  3.298248E+003  3.300421E+003  1.048312E-002
  2.700000E-002  1.967434E+003  3.674530E+002 -2.046277E+003  2.928201E+003 -7.884301E+001  3.295654E+003  3.296597E+003  1.065996E-002
  2.800000E-002  1.971777E+003  3.743185E+002 -2.008990E+003  2.916206E+003 -3.721264E+001  3.290524E+003  3.290735E+003  1.083863E-002
  2.900000E-002  1.974807E+003  3.810227E+002 -1.969782E+003  2.901820E+003  5.025480E+000  3.282842E+003  3.282846E+003  1.101944E-002
  3.000000E-002  1.976504E+003  3.875635E+002 -1.928757E+003  2.885013E+003  4.774643E+001  3.272576E+003  3.272925E+003  1.120279E-002
  3.100000E-002  1.976838E+003  3.939380E+002 -1.886017E+003  2.865742E+003  9.082032E+001  3.259680E+003  3.260945E+003  1.138908E-002
  3.200000E-002  1.975780E+003  4.001419E+002 -1.841662E+003  2.843949E+003  1.341180E+002  3.244091E+003  3.246862E+003  1.157879E-002
  3.300000E-002  1.973290E+003  4.061697E+002 -1.795788E+003  2.819560E+003  1.775021E+002  3.225730E+003  3.230610E+003  1.177250E-002
  3.400000E-002  1.969322E+003  4.120146E+002 -1.748492E+003  2.792491E+003  2.208297E+002  3.204505E+003  3.212105E+003  1.197082E-002
  3.500000E-002  1.963823E+003  4.176688E+002 -1.699872E+003  2.762643E+003  2.639514E+002  3.180311E+003  3.191246E+003  1.217449E-002
  3.600000E-002  1.956736E+003  4.231231E+002 -1.650025E+003  2.729908E+003  3.067105E+002  3.153031E+003  3.167914E+003  1.238433E-002
  3.700000E-002  1.948000E+003  4.283677E+002 -1.599057E+003  2.694174E+003  3.489428E+002  3.122542E+003  3.141979E+003  1.260127E-002
  3.800000E-002  1.937551E+003  4.333917E+002 -1.547075E+003  2.655324E+003  3.904758E+002  3.088716E+003  3.113300E+003  1.282638E-002
  3.900000E-002  1.925327E+003  4.381842E+002 -1.494199E+003  2.613242E+003  4.311284E+002  3.051426E+003  3.081732E+003  1.306086E-002
  4.000000E-002  1.911265E+003  4.427336E+002 -1.440555E+003  2.567815E+003  4.707096E+002  3.010549E+003  3.047125E+003  1.330607E-002
  4.100000E-002  1.895303E+003  4.470288E+002 -1.386283E+003  2.518940E+003  5.090200E+002  2.965969E+003  3.009331E+003  1.356354E-002
  4.200000E-002  1.877385E+003  4.510590E+002 -1.331533E+003  2.466522E+003  5.458525E+002  2.917581E+003  2.968204E+003  1.383502E-002
  4.300000E-002  1.857457E+003  4.548141E+002 -1.276462E+003  2.410476E+003  5.809945E+002  2.865290E+003  2.923601E+003  1.412252E-002
  4.400000E-002  1.835470E+003  4.582852E+002 -1.221240E+003  2.350728E+003  6.142295E+002  2.809013E+003  2.875384E+003  1.442835E-002
  4.500000E-002  1.811377E+003  4.614637E+002 -1.166041E+003  2.287214E+003  6.453364E+002  2.748678E+003  2.823418E+003  1.475517E-002
  4.600000E-002  1.785133E+003  4.643425E+002 -1.111044E+003  2.219885E+003  6.740886E+002  2.684228E+003  2.767576E+003  1.510607E-002
  4.700000E-002  1.756687E+003  4.669150E+002 -1.056433E+003  2.148705E+003  7.002546E+002  2.615620E+003  2.707734E+003  1.548466E-002
  4.800000E-002  1.725986E+003  4.691759E+002 -1.002388E+003  2.073647E+003  7.235986E+002  2.542823E+003  2.643775E+003  1.589519E-002
  4.900000E-002  1.692965E+003  4.711208E+002 -9.490828E+002  1.994700E+003  7.438820E+002  2.465821E+003  2.575584E+003  1.634271E-002
  5.000000E-002  1.657544E+003  4.727460E+002 -8.966814E+002  1.911861E+003  7.608628E+002  2.384607E+003  2.503051E+003  1.683325E-002
  5.100000E-002  1.619629E+003  4.740488E+002 -8.453288E+002  1.825143E+003  7.742999E+002  2.299192E+003  2.426071E+003  1.737405E-002
  5.200000E-002  1.579923E+003  4.750300E+002 -7.952482E+002  1.734793E+003  7.846748E+002  2.209823E+003  2.345002E+003  1.797061E-002
  5.300000E-002  1.538904E+003  4.757182E+002 -7.467885E+002  1.641441E+003  7.921160E+002  2.117159E+003  2.260489E+003  1.862822E-002
  5.400000E-002  1.496479E+003  4.761493E+002 -7.001244E+002  1.545468E+003  7.963542E+002  2.021618E+003  2.172814E+003  1.935621E-002
  5.500000E-002  1.452541E+003  4.763477E+002 -6.553068E+002  1.447116E+003  7.972344E+002  1.923464E+003  2.082137E+003  2.016630E-002
  5.600000E-002  1.406938E+003  4.763306E+002 -6.122937E+002  1.346578E+003  7.946448E+002  1.822909E+003  1.988581E+003  2.107287E-002
  5.700000E-002  1.359453E+003  4.761132E+002 -5.709546E+002  1.244037E+003  7.884981E+002  1.720150E+003  1.892259E+003  2.209366E-002
  5.800000E-002  1.309789E+003  4.757105E+002 -5.310664E+002  1.139692E+003  7.787223E+002  1.615402E+003  1.793302E+003  2.325071E-002
  5.900000E-002  1.257562E+003  4.751400E+002 -4.923050E+002  1.033772E+003  7.652573E+002  1.508912E+003  1.691873E+003  2.457159E-002
  6.000000E-002  1.202290E+003  4.744228E+002 -4.542367E+002  9.265634E+002  7.480537E+002  1.400986E+003  1.588190E+003  2.609112E-002
  6.100000E-002  1.143385E+003  4.735862E+002 -4.163117E+002  8.184283E+002  7.270733E+002  1.292015E+003  1.482544E+003  2.785353E-002
  6.200000E-002  1.080154E+003  4.726651E+002 -3.778615E+002  7.098489E+002  7.022927E+002  1.182514E+003  1.375338E+003  2.991519E-002
  6.300000E-002  1.011819E+003  4.717040E+002 -3.381108E+002  6.014795E+002  6.737080E+002  1.073183E+003  1.267125E+003  3.234780E-002
  6.400000E-002  9.375567E+002  4.707574E+002 -2.962124E+002  4.942287E+002  6.413442E+002  9.649861E+002  1.158672E+003  3.524150E-002
  6.500000E-002  8.566049E+002  4.698881E+002 -2.513365E+002  3.893809E+002  6.052684E+002  8.592690E+002  1.051044E+003  3.870611E-002
  6.600000E-002  7.684699E+002  4.691578E+002 -2.028640E+002  2.887801E+002  5.656059E+002  7.579379E+002  9.457167E+002  4.286575E-002
  6.700000E-002  6.733526E+002  4.686032E+002 -1.507946E+002  1.951127E+002  5.225580E+002  6.637159E+002  8.447400E+002  4.783477E-002
  6.800000E-002  5.729883E+002  4.681763E+002 -9.658814E+001  1.123446E+002  4.764002E+002  5.805209E+002  7.509738E+002  5.364695E-002
  6.900000E-002  4.722909E+002  4.676071E+002 -4.487720E+001  4.640786E+001  4.274137E+002  5.140150E+002  6.685012E+002  6.007633E-002
  7.000000E-002  3.825103E+002  4.660996E+002 -6.896171E+000  6.274996E+000  3.756142E+002  4.723746E+002  6.035095E+002  6.623978E-002
  7.100000E-002  3.215990E+002  4.617884E+002  0.000000E+000  0.000000E+000  3.215990E+002  4.617884E+002  5.627383E+002  7.036392E-002
  7.200000E-002  2.746577E+002  4.534633E+002  0.000000E+000  0.000000E+000  2.746577E+002  4.534633E+002  5.301564E+002  7.334119E-002
  7.300000E-002  2.368931E+002  4.413036E+002  0.000000E+000  0.000000E+000  2.368931E+002  4.413036E+002  5.008664E+002  7.554784E-002
  7.400000E-002  2.084022E+002  4.253652E+002  0.000000E+000  0.000000E+000  2.084022E+002  4.253652E+002  4.736740E+002  7.699916E-002
  7.500000E-002  1.888889E+002  4.057464E+002  0.000000E+000  0.000000E+000  1.888889E+002  4.057464E+002  4.475592E+002  7.773292E-002
  7.600000E-002  1.777137E+002  3.826068E+002  0.000000E+000  0.000000E+000  1.777137E+002  3.826068E+002  4.218651E+002  7.776373E-002
  7.700000E-002  1.739439E+002  3.561633E+002  0.000000E+000  0.000000E+000  1.739439E+002  3.561633E+002  3.963695E+002  7.704493E-002
  7.800000E-002  1.764299E+002  3.266884E+002  0.000000E+000  0.000000E+000  1.764299E+002  3.266884E+002  3.712854E+002  7.544284E-002
  7.900000E-002  1.838887E+002  2.945087E+002  0.000000E+000  0.000000E+000  1.838887E+002  2.945087E+002  3.472037E+002  7.272816E-002
  8.000000E-002  1.949814E+002  2.600038E+002  0.000000E+000  0.000000E+000  1.949814E+002  2.600038E+002  3.249919E+002  6.859496E-002
  8.100000E-002  2.083847E+002  2.236037E+002  0.000000E+000  0.000000E+000  2.083847E+002  2.236037E+002  3.056515E+002  6.272388E-002
  8.200000E-002  2.228500E+002  1.857849E+002  0.000000E+000  0.000000E+000  2.228500E+002  1.857849E+002  2.901347E+002  5.490163E-002
  8.300000E-002  2.372352E+002  1.470661E+002  0.000000E+000  0.000000E+000  2.372352E+002  1.470661E+002  2.791218E+002  4.517373E-002
  8.400000E-002  2.504995E+002  1.080067E+002  0.000000E+000  0.000000E+000  2.504995E+002  1.080067E+002  2.727919E+002  3.394504E-002
  8.500000E-002  2.615557E+002  6.920943E+001  0.000000E+000  0.000000E+000  2.615557E+002  6.920943E+001  2.705575E+002  2.193044E-002
  8.600000E-002  2.675262E+002  3.134118E+001  0.000000E+000  0.000000E+000  2.675262E+002  3.134118E+001  2.693558E+002  9.974754E-003
  8.690000E-002  0.000000E+000  0.000000E+000  0.000000E+000  0.000000E+000  0.000000E+000  0.000000E+000  0.000000E+000  0.000000E+000
