 FILE: 7segsprint.10

 *** Replace this line with a message to appear on all output files.                                    


        T            METOR          MEACT         MECCANG      MECCANGVEL      MESECANG      MESECANGVEL       MFTOR          MFACT         MFCCANG      MFCCANGVEL      MFSECANG      MFSECANGVEL
       (S)           (N/M)         (UNITS)         (DEG)         (DEG/S)         (DEG)         (DEG/S)         (N/M)         (UNITS)         (DEG)         (DEG/S)         (DEG)         (DEG/S)

  0.000000E+000  0.000000E+000  9.998751E-001  0.000000E+000  0.000000E+000  0.000000E+000  0.000000E+000  0.000000E+000  9.076008E-003  0.000000E+000  0.000000E+000  0.000000E+000  0.000000E+000
  1.000000E-003  0.000000E+000  9.998751E-001  0.000000E+000  0.000000E+000  0.000000E+000  0.000000E+000  0.000000E+000  9.076008E-003  0.000000E+000  0.000000E+000  0.000000E+000  0.000000E+000
  2.000000E-003  0.000000E+000  9.998751E-001  0.000000E+000  0.000000E+000  0.000000E+000  0.000000E+000  0.000000E+000  9.076008E-003  0.000000E+000  0.000000E+000  0.000000E+000  0.000000E+000
  3.000000E-003  0.000000E+000  9.998751E-001  0.000000E+000  0.000000E+000  0.000000E+000  0.000000E+000  0.000000E+000  9.076008E-003  0.000000E+000  0.000000E+000  0.000000E+000  0.000000E+000
  4.000000E-003  0.000000E+000  9.998751E-001  0.000000E+000  0.000000E+000  0.000000E+000  0.000000E+000  0.000000E+000  9.076008E-003  0.000000E+000  0.000000E+000  0.000000E+000  0.000000E+000
  5.000000E-003  0.000000E+000  9.998751E-001  0.000000E+000  0.000000E+000  0.000000E+000  0.000000E+000  0.000000E+000  9.076008E-003  0.000000E+000  0.000000E+000  0.000000E+000  0.000000E+000
  6.000000E-003  0.000000E+000  9.998751E-001  0.000000E+000  0.000000E+000  0.000000E+000  0.000000E+000  0.000000E+000  9.076008E-003  0.000000E+000  0.000000E+000  0.000000E+000  0.000000E+000
  7.000000E-003  0.000000E+000  9.998751E-001  0.000000E+000  0.000000E+000  0.000000E+000  0.000000E+000  0.000000E+000  9.076008E-003  0.000000E+000  0.000000E+000  0.000000E+000  0.000000E+000
  8.000000E-003  0.000000E+000  9.998751E-001  0.000000E+000  0.000000E+000  0.000000E+000  0.000000E+000  0.000000E+000  9.076008E-003  0.000000E+000  0.000000E+000  0.000000E+000  0.000000E+000
  9.000000E-003  0.000000E+000  9.998751E-001  0.000000E+000  0.000000E+000  0.000000E+000  0.000000E+000  0.000000E+000  9.076008E-003  0.000000E+000  0.000000E+000  0.000000E+000  0.000000E+000
  1.000000E-002  0.000000E+000  9.998751E-001  0.000000E+000  0.000000E+000  0.000000E+000  0.000000E+000  0.000000E+000  9.076008E-003  0.000000E+000  0.000000E+000  0.000000E+000  0.000000E+000
  1.100000E-002  0.000000E+000  9.998751E-001  0.000000E+000  0.000000E+000  0.000000E+000  0.000000E+000  0.000000E+000  9.076008E-003  0.000000E+000  0.000000E+000  0.000000E+000  0.000000E+000
  1.200000E-002  0.000000E+000  9.998751E-001  0.000000E+000  0.000000E+000  0.000000E+000  0.000000E+000  0.000000E+000  9.076008E-003  0.000000E+000  0.000000E+000  0.000000E+000  0.000000E+000
  1.300000E-002  0.000000E+000  9.998751E-001  0.000000E+000  0.000000E+000  0.000000E+000  0.000000E+000  0.000000E+000  9.076008E-003  0.000000E+000  0.000000E+000  0.000000E+000  0.000000E+000
  1.400000E-002  0.000000E+000  9.998751E-001  0.000000E+000  0.000000E+000  0.000000E+000  0.000000E+000  0.000000E+000  9.076008E-003  0.000000E+000  0.000000E+000  0.000000E+000  0.000000E+000
  1.500000E-002  0.000000E+000  9.998751E-001  0.000000E+000  0.000000E+000  0.000000E+000  0.000000E+000  0.000000E+000  9.076008E-003  0.000000E+000  0.000000E+000  0.000000E+000  0.000000E+000
  1.600000E-002  0.000000E+000  9.998751E-001  0.000000E+000  0.000000E+000  0.000000E+000  0.000000E+000  0.000000E+000  9.076008E-003  0.000000E+000  0.000000E+000  0.000000E+000  0.000000E+000
  1.700000E-002  0.000000E+000  9.998751E-001  0.000000E+000  0.000000E+000  0.000000E+000  0.000000E+000  0.000000E+000  9.076008E-003  0.000000E+000  0.000000E+000  0.000000E+000  0.000000E+000
  1.800000E-002  0.000000E+000  9.998751E-001  0.000000E+000  0.000000E+000  0.000000E+000  0.000000E+000  0.000000E+000  9.076008E-003  0.000000E+000  0.000000E+000  0.000000E+000  0.000000E+000
  1.900000E-002  0.000000E+000  9.998751E-001  0.000000E+000  0.000000E+000  0.000000E+000  0.000000E+000  0.000000E+000  9.076008E-003  0.000000E+000  0.000000E+000  0.000000E+000  0.000000E+000
  2.000000E-002  0.000000E+000  9.998751E-001  0.000000E+000  0.000000E+000  0.000000E+000  0.000000E+000  0.000000E+000  9.076008E-003  0.000000E+000  0.000000E+000  0.000000E+000  0.000000E+000
  2.100000E-002  0.000000E+000  9.998751E-001  0.000000E+000  0.000000E+000  0.000000E+000  0.000000E+000  0.000000E+000  9.076008E-003  0.000000E+000  0.000000E+000  0.000000E+000  0.000000E+000
  2.200000E-002  0.000000E+000  9.998751E-001  0.000000E+000  0.000000E+000  0.000000E+000  0.000000E+000  0.000000E+000  9.076008E-003  0.000000E+000  0.000000E+000  0.000000E+000  0.000000E+000
  2.300000E-002  0.000000E+000  9.998751E-001  0.000000E+000  0.000000E+000  0.000000E+000  0.000000E+000  0.000000E+000  9.076008E-003  0.000000E+000  0.000000E+000  0.000000E+000  0.000000E+000
  2.400000E-002  0.000000E+000  9.998751E-001  0.000000E+000  0.000000E+000  0.000000E+000  0.000000E+000  0.000000E+000  9.076008E-003  0.000000E+000  0.000000E+000  0.000000E+000  0.000000E+000
  2.500000E-002  0.000000E+000  9.998751E-001  0.000000E+000  0.000000E+000  0.000000E+000  0.000000E+000  0.000000E+000  9.076008E-003  0.000000E+000  0.000000E+000  0.000000E+000  0.000000E+000
  2.600000E-002  0.000000E+000  9.998751E-001  0.000000E+000  0.000000E+000  0.000000E+000  0.000000E+000  0.000000E+000  9.076008E-003  0.000000E+000  0.000000E+000  0.000000E+000  0.000000E+000
  2.700000E-002  0.000000E+000  9.998751E-001  0.000000E+000  0.000000E+000  0.000000E+000  0.000000E+000  0.000000E+000  9.076008E-003  0.000000E+000  0.000000E+000  0.000000E+000  0.000000E+000
  2.800000E-002  0.000000E+000  9.998751E-001  0.000000E+000  0.000000E+000  0.000000E+000  0.000000E+000  0.000000E+000  9.076008E-003  0.000000E+000  0.000000E+000  0.000000E+000  0.000000E+000
  2.900000E-002  0.000000E+000  9.998751E-001  0.000000E+000  0.000000E+000  0.000000E+000  0.000000E+000  0.000000E+000  9.076008E-003  0.000000E+000  0.000000E+000  0.000000E+000  0.000000E+000
  3.000000E-002  0.000000E+000  9.998751E-001  0.000000E+000  0.000000E+000  0.000000E+000  0.000000E+000  0.000000E+000  9.076008E-003  0.000000E+000  0.000000E+000  0.000000E+000  0.000000E+000
  3.100000E-002  0.000000E+000  9.998751E-001  0.000000E+000  0.000000E+000  0.000000E+000  0.000000E+000  0.000000E+000  9.076008E-003  0.000000E+000  0.000000E+000  0.000000E+000  0.000000E+000
  3.200000E-002  0.000000E+000  9.998751E-001  0.000000E+000  0.000000E+000  0.000000E+000  0.000000E+000  0.000000E+000  9.076008E-003  0.000000E+000  0.000000E+000  0.000000E+000  0.000000E+000
  3.300000E-002  0.000000E+000  9.998751E-001  0.000000E+000  0.000000E+000  0.000000E+000  0.000000E+000  0.000000E+000  9.076008E-003  0.000000E+000  0.000000E+000  0.000000E+000  0.000000E+000
  3.400000E-002  0.000000E+000  9.998751E-001  0.000000E+000  0.000000E+000  0.000000E+000  0.000000E+000  0.000000E+000  9.076008E-003  0.000000E+000  0.000000E+000  0.000000E+000  0.000000E+000
  3.500000E-002  0.000000E+000  9.998751E-001  0.000000E+000  0.000000E+000  0.000000E+000  0.000000E+000  0.000000E+000  9.076008E-003  0.000000E+000  0.000000E+000  0.000000E+000  0.000000E+000
  3.600000E-002  0.000000E+000  9.998751E-001  0.000000E+000  0.000000E+000  0.000000E+000  0.000000E+000  0.000000E+000  9.076008E-003  0.000000E+000  0.000000E+000  0.000000E+000  0.000000E+000
  3.700000E-002  0.000000E+000  9.998751E-001  0.000000E+000  0.000000E+000  0.000000E+000  0.000000E+000  0.000000E+000  9.076008E-003  0.000000E+000  0.000000E+000  0.000000E+000  0.000000E+000
  3.800000E-002  0.000000E+000  9.998751E-001  0.000000E+000  0.000000E+000  0.000000E+000  0.000000E+000  0.000000E+000  9.076008E-003  0.000000E+000  0.000000E+000  0.000000E+000  0.000000E+000
  3.900000E-002  0.000000E+000  9.998751E-001  0.000000E+000  0.000000E+000  0.000000E+000  0.000000E+000  0.000000E+000  9.076008E-003  0.000000E+000  0.000000E+000  0.000000E+000  0.000000E+000
  4.000000E-002  0.000000E+000  9.998751E-001  0.000000E+000  0.000000E+000  0.000000E+000  0.000000E+000  0.000000E+000  9.076008E-003  0.000000E+000  0.000000E+000  0.000000E+000  0.000000E+000
  4.100000E-002  0.000000E+000  9.998751E-001  0.000000E+000  0.000000E+000  0.000000E+000  0.000000E+000  0.000000E+000  9.076008E-003  0.000000E+000  0.000000E+000  0.000000E+000  0.000000E+000
  4.200000E-002  0.000000E+000  9.998751E-001  0.000000E+000  0.000000E+000  0.000000E+000  0.000000E+000  0.000000E+000  9.076008E-003  0.000000E+000  0.000000E+000  0.000000E+000  0.000000E+000
  4.300000E-002  0.000000E+000  9.998751E-001  0.000000E+000  0.000000E+000  0.000000E+000  0.000000E+000  0.000000E+000  9.076008E-003  0.000000E+000  0.000000E+000  0.000000E+000  0.000000E+000
  4.400000E-002  0.000000E+000  9.998751E-001  0.000000E+000  0.000000E+000  0.000000E+000  0.000000E+000  0.000000E+000  9.076008E-003  0.000000E+000  0.000000E+000  0.000000E+000  0.000000E+000
  4.500000E-002  0.000000E+000  9.998751E-001  0.000000E+000  0.000000E+000  0.000000E+000  0.000000E+000  0.000000E+000  9.076008E-003  0.000000E+000  0.000000E+000  0.000000E+000  0.000000E+000
  4.600000E-002  0.000000E+000  9.998751E-001  0.000000E+000  0.000000E+000  0.000000E+000  0.000000E+000  0.000000E+000  9.076008E-003  0.000000E+000  0.000000E+000  0.000000E+000  0.000000E+000
  4.700000E-002  0.000000E+000  9.998751E-001  0.000000E+000  0.000000E+000  0.000000E+000  0.000000E+000  0.000000E+000  9.076008E-003  0.000000E+000  0.000000E+000  0.000000E+000  0.000000E+000
  4.800000E-002  0.000000E+000  9.998751E-001  0.000000E+000  0.000000E+000  0.000000E+000  0.000000E+000  0.000000E+000  9.076008E-003  0.000000E+000  0.000000E+000  0.000000E+000  0.000000E+000
  4.900000E-002  0.000000E+000  9.998751E-001  0.000000E+000  0.000000E+000  0.000000E+000  0.000000E+000  0.000000E+000  9.076008E-003  0.000000E+000  0.000000E+000  0.000000E+000  0.000000E+000
  5.000000E-002  0.000000E+000  9.998751E-001  0.000000E+000  0.000000E+000  0.000000E+000  0.000000E+000  0.000000E+000  9.076008E-003  0.000000E+000  0.000000E+000  0.000000E+000  0.000000E+000
  5.100000E-002  0.000000E+000  9.998751E-001  0.000000E+000  0.000000E+000  0.000000E+000  0.000000E+000  0.000000E+000  9.076008E-003  0.000000E+000  0.000000E+000  0.000000E+000  0.000000E+000
  5.200000E-002  0.000000E+000  9.998751E-001  0.000000E+000  0.000000E+000  0.000000E+000  0.000000E+000  0.000000E+000  9.076008E-003  0.000000E+000  0.000000E+000  0.000000E+000  0.000000E+000
  5.300000E-002  0.000000E+000  9.998751E-001  0.000000E+000  0.000000E+000  0.000000E+000  0.000000E+000  0.000000E+000  9.076008E-003  0.000000E+000  0.000000E+000  0.000000E+000  0.000000E+000
  5.400000E-002  0.000000E+000  9.998751E-001  0.000000E+000  0.000000E+000  0.000000E+000  0.000000E+000  0.000000E+000  9.076008E-003  0.000000E+000  0.000000E+000  0.000000E+000  0.000000E+000
  5.500000E-002  0.000000E+000  9.998751E-001  0.000000E+000  0.000000E+000  0.000000E+000  0.000000E+000  0.000000E+000  9.076008E-003  0.000000E+000  0.000000E+000  0.000000E+000  0.000000E+000
  5.600000E-002  0.000000E+000  9.998751E-001  0.000000E+000  0.000000E+000  0.000000E+000  0.000000E+000  0.000000E+000  9.076008E-003  0.000000E+000  0.000000E+000  0.000000E+000  0.000000E+000
  5.700000E-002  0.000000E+000  9.998751E-001  0.000000E+000  0.000000E+000  0.000000E+000  0.000000E+000  0.000000E+000  9.076008E-003  0.000000E+000  0.000000E+000  0.000000E+000  0.000000E+000
  5.800000E-002  0.000000E+000  9.998751E-001  0.000000E+000  0.000000E+000  0.000000E+000  0.000000E+000  0.000000E+000  9.076009E-003  0.000000E+000  0.000000E+000  0.000000E+000  0.000000E+000
  5.900000E-002  0.000000E+000  9.998751E-001  0.000000E+000  0.000000E+000  0.000000E+000  0.000000E+000  0.000000E+000  9.076059E-003  0.000000E+000  0.000000E+000  0.000000E+000  0.000000E+000
  6.000000E-002  0.000000E+000  9.998751E-001  0.000000E+000  0.000000E+000  0.000000E+000  0.000000E+000  0.000000E+000  9.076266E-003  0.000000E+000  0.000000E+000  0.000000E+000  0.000000E+000
  6.100000E-002  0.000000E+000  9.998751E-001  0.000000E+000  0.000000E+000  0.000000E+000  0.000000E+000  0.000000E+000  9.076739E-003  0.000000E+000  0.000000E+000  0.000000E+000  0.000000E+000
  6.200000E-002  0.000000E+000  9.998751E-001  0.000000E+000  0.000000E+000  0.000000E+000  0.000000E+000  0.000000E+000  9.077587E-003  0.000000E+000  0.000000E+000  0.000000E+000  0.000000E+000
  6.300000E-002  0.000000E+000  9.998751E-001  0.000000E+000  0.000000E+000  0.000000E+000  0.000000E+000  0.000000E+000  9.078912E-003  0.000000E+000  0.000000E+000  0.000000E+000  0.000000E+000
  6.400000E-002  0.000000E+000  9.998751E-001  0.000000E+000  0.000000E+000  0.000000E+000  0.000000E+000  0.000000E+000  9.080819E-003  0.000000E+000  0.000000E+000  0.000000E+000  0.000000E+000
  6.500000E-002  0.000000E+000  9.998751E-001  0.000000E+000  0.000000E+000  0.000000E+000  0.000000E+000  0.000000E+000  9.083407E-003  0.000000E+000  0.000000E+000  0.000000E+000  0.000000E+000
  6.600000E-002  0.000000E+000  9.998751E-001  0.000000E+000  0.000000E+000  0.000000E+000  0.000000E+000  0.000000E+000  9.086774E-003  0.000000E+000  0.000000E+000  0.000000E+000  0.000000E+000
  6.700000E-002  0.000000E+000  9.998751E-001  0.000000E+000  0.000000E+000  0.000000E+000  0.000000E+000  0.000000E+000  9.091015E-003  0.000000E+000  0.000000E+000  0.000000E+000  0.000000E+000
  6.800000E-002  0.000000E+000  9.998751E-001  0.000000E+000  0.000000E+000  0.000000E+000  0.000000E+000  0.000000E+000  9.096224E-003  0.000000E+000  0.000000E+000  0.000000E+000  0.000000E+000
  6.900000E-002  0.000000E+000  9.998751E-001  0.000000E+000  0.000000E+000  0.000000E+000  0.000000E+000  0.000000E+000  9.102491E-003  0.000000E+000  0.000000E+000  0.000000E+000  0.000000E+000
  7.000000E-002  0.000000E+000  9.998751E-001  0.000000E+000  0.000000E+000  0.000000E+000  0.000000E+000  0.000000E+000  9.109904E-003  0.000000E+000  0.000000E+000  0.000000E+000  0.000000E+000
  7.100000E-002  0.000000E+000  9.998751E-001  0.000000E+000  0.000000E+000  0.000000E+000  0.000000E+000  0.000000E+000  9.118549E-003  0.000000E+000  0.000000E+000  0.000000E+000  0.000000E+000
  7.200000E-002  0.000000E+000  9.998751E-001  0.000000E+000  0.000000E+000  0.000000E+000  0.000000E+000  0.000000E+000  9.128512E-003  0.000000E+000  0.000000E+000  0.000000E+000  0.000000E+000
  7.300000E-002  0.000000E+000  9.998751E-001  0.000000E+000  0.000000E+000  0.000000E+000  0.000000E+000  0.000000E+000  9.139873E-003  0.000000E+000  0.000000E+000  0.000000E+000  0.000000E+000
  7.400000E-002  0.000000E+000  9.998751E-001  0.000000E+000  0.000000E+000  0.000000E+000  0.000000E+000  0.000000E+000  9.152711E-003  0.000000E+000  0.000000E+000  0.000000E+000  0.000000E+000
  7.500000E-002  0.000000E+000  9.998751E-001  0.000000E+000  0.000000E+000  0.000000E+000  0.000000E+000  0.000000E+000  9.167105E-003  0.000000E+000  0.000000E+000  0.000000E+000  0.000000E+000
  7.600000E-002  0.000000E+000  9.998751E-001  0.000000E+000  0.000000E+000  0.000000E+000  0.000000E+000  0.000000E+000  9.183128E-003  0.000000E+000  0.000000E+000  0.000000E+000  0.000000E+000
  7.700000E-002  0.000000E+000  9.998751E-001  0.000000E+000  0.000000E+000  0.000000E+000  0.000000E+000  0.000000E+000  9.200855E-003  0.000000E+000  0.000000E+000  0.000000E+000  0.000000E+000
  7.800000E-002  0.000000E+000  9.998751E-001  0.000000E+000  0.000000E+000  0.000000E+000  0.000000E+000  0.000000E+000  9.220355E-003  0.000000E+000  0.000000E+000  0.000000E+000  0.000000E+000
  7.900000E-002  0.000000E+000  9.998751E-001  0.000000E+000  0.000000E+000  0.000000E+000  0.000000E+000  0.000000E+000  9.241698E-003  0.000000E+000  0.000000E+000  0.000000E+000  0.000000E+000
  8.000000E-002  0.000000E+000  9.998751E-001  0.000000E+000  0.000000E+000  0.000000E+000  0.000000E+000  0.000000E+000  9.264950E-003  0.000000E+000  0.000000E+000  0.000000E+000  0.000000E+000
  8.100000E-002  0.000000E+000  9.998751E-001  0.000000E+000  0.000000E+000  0.000000E+000  0.000000E+000  0.000000E+000  9.290176E-003  0.000000E+000  0.000000E+000  0.000000E+000  0.000000E+000
  8.200000E-002  0.000000E+000  9.998751E-001  0.000000E+000  0.000000E+000  0.000000E+000  0.000000E+000  0.000000E+000  9.317437E-003  0.000000E+000  0.000000E+000  0.000000E+000  0.000000E+000
  8.300000E-002  0.000000E+000  9.998751E-001  0.000000E+000  0.000000E+000  0.000000E+000  0.000000E+000  0.000000E+000  9.346794E-003  0.000000E+000  0.000000E+000  0.000000E+000  0.000000E+000
  8.400000E-002  0.000000E+000  9.998751E-001  0.000000E+000  0.000000E+000  0.000000E+000  0.000000E+000  0.000000E+000  9.378306E-003  0.000000E+000  0.000000E+000  0.000000E+000  0.000000E+000
  8.500000E-002  0.000000E+000  9.998751E-001  0.000000E+000  0.000000E+000  0.000000E+000  0.000000E+000  0.000000E+000  9.412028E-003  0.000000E+000  0.000000E+000  0.000000E+000  0.000000E+000
  8.600000E-002  0.000000E+000  9.998751E-001  0.000000E+000  0.000000E+000  0.000000E+000  0.000000E+000  0.000000E+000  9.448015E-003  0.000000E+000  0.000000E+000  0.000000E+000  0.000000E+000
  8.690000E-002  0.000000E+000  9.998751E-001  0.000000E+000  0.000000E+000  0.000000E+000  0.000000E+000  0.000000E+000  9.482383E-003  0.000000E+000  0.000000E+000  0.000000E+000  0.000000E+000
