 FILE: 7segsprint.11

 *** Replace this line with a message to appear on all output files.                                    


        T             RX1            RY1            RX2            RY2            RX             RY             GRF            COP
       (S)            (N)            (N)            (N)            (N)            (N)            (N)            (N)            (M)

  0.000000E+000  0.000000E+000  0.000000E+000 -1.000616E-018  2.167315E-012 -1.000616E-018  2.167315E-012  2.167315E-012 -1.387779E-017
  1.000000E-003  0.000000E+000  0.000000E+000 -1.137180E+003  2.056707E+003 -1.137180E+003  2.056707E+003  2.350154E+003  1.496300E-003
  2.000000E-003  0.000000E+000  0.000000E+000 -3.902697E+003  4.064694E+003 -3.902697E+003  4.064694E+003  5.634960E+003  2.141706E-003
  3.000000E-003  9.028930E+002  2.632170E+001 -5.294598E+003  4.966337E+003 -4.391705E+003  4.992659E+003  6.649340E+003  2.808837E-003
  4.000000E-003  2.477163E+003  1.125449E+002 -3.493386E+003  3.772667E+003 -1.016223E+003  3.885212E+003  4.015916E+003  5.142612E-003
  5.000000E-003  2.100457E+003  1.609115E+002 -2.688707E+003  3.118688E+003 -5.882505E+002  3.279600E+003  3.331939E+003  6.721167E-003
  6.000000E-003  1.750520E+003  1.696734E+002 -2.418521E+003  2.826906E+003 -6.680016E+002  2.996579E+003  3.070132E+003  7.271364E-003
  7.000000E-003  1.684893E+003  1.612430E+002 -2.337101E+003  2.689558E+003 -6.522078E+002  2.850801E+003  2.924456E+003  7.294773E-003
  8.000000E-003  1.719223E+003  1.499081E+002 -2.379859E+003  2.681314E+003 -6.606361E+002  2.831222E+003  2.907277E+003  7.041787E-003
  9.000000E-003  1.796192E+003  1.421785E+002 -2.473992E+003  2.742458E+003 -6.777994E+002  2.884636E+003  2.963197E+003  6.778450E-003
  1.000000E-002  1.888166E+003  1.399438E+002 -2.563086E+003  2.823263E+003 -6.749203E+002  2.963206E+003  3.039097E+003  6.634979E-003
  1.100000E-002  1.970777E+003  1.425163E+002 -2.622324E+003  2.897660E+003 -6.515476E+002  3.040176E+003  3.109210E+003  6.616089E-003
  1.200000E-002  2.029828E+003  1.481313E+002 -2.651358E+003  2.957019E+003 -6.215296E+002  3.105150E+003  3.166742E+003  6.678724E-003
  1.300000E-002  2.065281E+003  1.550116E+002 -2.660058E+003  3.001520E+003 -5.947767E+002  3.156532E+003  3.212079E+003  6.779539E-003
  1.400000E-002  2.085936E+003  1.619295E+002 -2.658401E+003  3.034563E+003 -5.724649E+002  3.196492E+003  3.247350E+003  6.889985E-003
  1.500000E-002  2.101327E+003  1.683007E+002 -2.652889E+003  3.060040E+003 -5.515614E+002  3.228341E+003  3.275119E+003  6.995833E-003
  1.600000E-002  2.117393E+003  1.740065E+002 -2.646619E+003  3.081060E+003 -5.292262E+002  3.255066E+003  3.297808E+003  7.092468E-003
  1.700000E-002  2.136321E+003  1.791585E+002 -2.640413E+003  3.099492E+003 -5.040923E+002  3.278650E+003  3.317176E+003  7.180427E-003
  1.800000E-002  2.158033E+003  1.839256E+002 -2.633945E+003  3.116105E+003 -4.759122E+002  3.300031E+003  3.334171E+003  7.262186E-003
  1.900000E-002  2.181561E+003  1.884458E+002 -2.626551E+003  3.130992E+003 -4.449908E+002  3.319438E+003  3.349132E+003  7.340261E-003
  2.000000E-002  2.205864E+003  1.928015E+002 -2.617668E+003  3.143966E+003 -4.118040E+002  3.336768E+003  3.362083E+003  7.416415E-003
  2.100000E-002  2.230173E+003  1.970279E+002 -2.606977E+003  3.154818E+003 -3.768044E+002  3.351846E+003  3.372960E+003  7.491566E-003
  2.200000E-002  2.254036E+003  2.011311E+002 -2.594380E+003  3.163418E+003 -3.403441E+002  3.364549E+003  3.381719E+003  7.566025E-003
  2.300000E-002  2.277245E+003  2.051046E+002 -2.579916E+003  3.169724E+003 -3.026705E+002  3.374828E+003  3.388374E+003  7.639785E-003
  2.400000E-002  2.299728E+003  2.089401E+002 -2.563678E+003  3.173752E+003 -2.639506E+002  3.382692E+003  3.392975E+003  7.712739E-003
  2.500000E-002  2.321465E+003  2.126314E+002 -2.545770E+003  3.175545E+003 -2.243048E+002  3.388176E+003  3.395593E+003  7.784798E-003
  2.600000E-002  2.342444E+003  2.161756E+002 -2.526274E+003  3.175139E+003 -1.838299E+002  3.391315E+003  3.396293E+003  7.855937E-003
  2.700000E-002  2.362640E+003  2.195717E+002 -2.505252E+003  3.172558E+003 -1.426118E+002  3.392130E+003  3.395127E+003  7.926195E-003
  2.800000E-002  2.382003E+003  2.228197E+002 -2.482747E+003  3.167809E+003 -1.007438E+002  3.390629E+003  3.392125E+003  7.995652E-003
  2.900000E-002  2.400465E+003  2.259197E+002 -2.458790E+003  3.160883E+003 -5.832526E+001  3.386802E+003  3.387304E+003  8.064411E-003
  3.000000E-002  2.417944E+003  2.288710E+002 -2.433404E+003  3.151753E+003 -1.545974E+001  3.380624E+003  3.380660E+003  8.132595E-003
  3.100000E-002  2.434350E+003  2.316723E+002 -2.406600E+003  3.140383E+003  2.774959E+001  3.372056E+003  3.372170E+003  8.200342E-003
  3.200000E-002  2.449577E+003  2.343214E+002 -2.378382E+003  3.126718E+003  7.119406E+001  3.361040E+003  3.361794E+003  8.267808E-003
  3.300000E-002  2.463515E+003  2.368154E+002 -2.348745E+003  3.110691E+003  1.147697E+002  3.347507E+003  3.349474E+003  8.335171E-003
  3.400000E-002  2.476039E+003  2.391507E+002 -2.317674E+003  3.092220E+003  1.583648E+002  3.331371E+003  3.335133E+003  8.402632E-003
  3.500000E-002  2.487010E+003  2.413231E+002 -2.285144E+003  3.071210E+003  2.018656E+002  3.312533E+003  3.318678E+003  8.470423E-003
  3.600000E-002  2.496279E+003  2.433276E+002 -2.251124E+003  3.047552E+003  2.451548E+002  3.290880E+003  3.299999E+003  8.538802E-003
  3.700000E-002  2.503684E+003  2.451583E+002 -2.215575E+003  3.021129E+003  2.881097E+002  3.266287E+003  3.278969E+003  8.608061E-003
  3.800000E-002  2.509053E+003  2.468090E+002 -2.178453E+003  2.991814E+003  3.305998E+002  3.238623E+003  3.255453E+003  8.678520E-003
  3.900000E-002  2.512200E+003  2.482727E+002 -2.139715E+003  2.959480E+003  3.724845E+002  3.207753E+003  3.229307E+003  8.750530E-003
  4.000000E-002  2.512933E+003  2.495418E+002 -2.099321E+003  2.924000E+003  4.136115E+002  3.173542E+003  3.200382E+003  8.824473E-003
  4.100000E-002  2.511050E+003  2.506084E+002 -2.057232E+003  2.885252E+003  4.538173E+002  3.135860E+003  3.168528E+003  8.900762E-003
  4.200000E-002  2.506348E+003  2.514644E+002 -2.013417E+003  2.843119E+003  4.929309E+002  3.094583E+003  3.133597E+003  8.979857E-003
  4.300000E-002  2.498624E+003  2.521017E+002 -1.967845E+003  2.797489E+003  5.307790E+002  3.049591E+003  3.095437E+003  9.062274E-003
  4.400000E-002  2.487678E+003  2.525125E+002 -1.920491E+003  2.748253E+003  5.671870E+002  3.000765E+003  3.053898E+003  9.148602E-003
  4.500000E-002  2.473307E+003  2.526890E+002 -1.871331E+003  2.695306E+003  6.019764E+002  2.947995E+003  3.008829E+003  9.239512E-003
  4.600000E-002  2.455311E+003  2.526238E+002 -1.820351E+003  2.638554E+003  6.349599E+002  2.891178E+003  2.960082E+003  9.335774E-003
  4.700000E-002  2.433483E+003  2.523097E+002 -1.767543E+003  2.577911E+003  6.659408E+002  2.830220E+003  2.907512E+003  9.438271E-003
  4.800000E-002  2.407621E+003  2.517401E+002 -1.712906E+003  2.513299E+003  6.947155E+002  2.765039E+003  2.850977E+003  9.548035E-003
  4.900000E-002  2.377520E+003  2.509090E+002 -1.656445E+003  2.444649E+003  7.210751E+002  2.695558E+003  2.790337E+003  9.666281E-003
  5.000000E-002  2.342976E+003  2.498108E+002 -1.598171E+003  2.371898E+003  7.448049E+002  2.621709E+003  2.725452E+003  9.794453E-003
  5.100000E-002  2.303783E+003  2.484409E+002 -1.538100E+003  2.294989E+003  7.656830E+002  2.543430E+003  2.656182E+003  9.934284E-003
  5.200000E-002  2.259728E+003  2.467953E+002 -1.476253E+003  2.213873E+003  7.834750E+002  2.460668E+003  2.582387E+003  1.008787E-002
  5.300000E-002  2.211424E+003  2.448711E+002 -1.412782E+003  2.128700E+003  7.986418E+002  2.373571E+003  2.504330E+003  1.025626E-002
  5.400000E-002  2.159516E+003  2.426691E+002 -1.348107E+003  2.040033E+003  8.114094E+002  2.282702E+003  2.422626E+003  1.043970E-002
  5.500000E-002  2.103971E+003  2.401993E+002 -1.282495E+003  1.948218E+003  8.214766E+002  2.188418E+003  2.337519E+003  1.064025E-002
  5.600000E-002  2.044756E+003  2.374779E+002 -1.216104E+003  1.853445E+003  8.286517E+002  2.090923E+003  2.249138E+003  1.086098E-002
  5.700000E-002  1.981820E+003  2.345228E+002 -1.149042E+003  1.755832E+003  8.327777E+002  1.990355E+003  2.157552E+003  1.110591E-002
  5.800000E-002  1.915108E+003  2.313522E+002 -1.081389E+003  1.655464E+003  8.337196E+002  1.886816E+003  2.062805E+003  1.138003E-002
  5.900000E-002  1.844561E+003  2.279841E+002 -1.013203E+003  1.552419E+003  8.313581E+002  1.780403E+003  1.964941E+003  1.168954E-002
  6.000000E-002  1.770116E+003  2.244372E+002 -9.445310E+002  1.446781E+003  8.255846E+002  1.671218E+003  1.864017E+003  1.204213E-002
  6.100000E-002  1.691705E+003  2.207315E+002 -8.754060E+002  1.338653E+003  8.162990E+002  1.559384E+003  1.760120E+003  1.244751E-002
  6.200000E-002  1.609251E+003  2.168889E+002 -8.058436E+002  1.228165E+003  8.034077E+002  1.445054E+003  1.653373E+003  1.291802E-002
  6.300000E-002  1.522664E+003  2.129344E+002 -7.358400E+002  1.115490E+003  7.868241E+002  1.328424E+003  1.543957E+003  1.346962E-002
  6.400000E-002  1.431839E+003  2.088963E+002 -6.653690E+002  1.000860E+003  7.664701E+002  1.209756E+003  1.432127E+003  1.412312E-002
  6.500000E-002  1.336661E+003  2.048072E+002 -5.943805E+002  8.845946E+002  7.422801E+002  1.089402E+003  1.318247E+003  1.490596E-002
  6.600000E-002  1.237011E+003  2.007047E+002 -5.228028E+002  7.671378E+002  7.142082E+002  9.678425E+002  1.202835E+003  1.585464E-002
  6.700000E-002  1.132792E+003  1.966317E+002 -4.505522E+002  6.491146E+002  6.822393E+002  8.457463E+002  1.086617E+003  1.701784E-002
  6.800000E-002  1.023963E+003  1.926376E+002 -3.775565E+002  5.314073E+002  6.464066E+002  7.240450E+002  9.706094E+002  1.846049E-002
  6.900000E-002  9.106221E+002  1.887782E+002 -3.038082E+002  4.152668E+002  6.068139E+002  6.040450E+002  8.562088E+002  2.026779E-002
  7.000000E-002  7.931408E+002  1.851147E+002 -2.294759E+002  3.024709E+002  5.636649E+002  4.875856E+002  7.452904E+002  2.254736E-002
  7.100000E-002  6.724211E+002  1.817098E+002 -1.551305E+002  1.955554E+002  5.172906E+002  3.772652E+002  6.402488E+002  2.542412E-002
  7.200000E-002  5.503535E+002  1.786178E+002 -8.219483E+001  9.815063E+001  4.681586E+002  2.767684E+002  5.438504E+002  2.902063E-002
  7.300000E-002  4.306356E+002  1.758619E+002 -1.382234E+001  1.546765E+001  4.168133E+002  1.913295E+002  4.586287E+002  3.342887E-002
  7.400000E-002  3.516534E+002  1.732979E+002  0.000000E+000  0.000000E+000  3.516534E+002  1.732979E+002  3.920361E+002  3.842877E-002
  7.500000E-002  2.896284E+002  1.701478E+002  0.000000E+000  0.000000E+000  2.896284E+002  1.701478E+002  3.359090E+002  4.403378E-002
  7.600000E-002  2.367197E+002  1.656736E+002  0.000000E+000  0.000000E+000  2.367197E+002  1.656736E+002  2.889359E+002  4.984556E-002
  7.700000E-002  1.940178E+002  1.593407E+002  0.000000E+000  0.000000E+000  1.940178E+002  1.593407E+002  2.510625E+002  5.517140E-002
  7.800000E-002  1.619047E+002  1.507370E+002  0.000000E+000  0.000000E+000  1.619047E+002  1.507370E+002  2.212120E+002  5.923457E-002
  7.900000E-002  1.401259E+002  1.395508E+002  0.000000E+000  0.000000E+000  1.401259E+002  1.395508E+002  1.977617E+002  6.134087E-002
  8.000000E-002  1.278970E+002  1.255605E+002  0.000000E+000  0.000000E+000  1.278970E+002  1.255605E+002  1.792291E+002  6.089753E-002
  8.100000E-002  1.240366E+002  1.086262E+002  0.000000E+000  0.000000E+000  1.240366E+002  1.086262E+002  1.648779E+002  5.726941E-002
  8.200000E-002  1.271070E+002  8.868382E+001  0.000000E+000  0.000000E+000  1.271070E+002  8.868382E+001  1.549871E+002  4.973866E-002
  8.300000E-002  1.355271E+002  6.573813E+001  0.000000E+000  0.000000E+000  1.355271E+002  6.573813E+001  1.506290E+002  3.793559E-002
  8.400000E-002  1.474882E+002  3.985666E+001  0.000000E+000  0.000000E+000  1.474882E+002  3.985666E+001  1.527787E+002  2.267590E-002
  8.500000E-002  1.549027E+002  1.118488E+001  0.000000E+000  0.000000E+000  1.549027E+002  1.118488E+001  1.553060E+002  6.259508E-003
  8.540000E-002  0.000000E+000  0.000000E+000  0.000000E+000  0.000000E+000  0.000000E+000  0.000000E+000  0.000000E+000  0.000000E+000
