 FILE: 7segsprint.11

 *** Replace this line with a message to appear on all output files.                                    


        T             RX1            RY1            RX2            RY2            RX             RY             GRF            COP
       (S)            (N)            (N)            (N)            (N)            (N)            (N)            (N)            (M)

  0.000000E+000  0.000000E+000  0.000000E+000  0.000000E+000  0.000000E+000  0.000000E+000  0.000000E+000  0.000000E+000  0.000000E+000
  1.000000E-003  0.000000E+000  0.000000E+000 -2.691135E+003  2.105986E+003 -2.691135E+003  2.105986E+003  3.417219E+003  6.346346E-004
  2.000000E-003  0.000000E+000  0.000000E+000 -3.331749E+003  4.213445E+003 -3.331749E+003  4.213445E+003  5.371561E+003  1.050921E-003
  3.000000E-003  0.000000E+000  0.000000E+000 -2.180780E+003  4.429243E+003 -2.180780E+003  4.429243E+003  4.937002E+003  1.082336E-003
  4.000000E-003  5.975785E+002  2.855560E+002 -1.458395E+003  3.754252E+003 -8.608169E+002  4.039808E+003  4.130503E+003  6.783535E-003
  5.000000E-003  7.936924E+002  2.834833E+002 -1.464770E+003  3.057492E+003 -6.710780E+002  3.340976E+003  3.407706E+003  7.896082E-003
  6.000000E-003  8.559361E+002  2.332463E+002 -1.441986E+003  2.678155E+003 -5.860498E+002  2.911402E+003  2.969800E+003  7.507185E-003
  7.000000E-003  9.276416E+002  2.035197E+002 -1.464101E+003  2.527782E+003 -5.364593E+002  2.731301E+003  2.783486E+003  7.084555E-003
  8.000000E-003  9.891908E+002  1.900739E+002 -1.518521E+003  2.507204E+003 -5.293301E+002  2.697278E+003  2.748727E+003  6.791291E-003
  9.000000E-003  1.039547E+003  1.859426E+002 -1.575089E+003  2.544407E+003 -5.355420E+002  2.730350E+003  2.782376E+003  6.631753E-003
  1.000000E-002  1.081457E+003  1.876591E+002 -1.617943E+003  2.600396E+003 -5.364854E+002  2.788055E+003  2.839202E+003  6.596005E-003
  1.100000E-002  1.114820E+003  1.932988E+002 -1.644270E+003  2.656534E+003 -5.294493E+002  2.849833E+003  2.898597E+003  6.660830E-003
  1.200000E-002  1.140750E+003  2.013174E+002 -1.657299E+003  2.704993E+003 -5.165491E+002  2.906311E+003  2.951858E+003  6.794027E-003
  1.300000E-002  1.161236E+003  2.104320E+002 -1.661765E+003  2.744290E+003 -5.005295E+002  2.954722E+003  2.996817E+003  6.963243E-003
  1.400000E-002  1.176296E+003  2.197809E+002 -1.660821E+003  2.775130E+003 -4.845248E+002  2.994911E+003  3.033851E+003  7.145808E-003
  1.500000E-002  1.190028E+003  2.289177E+002 -1.656481E+003  2.799477E+003 -4.664523E+002  3.028395E+003  3.064107E+003  7.329917E-003
  1.600000E-002  1.201418E+003  2.376925E+002 -1.649447E+003  2.818717E+003 -4.480294E+002  3.056410E+003  3.089073E+003  7.510503E-003
  1.700000E-002  1.212140E+003  2.461092E+002 -1.640081E+003  2.834108E+003 -4.279406E+002  3.080217E+003  3.109803E+003  7.687008E-003
  1.800000E-002  1.222335E+003  2.542268E+002 -1.628515E+003  2.846476E+003 -4.061804E+002  3.100703E+003  3.127194E+003  7.860045E-003
  1.900000E-002  1.232009E+003  2.621046E+002 -1.614773E+003  2.856267E+003 -3.827634E+002  3.118372E+003  3.141775E+003  8.030667E-003
  2.000000E-002  1.241146E+003  2.697856E+002 -1.598878E+003  2.863727E+003 -3.577325E+002  3.133512E+003  3.153866E+003  8.199749E-003
  2.100000E-002  1.249661E+003  2.772951E+002 -1.580871E+003  2.868977E+003 -3.312099E+002  3.146272E+003  3.163658E+003  8.367902E-003
  2.200000E-002  1.257472E+003  2.846463E+002 -1.560810E+003  2.872081E+003 -3.033380E+002  3.156727E+003  3.171268E+003  8.535535E-003
  2.300000E-002  1.264511E+003  2.918447E+002 -1.538769E+003  2.873074E+003 -2.742586E+002  3.164919E+003  3.176780E+003  8.702935E-003
  2.400000E-002  1.270727E+003  2.988919E+002 -1.514834E+003  2.871980E+003 -2.441062E+002  3.170872E+003  3.180254E+003  8.870333E-003
  2.500000E-002  1.276087E+003  3.057880E+002 -1.489093E+003  2.868816E+003 -2.130056E+002  3.174604E+003  3.181742E+003  9.037941E-003
  2.600000E-002  1.280565E+003  3.125320E+002 -1.461640E+003  2.863591E+003 -1.810752E+002  3.176123E+003  3.181281E+003  9.205977E-003
  2.700000E-002  1.284144E+003  3.191226E+002 -1.432570E+003  2.856309E+003 -1.484260E+002  3.175432E+003  3.178898E+003  9.374678E-003
  2.800000E-002  1.286804E+003  3.255585E+002 -1.401973E+003  2.846963E+003 -1.151692E+002  3.172522E+003  3.174611E+003  9.544312E-003
  2.900000E-002  1.288528E+003  3.318381E+002 -1.369940E+003  2.835538E+003 -8.141147E+001  3.167376E+003  3.168422E+003  9.715188E-003
  3.000000E-002  1.289299E+003  3.379599E+002 -1.336558E+003  2.822006E+003 -4.725910E+001  3.159966E+003  3.160319E+003  9.887658E-003
  3.100000E-002  1.289099E+003  3.439218E+002 -1.301915E+003  2.806330E+003 -1.281618E+001  3.150252E+003  3.150278E+003  1.006212E-002
  3.200000E-002  1.287906E+003  3.497211E+002 -1.266095E+003  2.788463E+003  2.181090E+001  3.138184E+003  3.138260E+003  1.023901E-002
  3.300000E-002  1.285699E+003  3.553542E+002 -1.229186E+003  2.768346E+003  5.651284E+001  3.123700E+003  3.124211E+003  1.041882E-002
  3.400000E-002  1.282450E+003  3.608168E+002 -1.191276E+003  2.745910E+003  9.117419E+001  3.106727E+003  3.108064E+003  1.060210E-002
  3.500000E-002  1.278133E+003  3.661035E+002 -1.152454E+003  2.721077E+003  1.256793E+002  3.087180E+003  3.089737E+003  1.078947E-002
  3.600000E-002  1.272716E+003  3.712082E+002 -1.112810E+003  2.693758E+003  1.599065E+002  3.064966E+003  3.069135E+003  1.098161E-002
  3.700000E-002  1.266088E+003  3.761228E+002 -1.072428E+003  2.663829E+003  1.936599E+002  3.039952E+003  3.046114E+003  1.117940E-002
  3.800000E-002  1.258091E+003  3.808274E+002 -1.031320E+003  2.630964E+003  2.267715E+002  3.011791E+003  3.020316E+003  1.138423E-002
  3.900000E-002  1.249842E+003  3.853225E+002 -9.898431E+002  2.595623E+003  2.599987E+002  2.980946E+003  2.992263E+003  1.159503E-002
  4.000000E-002  1.241013E+003  3.896652E+002 -9.484122E+002  2.558571E+003  2.926005E+002  2.948237E+003  2.962721E+003  1.181132E-002
  4.100000E-002  1.231114E+003  3.938566E+002 -9.069075E+002  2.519235E+003  3.242062E+002  2.913092E+003  2.931077E+003  1.203606E-002
  4.200000E-002  1.220246E+003  3.978733E+002 -8.653860E+002  2.477312E+003  3.548597E+002  2.875186E+003  2.897002E+003  1.227075E-002
  4.300000E-002  1.208444E+003  4.017003E+002 -8.239733E+002  2.432670E+003  3.844708E+002  2.834370E+003  2.860328E+003  1.251668E-002
  4.400000E-002  1.195746E+003  4.053287E+002 -7.828136E+002  2.385232E+003  4.129325E+002  2.790561E+003  2.820947E+003  1.277527E-002
  4.500000E-002  1.182192E+003  4.087528E+002 -7.420600E+002  2.334948E+003  4.401324E+002  2.743701E+003  2.778779E+003  1.304813E-002
  4.600000E-002  1.167824E+003  4.119679E+002 -7.018715E+002  2.281780E+003  4.659525E+002  2.693748E+003  2.733750E+003  1.333704E-002
  4.700000E-002  1.152681E+003  4.149695E+002 -6.624102E+002  2.225696E+003  4.902704E+002  2.640666E+003  2.685793E+003  1.364405E-002
  4.800000E-002  1.136805E+003  4.177535E+002 -6.238390E+002  2.166671E+003  5.129657E+002  2.584424E+003  2.634840E+003  1.397149E-002
  4.900000E-002  1.120248E+003  4.203156E+002 -5.863254E+002  2.104696E+003  5.339224E+002  2.525012E+003  2.580845E+003  1.432194E-002
  5.000000E-002  1.103137E+003  4.226662E+002 -5.500693E+002  2.039914E+003  5.530674E+002  2.462580E+003  2.523923E+003  1.469795E-002
  5.100000E-002  1.085150E+003  4.247739E+002 -5.151434E+002  1.972002E+003  5.700066E+002  2.396775E+003  2.463623E+003  1.510436E-002
  5.200000E-002  1.066477E+003  4.266385E+002 -4.816638E+002  1.900858E+003  5.848136E+002  2.327496E+003  2.399843E+003  1.554593E-002
  5.300000E-002  1.048292E+003  4.282741E+002 -4.499771E+002  1.827272E+003  5.983145E+002  2.255546E+003  2.333553E+003  1.602163E-002
  5.400000E-002  1.033220E+003  4.297167E+002 -4.203808E+002  1.752082E+003  6.128388E+002  2.181798E+003  2.266234E+003  1.652681E-002
  5.500000E-002  1.012241E+003  4.309526E+002 -3.925628E+002  1.673691E+003  6.196779E+002  2.104644E+003  2.193975E+003  1.709455E-002
  5.600000E-002  9.947339E+002  4.319781E+002 -3.669353E+002  1.593625E+003  6.277986E+002  2.025604E+003  2.120660E+003  1.770295E-002
  5.700000E-002  9.784259E+002  4.328361E+002 -3.436637E+002  1.512589E+003  6.347622E+002  1.945425E+003  2.046363E+003  1.835861E-002
  5.800000E-002  9.632327E+002  4.335655E+002 -3.227438E+002  1.430803E+003  6.404889E+002  1.864368E+003  1.971318E+003  1.906732E-002
  5.900000E-002  9.423236E+002  4.341569E+002 -3.033057E+002  1.344662E+003  6.390178E+002  1.778819E+003  1.890117E+003  1.989175E-002
  6.000000E-002  9.275401E+002  4.344274E+002 -2.859708E+002  1.257609E+003  6.415694E+002  1.692036E+003  1.809585E+003  2.076936E-002
  6.100000E-002  9.077047E+002  4.345031E+002 -2.704651E+002  1.169247E+003  6.372396E+002  1.603750E+003  1.725714E+003  2.176299E-002
  6.200000E-002  8.919114E+002  4.343742E+002 -2.565324E+002  1.079768E+003  6.353790E+002  1.514142E+003  1.642051E+003  2.284636E-002
  6.300000E-002  8.709263E+002  4.340521E+002 -2.438685E+002  9.892558E+002  6.270578E+002  1.423308E+003  1.555316E+003  2.408455E-002
  6.400000E-002  8.525514E+002  4.335241E+002 -2.320561E+002  8.978607E+002  6.204953E+002  1.331385E+003  1.468877E+003  2.545321E-002
  6.500000E-002  8.284299E+002  4.327993E+002 -2.206265E+002  8.057366E+002  6.078035E+002  1.238536E+003  1.379636E+003  2.703659E-002
  6.600000E-002  8.053810E+002  4.318714E+002 -2.090036E+002  7.131529E+002  5.963774E+002  1.145024E+003  1.291025E+003  2.881185E-002
  6.700000E-002  7.757109E+002  4.307597E+002 -1.965501E+002  6.204358E+002  5.791609E+002  1.051195E+003  1.200183E+003  3.089268E-002
  6.800000E-002  7.452774E+002  4.294715E+002 -1.825329E+002  5.280708E+002  5.627445E+002  9.575423E+002  1.110661E+003  3.325983E-002
  6.900000E-002  7.070663E+002  4.280391E+002 -1.661781E+002  4.367002E+002  5.408882E+002  8.647393E+002  1.019968E+003  3.606889E-002
  7.000000E-002  6.661066E+002  4.264835E+002 -1.466879E+002  3.472426E+002  5.194187E+002  7.737261E+002  9.319055E+002  3.929977E-002
  7.100000E-002  6.162659E+002  4.248430E+002 -1.233613E+002  2.609715E+002  4.929046E+002  6.858145E+002  8.445688E+002  4.315389E-002
  7.200000E-002  5.622375E+002  4.231312E+002 -9.577831E+001  1.797159E+002  4.664592E+002  6.028471E+002  7.622393E+002  4.756780E-002
  7.300000E-002  4.995983E+002  4.213460E+002 -6.419162E+001  1.060632E+002  4.354067E+002  5.274091E+002  6.839148E+002  5.272411E-002
  7.400000E-002  4.345224E+002  4.193835E+002 -3.023665E+001  4.369330E+001  4.042857E+002  4.630769E+002  6.147252E+002  5.830603E-002
  7.500000E-002  3.682884E+002  4.169450E+002  0.000000E+000  0.000000E+000  3.682884E+002  4.169450E+002  5.563088E+002  6.397734E-002
  7.600000E-002  3.270696E+002  4.125316E+002  0.000000E+000  0.000000E+000  3.270696E+002  4.125316E+002  5.264568E+002  6.688875E-002
  7.700000E-002  2.902254E+002  4.051086E+002  0.000000E+000  0.000000E+000  2.902254E+002  4.051086E+002  4.983410E+002  6.939038E-002
  7.800000E-002  2.622632E+002  3.945809E+002  0.000000E+000  0.000000E+000  2.622632E+002  3.945809E+002  4.737891E+002  7.108886E-002
  7.900000E-002  2.393923E+002  3.809763E+002  0.000000E+000  0.000000E+000  2.393923E+002  3.809763E+002  4.499463E+002  7.227434E-002
  8.000000E-002  2.254943E+002  3.643790E+002  0.000000E+000  0.000000E+000  2.254943E+002  3.643790E+002  4.285087E+002  7.258334E-002
  8.100000E-002  2.160605E+002  3.449575E+002  0.000000E+000  0.000000E+000  2.160605E+002  3.449575E+002  4.070354E+002  7.233910E-002
  8.200000E-002  2.673492E+002  3.185296E+002  0.000000E+000  0.000000E+000  2.673492E+002  3.185296E+002  4.158566E+002  6.537949E-002
  8.300000E-002  2.714563E+002  2.940301E+002  0.000000E+000  0.000000E+000  2.714563E+002  2.940301E+002  4.001778E+002  6.271469E-002
  8.400000E-002  2.769627E+002  2.683633E+002  0.000000E+000  0.000000E+000  2.769627E+002  2.683633E+002  3.856516E+002  5.939541E-002
  8.500000E-002  2.848146E+002  2.411405E+002  0.000000E+000  0.000000E+000  2.848146E+002  2.411405E+002  3.731864E+002  5.515226E-002
  8.600000E-002  2.945458E+002  2.124901E+002  0.000000E+000  0.000000E+000  2.945458E+002  2.124901E+002  3.631932E+002  4.993594E-002
  8.700000E-002  3.054898E+002  1.826188E+002  0.000000E+000  0.000000E+000  3.054898E+002  1.826188E+002  3.559124E+002  4.379316E-002
  8.800000E-002  3.169812E+002  1.517484E+002  0.000000E+000  0.000000E+000  3.169812E+002  1.517484E+002  3.514323E+002  3.685331E-002
  8.900000E-002  3.283878E+002  1.201037E+002  0.000000E+000  0.000000E+000  3.283878E+002  1.201037E+002  3.496619E+002  2.931497E-002
  9.000000E-002  3.390578E+002  8.790820E+001  0.000000E+000  0.000000E+000  3.390578E+002  8.790820E+001  3.502686E+002  2.141869E-002
  9.100000E-002  3.480183E+002  5.538751E+001  0.000000E+000  0.000000E+000  3.480183E+002  5.538751E+001  3.523982E+002  1.341274E-002
  9.200000E-002  3.488468E+002  2.280504E+001  0.000000E+000  0.000000E+000  3.488468E+002  2.280504E+001  3.495914E+002  5.566223E-003
  9.280000E-002  0.000000E+000  0.000000E+000  0.000000E+000  0.000000E+000  0.000000E+000  0.000000E+000  0.000000E+000  0.000000E+000
