 485   2  14
    PositionX     PositionY     VelocityX     VelocityY AccelerationX AccelerationY
  4.40818E-02   3.49023E-01   1.38398E-01  -2.46264E-01   1.07835E+00   8.72333E-01
  4.42209E-02   3.48777E-01   1.39831E-01  -2.45105E-01   1.78762E+00   1.44609E+00
  4.43615E-02   3.48532E-01   1.41973E-01  -2.43372E-01   2.84407E+00   2.30123E+00
  4.45049E-02   3.48290E-01   1.45519E-01  -2.40503E-01   4.22876E+00   3.42467E+00
  4.46525E-02   3.48051E-01   1.50431E-01  -2.36523E-01   5.56737E+00   4.51830E+00
  4.48057E-02   3.47817E-01   1.56654E-01  -2.31466E-01   6.84354E+00   5.57565E+00
  4.49658E-02   3.47588E-01   1.64118E-01  -2.25372E-01   8.04106E+00   6.59173E+00
  4.51340E-02   3.47366E-01   1.72736E-01  -2.18283E-01   9.14388E+00   7.56267E+00
  4.53113E-02   3.47152E-01   1.82406E-01  -2.10246E-01   1.01358E+01   8.48539E+00
  4.54988E-02   3.46946E-01   1.93008E-01  -2.01312E-01   1.10004E+01   9.35762E+00
  4.56973E-02   3.46749E-01   2.04407E-01  -1.91531E-01   1.17207E+01   1.01780E+01
  4.59076E-02   3.46563E-01   2.16449E-01  -1.80956E-01   1.22805E+01   1.09464E+01
  4.61302E-02   3.46387E-01   2.28968E-01  -1.69638E-01   1.26649E+01   1.16635E+01
  4.63655E-02   3.46223E-01   2.41779E-01  -1.57629E-01   1.28620E+01   1.23311E+01
  4.66138E-02   3.46072E-01   2.54692E-01  -1.44976E-01   1.28635E+01   1.29518E+01
  4.68749E-02   3.45934E-01   2.67506E-01  -1.31725E-01   1.26649E+01   1.35279E+01
  4.71488E-02   3.45809E-01   2.80021E-01  -1.17920E-01   1.22654E+01   1.40618E+01
  4.74349E-02   3.45698E-01   2.92037E-01  -1.03602E-01   1.16666E+01   1.45552E+01
  4.77328E-02   3.45601E-01   3.03355E-01  -8.88097E-02   1.08720E+01   1.50094E+01
  4.80417E-02   3.45520E-01   3.13781E-01  -7.35830E-02   9.88691E+00   1.54249E+01
  4.83604E-02   3.45454E-01   3.23128E-01  -5.79600E-02   8.71895E+00   1.58016E+01
  4.86879E-02   3.45404E-01   3.31219E-01  -4.19799E-02   7.37893E+00   1.61384E+01
  4.90228E-02   3.45370E-01   3.37886E-01  -2.56832E-02   5.88130E+00   1.64331E+01
  4.93637E-02   3.45353E-01   3.42981E-01  -9.11373E-03   4.24363E+00   1.66816E+01
  4.97088E-02   3.45352E-01   3.46374E-01   7.68005E-03   2.48525E+00   1.68787E+01
  5.00564E-02   3.45368E-01   3.47952E-01   2.46437E-02   6.25383E-01   1.70178E+01
  5.04047E-02   3.45401E-01   3.47624E-01   4.17156E-02  -1.31840E+00   1.70915E+01
  5.07517E-02   3.45452E-01   3.45315E-01   5.88267E-02  -3.33069E+00   1.70924E+01
  5.10953E-02   3.45519E-01   3.40963E-01   7.59005E-02  -5.39741E+00   1.70135E+01
  5.14336E-02   3.45603E-01   3.34520E-01   9.28538E-02  -7.50415E+00   1.68488E+01
  5.17644E-02   3.45705E-01   3.25955E-01   1.09598E-01  -9.63450E+00   1.65937E+01
  5.20855E-02   3.45823E-01   3.15251E-01   1.26041E-01  -1.17694E+01   1.62451E+01
  5.23949E-02   3.45957E-01   3.02416E-01   1.42088E-01  -1.38875E+01   1.58016E+01
  5.26903E-02   3.46107E-01   2.87476E-01   1.57644E-01  -1.59673E+01   1.52630E+01
  5.29698E-02   3.46272E-01   2.70481E-01   1.72614E-01  -1.79887E+01   1.46308E+01
  5.32313E-02   3.46452E-01   2.51499E-01   1.86906E-01  -1.99343E+01   1.39078E+01
  5.34728E-02   3.46646E-01   2.30613E-01   2.00430E-01  -2.17901E+01   1.30989E+01
  5.36925E-02   3.46853E-01   2.07919E-01   2.13104E-01  -2.35450E+01   1.22112E+01
  5.38887E-02   3.47072E-01   1.83523E-01   2.24852E-01  -2.51898E+01   1.12539E+01
  5.40596E-02   3.47303E-01   1.57539E-01   2.35611E-01  -2.67167E+01   1.02383E+01
  5.42037E-02   3.47543E-01   1.30089E-01   2.45329E-01  -2.81187E+01   9.17718E+00
  5.43198E-02   3.47793E-01   1.01302E-01   2.53966E-01  -2.93892E+01   8.08456E+00
  5.44064E-02   3.48051E-01   7.13110E-02   2.61498E-01  -3.05218E+01   6.97543E+00
  5.44624E-02   3.48316E-01   4.02582E-02   2.67917E-01  -3.15099E+01   5.86524E+00
  5.44869E-02   3.48587E-01   8.29116E-03   2.73228E-01  -3.23476E+01   4.76937E+00
  5.44790E-02   3.48863E-01  -2.44369E-02   2.77455E-01  -3.30300E+01   3.70253E+00
  5.44380E-02   3.49142E-01  -5.77689E-02   2.80634E-01  -3.35550E+01   2.67831E+00
  5.43634E-02   3.49424E-01  -9.15470E-02   2.82812E-01  -3.39233E+01   1.70900E+00
  5.42549E-02   3.49708E-01  -1.25615E-01   2.84052E-01  -3.41382E+01   8.05732E-01
  5.41122E-02   3.49992E-01  -1.59823E-01   2.84423E-01  -3.42051E+01  -2.12539E-02
  5.39353E-02   3.50276E-01  -1.94026E-01   2.84009E-01  -3.41289E+01  -7.62397E-01
  5.37241E-02   3.50560E-01  -2.28081E-01   2.82899E-01  -3.39134E+01  -1.40878E+00
  5.34791E-02   3.50842E-01  -2.61852E-01   2.81191E-01  -3.35602E+01  -1.95239E+00
  5.32004E-02   3.51122E-01  -2.95202E-01   2.78994E-01  -3.30694E+01  -2.38666E+00
  5.28887E-02   3.51400E-01  -3.27991E-01   2.76418E-01  -3.24410E+01  -2.70715E+00
  5.25445E-02   3.51675E-01  -3.60084E-01   2.73580E-01  -3.16759E+01  -2.91214E+00
  5.21685E-02   3.51947E-01  -3.91343E-01   2.70594E-01  -3.07768E+01  -3.00296E+00
  5.17618E-02   3.52216E-01  -4.21637E-01   2.67574E-01  -2.97480E+01  -2.98409E+00
  5.13252E-02   3.52483E-01  -4.50839E-01   2.64626E-01  -2.85951E+01  -2.86287E+00
  5.08601E-02   3.52746E-01  -4.78828E-01   2.61848E-01  -2.73239E+01  -2.64915E+00
  5.03676E-02   3.53006E-01  -5.05487E-01   2.59327E-01  -2.59401E+01  -2.35491E+00
  4.98491E-02   3.53264E-01  -5.30708E-01   2.57138E-01  -2.44489E+01  -1.99388E+00
  4.93062E-02   3.53520E-01  -5.54385E-01   2.55340E-01  -2.28562E+01  -1.58118E+00
  4.87403E-02   3.53775E-01  -5.76420E-01   2.53976E-01  -2.11684E+01  -1.13283E+00
  4.81533E-02   3.54028E-01  -5.96722E-01   2.53074E-01  -1.93935E+01  -6.65068E-01
  4.75469E-02   3.54281E-01  -6.15207E-01   2.52646E-01  -1.75414E+01  -1.93587E-01
  4.69229E-02   3.54534E-01  -6.31804E-01   2.52687E-01  -1.56240E+01   2.67218E-01
  4.62833E-02   3.54787E-01  -6.46455E-01   2.53180E-01  -1.36552E+01   7.04649E-01
  4.56300E-02   3.55040E-01  -6.59115E-01   2.54096E-01  -1.16495E+01   1.10772E+00
  4.49651E-02   3.55295E-01  -6.69754E-01   2.55396E-01  -9.62128E+00   1.46690E+00
  4.42905E-02   3.55551E-01  -6.78357E-01   2.57030E-01  -7.58338E+00   1.77379E+00
  4.36084E-02   3.55809E-01  -6.84921E-01   2.58943E-01  -5.54621E+00   2.02108E+00
  4.29207E-02   3.56069E-01  -6.89450E-01   2.61072E-01  -3.51774E+00   2.20276E+00
  4.22295E-02   3.56331E-01  -6.91956E-01   2.63349E-01  -1.50406E+00   2.31432E+00
  4.15367E-02   3.56595E-01  -6.92458E-01   2.65701E-01   4.89656E-01   2.35278E+00
  4.08445E-02   3.56862E-01  -6.90977E-01   2.68054E-01   2.45828E+00   2.31639E+00
  4.01548E-02   3.57132E-01  -6.87541E-01   2.70334E-01   4.39613E+00   2.20416E+00
  3.94695E-02   3.57403E-01  -6.82185E-01   2.72462E-01   6.29695E+00   2.01562E+00
  3.87904E-02   3.57676E-01  -6.74947E-01   2.74365E-01   8.15402E+00   1.75091E+00
  3.81196E-02   3.57952E-01  -6.65877E-01   2.75964E-01   9.96031E+00   1.41121E+00
  3.74587E-02   3.58228E-01  -6.55027E-01   2.77187E-01   1.17085E+01   9.99269E-01
  3.68095E-02   3.58506E-01  -6.42460E-01   2.77963E-01   1.33907E+01   5.19743E-01
  3.61738E-02   3.58784E-01  -6.28245E-01   2.78227E-01   1.49989E+01  -2.07587E-02
  3.55530E-02   3.59063E-01  -6.12462E-01   2.77921E-01   1.65249E+01  -6.13868E-01
  3.49488E-02   3.59340E-01  -5.95196E-01   2.76999E-01   1.79611E+01  -1.24981E+00
  3.43626E-02   3.59617E-01  -5.76540E-01   2.75422E-01   1.93011E+01  -1.91780E+00
  3.37957E-02   3.59891E-01  -5.56593E-01   2.73163E-01   2.05395E+01  -2.60641E+00
  3.32494E-02   3.60163E-01  -5.35461E-01   2.70209E-01   2.16717E+01  -3.30396E+00
  3.27248E-02   3.60431E-01  -5.13250E-01   2.66555E-01   2.26940E+01  -3.99885E+00
  3.22229E-02   3.60696E-01  -4.90073E-01   2.62211E-01   2.36026E+01  -4.67985E+00
  3.17447E-02   3.60956E-01  -4.66045E-01   2.57196E-01   2.43941E+01  -5.33639E+00
  3.12908E-02   3.61210E-01  -4.41284E-01   2.51538E-01   2.50655E+01  -5.95888E+00
  3.08621E-02   3.61459E-01  -4.15914E-01   2.45278E-01   2.56141E+01  -6.53884E+00
  3.04590E-02   3.61701E-01  -3.90056E-01   2.38461E-01   2.60380E+01  -7.06913E+00
  3.00820E-02   3.61936E-01  -3.63838E-01   2.31140E-01   2.63363E+01  -7.54387E+00
  2.97313E-02   3.62163E-01  -3.37384E-01   2.23373E-01   2.65096E+01  -7.95842E+00
  2.94072E-02   3.62383E-01  -3.10819E-01   2.15223E-01   2.65600E+01  -8.30921E+00
  2.91097E-02   3.62594E-01  -2.84264E-01   2.06755E-01   2.64910E+01  -8.59366E+00
  2.88387E-02   3.62796E-01  -2.57837E-01   1.98036E-01   2.63075E+01  -8.81017E+00
  2.85940E-02   3.62990E-01  -2.31649E-01   1.89134E-01   2.60156E+01  -8.95815E+00
  2.83754E-02   3.63174E-01  -2.05805E-01   1.80119E-01   2.56218E+01  -9.03821E+00
  2.81824E-02   3.63350E-01  -1.80405E-01   1.71058E-01   2.51334E+01  -9.05212E+00
  2.80146E-02   3.63517E-01  -1.55539E-01   1.62015E-01   2.45583E+01  -9.00265E+00
  2.78713E-02   3.63674E-01  -1.31288E-01   1.53052E-01   2.39050E+01  -8.89317E+00
  2.77520E-02   3.63823E-01  -1.07729E-01   1.44229E-01   2.31826E+01  -8.72727E+00
  2.76559E-02   3.63962E-01  -8.49233E-02   1.35598E-01   2.24007E+01  -8.50845E+00
  2.75822E-02   3.64094E-01  -6.29272E-02   1.27212E-01   2.15691E+01  -8.24016E+00
  2.75300E-02   3.64217E-01  -4.17851E-02   1.19118E-01   2.06979E+01  -7.92593E+00
  2.74986E-02   3.64332E-01  -2.15315E-02   1.11360E-01   1.97965E+01  -7.56968E+00
  2.74870E-02   3.64440E-01  -2.19198E-03   1.03978E-01   1.88741E+01  -7.17583E+00
  2.74942E-02   3.64540E-01   1.62166E-02   9.70082E-02   1.79382E+01  -6.74946E+00
  2.75194E-02   3.64634E-01   3.36845E-02   9.04794E-02   1.69956E+01  -6.29621E+00
  2.75616E-02   3.64721E-01   5.02078E-02   8.44158E-02   1.60515E+01  -5.82222E+00
  2.76198E-02   3.64802E-01   6.57875E-02   7.88349E-02   1.51104E+01  -5.33391E+00
  2.76932E-02   3.64879E-01   8.04287E-02   7.37479E-02   1.41765E+01  -4.83764E+00
  2.77807E-02   3.64950E-01   9.41405E-02   6.91596E-02   1.32535E+01  -4.33941E+00
  2.78814E-02   3.65017E-01   1.06936E-01   6.50691E-02   1.23451E+01  -3.84464E+00
  2.79946E-02   3.65080E-01   1.18831E-01   6.14704E-02   1.14543E+01  -3.35816E+00
  2.81191E-02   3.65140E-01   1.29844E-01   5.83528E-02   1.05840E+01  -2.88437E+00
  2.82542E-02   3.65197E-01   1.39999E-01   5.57016E-02   9.73632E+00  -2.42739E+00
  2.83991E-02   3.65251E-01   1.49317E-01   5.34980E-02   8.91341E+00  -1.99128E+00
  2.85529E-02   3.65304E-01   1.57826E-01   5.17191E-02   8.11731E+00  -1.57997E+00
  2.87148E-02   3.65355E-01   1.65552E-01   5.03381E-02   7.35001E+00  -1.19718E+00
  2.88840E-02   3.65404E-01   1.72526E-01   4.93247E-02   6.61315E+00  -8.46129E-01
  2.90598E-02   3.65453E-01   1.78778E-01   4.86458E-02   5.90747E+00  -5.29316E-01
  2.92415E-02   3.65502E-01   1.84340E-01   4.82661E-02   5.23249E+00  -2.48367E-01
  2.94285E-02   3.65550E-01   1.89243E-01   4.81491E-02   4.58652E+00  -3.91109E-03
  2.96200E-02   3.65598E-01   1.93514E-01   4.82583E-02   3.96710E+00   2.04418E-01
  2.98155E-02   3.65646E-01   1.97177E-01   4.85579E-02   3.37169E+00   3.77882E-01
  3.00144E-02   3.65695E-01   2.00257E-01   4.90140E-02   2.79825E+00   5.18435E-01
  3.02160E-02   3.65744E-01   2.02774E-01   4.95948E-02   2.24546E+00   6.28482E-01
  3.04199E-02   3.65794E-01   2.04748E-01   5.02710E-02   1.71260E+00   7.10651E-01
  3.06255E-02   3.65845E-01   2.06199E-01   5.10161E-02   1.19920E+00   7.67624E-01
  3.08323E-02   3.65896E-01   2.07146E-01   5.18062E-02   7.04781E-01   8.02035E-01
  3.10398E-02   3.65949E-01   2.07608E-01   5.26202E-02   2.28777E-01   8.16385E-01
  3.12475E-02   3.66002E-01   2.07604E-01   5.34390E-02  -2.29466E-01   8.12985E-01
  3.14550E-02   3.66055E-01   2.07150E-01   5.42461E-02  -6.70552E-01   7.93911E-01
  3.16618E-02   3.66110E-01   2.06263E-01   5.50268E-02  -1.09495E+00   7.60978E-01
  3.18675E-02   3.66166E-01   2.04960E-01   5.57681E-02  -1.50301E+00   7.15721E-01
  3.20718E-02   3.66222E-01   2.03257E-01   5.64583E-02  -1.89503E+00   6.59366E-01
  3.22741E-02   3.66278E-01   2.01170E-01   5.70868E-02  -2.27145E+00   5.92799E-01
  3.24741E-02   3.66336E-01   1.98714E-01   5.76439E-02  -2.63298E+00   5.16533E-01
  3.26715E-02   3.66394E-01   1.95904E-01   5.81199E-02  -2.98072E+00   4.30693E-01
  3.28659E-02   3.66452E-01   1.92752E-01   5.85052E-02  -3.31595E+00   3.35031E-01
  3.30570E-02   3.66511E-01   1.89272E-01   5.87899E-02  -3.63996E+00   2.28948E-01
  3.32444E-02   3.66570E-01   1.85472E-01   5.89631E-02  -3.95361E+00   1.11539E-01
  3.34279E-02   3.66629E-01   1.81364E-01   5.90130E-02  -4.25718E+00  -1.83453E-02
  3.36072E-02   3.66688E-01   1.76958E-01   5.89265E-02  -4.55028E+00  -1.61988E-01
  3.37819E-02   3.66747E-01   1.72264E-01   5.86890E-02  -4.83206E+00  -3.20650E-01
  3.39517E-02   3.66805E-01   1.67294E-01   5.82852E-02  -5.10137E+00  -4.95372E-01
  3.41164E-02   3.66863E-01   1.62061E-01   5.76983E-02  -5.35686E+00  -6.86783E-01
  3.42758E-02   3.66920E-01   1.56580E-01   5.69116E-02  -5.59682E+00  -8.94994E-01
  3.44296E-02   3.66977E-01   1.50868E-01   5.59083E-02  -5.81902E+00  -1.11960E+00
  3.45776E-02   3.67032E-01   1.44942E-01   5.46724E-02  -6.02052E+00  -1.35979E+00
  3.47195E-02   3.67086E-01   1.38826E-01   5.31887E-02  -6.19783E+00  -1.61455E+00
  3.48552E-02   3.67139E-01   1.32547E-01   5.14433E-02  -6.34722E+00  -1.88279E+00
  3.49846E-02   3.67189E-01   1.26132E-01   4.94232E-02  -6.46527E+00  -2.16332E+00
  3.51075E-02   3.67237E-01   1.19616E-01   4.71166E-02  -6.54920E+00  -2.45483E+00
  3.52238E-02   3.67283E-01   1.13034E-01   4.45135E-02  -6.59719E+00  -2.75573E+00
  3.53335E-02   3.67327E-01   1.06422E-01   4.16052E-02  -6.60832E+00  -3.06413E+00
  3.54367E-02   3.67367E-01   9.98170E-02   3.83852E-02  -6.58254E+00  -3.37794E+00
  3.55332E-02   3.67403E-01   9.32565E-02   3.48493E-02  -6.52050E+00  -3.69501E+00
  3.56232E-02   3.67436E-01   8.67760E-02   3.09952E-02  -6.42331E+00  -4.01336E+00
  3.57067E-02   3.67465E-01   8.04099E-02   2.68226E-02  -6.29238E+00  -4.33119E+00
  3.57840E-02   3.67490E-01   7.41912E-02   2.23328E-02  -6.12922E+00  -4.64693E+00
  3.58551E-02   3.67510E-01   6.81515E-02   1.75287E-02  -5.93525E+00  -4.95914E+00
  3.59203E-02   3.67525E-01   6.23207E-02   1.24146E-02  -5.71188E+00  -5.26641E+00
  3.59798E-02   3.67535E-01   5.67277E-02   6.99591E-03  -5.46050E+00  -5.56737E+00
  3.60337E-02   3.67539E-01   5.13997E-02   1.27981E-03  -5.18263E+00  -5.86065E+00
  3.60826E-02   3.67537E-01   4.63624E-02  -4.72540E-03  -4.88001E+00  -6.14488E+00
  3.61265E-02   3.67530E-01   4.16397E-02  -1.10100E-02  -4.55465E+00  -6.41863E+00
  3.61658E-02   3.67515E-01   3.72531E-02  -1.75627E-02  -4.20885E+00  -6.68038E+00
  3.62010E-02   3.67494E-01   3.32220E-02  -2.43707E-02  -3.84528E+00  -6.92841E+00
  3.62323E-02   3.67467E-01   2.95626E-02  -3.14195E-02  -3.46696E+00  -7.16094E+00
  3.62601E-02   3.67432E-01   2.62881E-02  -3.86926E-02  -3.07715E+00  -7.37634E+00
  3.62849E-02   3.67389E-01   2.34083E-02  -4.61722E-02  -2.67929E+00  -7.57336E+00
  3.63069E-02   3.67339E-01   2.09295E-02  -5.38393E-02  -2.27682E+00  -7.75145E+00
  3.63267E-02   3.67282E-01   1.88546E-02  -6.16750E-02  -1.87321E+00  -7.91073E+00
  3.63446E-02   3.67216E-01   1.71831E-02  -6.96608E-02  -1.47196E+00  -8.05190E+00
  3.63611E-02   3.67142E-01   1.59107E-02  -7.77789E-02  -1.07663E+00  -8.17597E+00
  3.63764E-02   3.67060E-01   1.50298E-02  -8.60127E-02  -6.90737E-01  -8.28392E+00
  3.63911E-02   3.66970E-01   1.45292E-02  -9.43467E-02  -3.17391E-01  -8.37671E+00
  3.64055E-02   3.66872E-01   1.43950E-02  -1.02766E-01   4.11257E-02  -8.45525E+00
  3.64199E-02   3.66765E-01   1.46115E-02  -1.11257E-01   3.83685E-01  -8.52065E+00
  3.64347E-02   3.66649E-01   1.51624E-02  -1.19807E-01   7.10346E-01  -8.57424E+00
  3.64503E-02   3.66525E-01   1.60322E-02  -1.28406E-01   1.02205E+00  -8.61760E+00
  3.64668E-02   3.66392E-01   1.72065E-02  -1.37043E-01   1.32011E+00  -8.65242E+00
  3.64847E-02   3.66251E-01   1.86724E-02  -1.45711E-01   1.60576E+00  -8.68023E+00
  3.65041E-02   3.66101E-01   2.04180E-02  -1.54403E-01   1.87983E+00  -8.70233E+00
  3.65255E-02   3.65942E-01   2.24321E-02  -1.63115E-01   2.14265E+00  -8.71961E+00
  3.65490E-02   3.65775E-01   2.47033E-02  -1.71842E-01   2.39406E+00  -8.73263E+00
  3.65749E-02   3.65598E-01   2.72202E-02  -1.80580E-01   2.63334E+00  -8.74167E+00
  3.66034E-02   3.65413E-01   2.99700E-02  -1.89326E-01   2.85913E+00  -8.74678E+00
  3.66348E-02   3.65220E-01   3.29385E-02  -1.98074E-01   3.06949E+00  -8.74779E+00
  3.66693E-02   3.65017E-01   3.61090E-02  -2.06821E-01   3.26200E+00  -8.74433E+00
  3.67071E-02   3.64806E-01   3.94625E-02  -2.15563E-01   3.43412E+00  -8.73567E+00
  3.67482E-02   3.64586E-01   4.29772E-02  -2.24293E-01   3.58368E+00  -8.72083E+00
  3.67930E-02   3.64358E-01   4.66298E-02  -2.33004E-01   3.70915E+00  -8.69858E+00
  3.68415E-02   3.64120E-01   5.03955E-02  -2.41690E-01   3.80975E+00  -8.66764E+00
  3.68938E-02   3.63874E-01   5.42493E-02  -2.50340E-01   3.88524E+00  -8.62690E+00
  3.69500E-02   3.63620E-01   5.81660E-02  -2.58944E-01   3.93555E+00  -8.57550E+00
  3.70101E-02   3.63356E-01   6.21204E-02  -2.67491E-01   3.96052E+00  -8.51288E+00
  3.70742E-02   3.63085E-01   6.60870E-02  -2.75969E-01   3.95980E+00  -8.43872E+00
  3.71423E-02   3.62804E-01   7.00400E-02  -2.84368E-01   3.93308E+00  -8.35285E+00
  3.72143E-02   3.62516E-01   7.39532E-02  -2.92675E-01   3.88032E+00  -8.25512E+00
  3.72902E-02   3.62219E-01   7.78006E-02  -3.00878E-01   3.80202E+00  -8.14528E+00
  3.73699E-02   3.61914E-01   8.15572E-02  -3.08966E-01   3.69921E+00  -8.02287E+00
  3.74533E-02   3.61601E-01   8.51991E-02  -3.16924E-01   3.57337E+00  -7.88711E+00
  3.75403E-02   3.61280E-01   8.87040E-02  -3.24740E-01   3.42616E+00  -7.73691E+00
  3.76307E-02   3.60952E-01   9.20514E-02  -3.32398E-01   3.25942E+00  -7.57092E+00
  3.77244E-02   3.60615E-01   9.52228E-02  -3.39882E-01   3.07521E+00  -7.38774E+00
  3.78212E-02   3.60272E-01   9.82018E-02  -3.47173E-01   2.87609E+00  -7.18609E+00
  3.79208E-02   3.59921E-01   1.00975E-01  -3.54254E-01   2.66533E+00  -6.96484E+00
  3.80231E-02   3.59563E-01   1.03532E-01  -3.61103E-01   2.44699E+00  -6.72299E+00
  3.81279E-02   3.59199E-01   1.05869E-01  -3.67700E-01   2.22578E+00  -6.45957E+00
  3.82349E-02   3.58828E-01   1.07984E-01  -3.74022E-01   2.00666E+00  -6.17351E+00
  3.83439E-02   3.58451E-01   1.09882E-01  -3.80047E-01   1.79440E+00  -5.86365E+00
  3.84546E-02   3.58068E-01   1.11573E-01  -3.85749E-01   1.59317E+00  -5.52879E+00
  3.85670E-02   3.57679E-01   1.13069E-01  -3.91104E-01   1.40657E+00  -5.16788E+00
  3.86808E-02   3.57286E-01   1.14386E-01  -3.96085E-01   1.23780E+00  -4.78015E+00
  3.87958E-02   3.56887E-01   1.15544E-01  -4.00665E-01   1.09022E+00  -4.36524E+00
  3.89119E-02   3.56484E-01   1.16566E-01  -4.04816E-01   9.67635E-01  -3.92329E+00
  3.90289E-02   3.56078E-01   1.17480E-01  -4.08511E-01   8.74473E-01  -3.45493E+00
  3.91468E-02   3.55667E-01   1.18315E-01  -4.11726E-01   8.15389E-01  -2.96123E+00
  3.92655E-02   3.55254E-01   1.19110E-01  -4.14434E-01   7.94597E-01  -2.44356E+00
  3.93850E-02   3.54838E-01   1.19905E-01  -4.16613E-01   8.15107E-01  -1.90344E+00
  3.95054E-02   3.54421E-01   1.20741E-01  -4.18241E-01   8.78234E-01  -1.34245E+00
  3.96265E-02   3.54002E-01   1.21661E-01  -4.19298E-01   9.83652E-01  -7.62129E-01
  3.97487E-02   3.53582E-01   1.22708E-01  -4.19765E-01   1.13005E+00  -1.63944E-01
  3.98719E-02   3.53162E-01   1.23921E-01  -4.19625E-01   1.31618E+00   4.50635E-01
  3.99965E-02   3.52743E-01   1.25340E-01  -4.18864E-01   1.54194E+00   1.08010E+00
  4.01226E-02   3.52325E-01   1.27005E-01  -4.17465E-01   1.80892E+00   1.72284E+00
  4.02505E-02   3.51908E-01   1.28958E-01  -4.15418E-01   2.12026E+00   2.37710E+00
  4.03805E-02   3.51494E-01   1.31246E-01  -4.12711E-01   2.47980E+00   3.04096E+00
  4.05130E-02   3.51083E-01   1.33918E-01  -4.09336E-01   2.89082E+00   3.71229E+00
  4.06484E-02   3.50675E-01   1.37027E-01  -4.05286E-01   3.35488E+00   4.38877E+00
  4.07871E-02   3.50272E-01   1.40627E-01  -4.00558E-01   3.87113E+00   5.06789E+00
  4.09296E-02   3.49874E-01   1.44769E-01  -3.95151E-01   4.43614E+00   5.74710E+00
  4.10766E-02   3.49482E-01   1.49500E-01  -3.89064E-01   5.04415E+00   6.42395E+00
  4.12286E-02   3.49096E-01   1.54858E-01  -3.82303E-01   5.68758E+00   7.09627E+00
  4.13863E-02   3.48717E-01   1.60875E-01  -3.74872E-01   6.35733E+00   7.76225E+00
  4.15504E-02   3.48346E-01   1.67572E-01  -3.66778E-01   7.04321E+00   8.42056E+00
  4.17215E-02   3.47984E-01   1.74961E-01  -3.58031E-01   7.73415E+00   9.07022E+00
  4.19003E-02   3.47630E-01   1.83041E-01  -3.48638E-01   8.41852E+00   9.71067E+00
  4.20876E-02   3.47286E-01   1.91798E-01  -3.38609E-01   9.08445E+00   1.03417E+01
  4.22839E-02   3.46953E-01   2.01210E-01  -3.27954E-01   9.72005E+00   1.09631E+01
  4.24900E-02   3.46630E-01   2.11238E-01  -3.16683E-01   1.03136E+01   1.15751E+01
  4.27064E-02   3.46320E-01   2.21837E-01  -3.04804E-01   1.08533E+01   1.21774E+01
  4.29336E-02   3.46021E-01   2.32945E-01  -2.92328E-01   1.13273E+01   1.27697E+01
  4.31723E-02   3.45735E-01   2.44491E-01  -2.79265E-01   1.17234E+01   1.33509E+01
  4.34226E-02   3.45462E-01   2.56392E-01  -2.65626E-01   1.20288E+01   1.39201E+01
  4.36850E-02   3.45204E-01   2.68549E-01  -2.51425E-01   1.22302E+01   1.44759E+01
  4.39597E-02   3.44959E-01   2.80852E-01  -2.36675E-01   1.23143E+01   1.50169E+01
  4.42468E-02   3.44730E-01   2.93177E-01  -2.21391E-01   1.22687E+01   1.55419E+01
  4.45461E-02   3.44517E-01   3.05389E-01  -2.05591E-01   1.20825E+01   1.60494E+01
  4.48575E-02   3.44319E-01   3.17343E-01  -1.89292E-01   1.17477E+01   1.65374E+01
  4.51808E-02   3.44138E-01   3.28885E-01  -1.72516E-01   1.12593E+01   1.70037E+01
  4.55153E-02   3.43974E-01   3.39861E-01  -1.55285E-01   1.06162E+01   1.74450E+01
  4.58605E-02   3.43827E-01   3.50117E-01  -1.37626E-01   9.82005E+00   1.78572E+01
  4.62155E-02   3.43699E-01   3.59501E-01  -1.19570E-01   8.87479E+00   1.82356E+01
  4.65795E-02   3.43588E-01   3.67867E-01  -1.01155E-01   7.78542E+00   1.85751E+01
  4.69513E-02   3.43496E-01   3.75072E-01  -8.24202E-02   6.55708E+00   1.88705E+01
  4.73296E-02   3.43424E-01   3.80981E-01  -6.34137E-02   5.19485E+00   1.91170E+01
  4.77132E-02   3.43370E-01   3.85462E-01  -4.41863E-02   3.70433E+00   1.93100E+01
  4.81006E-02   3.43335E-01   3.88390E-01  -2.47936E-02   2.09264E+00   1.94458E+01
  4.84900E-02   3.43320E-01   3.89647E-01  -5.29467E-03   3.69426E-01   1.95209E+01
  4.88799E-02   3.43325E-01   3.89128E-01   1.42482E-02  -1.45301E+00   1.95324E+01
  4.92683E-02   3.43349E-01   3.86741E-01   3.37701E-02  -3.36029E+00   1.94780E+01
  4.96533E-02   3.43392E-01   3.82408E-01   5.32042E-02  -5.33707E+00   1.93558E+01
  5.00331E-02   3.43455E-01   3.76067E-01   7.24817E-02  -7.36795E+00   1.91643E+01
  5.04055E-02   3.43537E-01   3.67672E-01   9.15328E-02  -9.43757E+00   1.89023E+01
  5.07684E-02   3.43638E-01   3.57192E-01   1.10286E-01  -1.15302E+01   1.85691E+01
  5.11199E-02   3.43758E-01   3.44612E-01   1.28671E-01  -1.36291E+01   1.81646E+01
  5.14577E-02   3.43895E-01   3.29934E-01   1.46616E-01  -1.57166E+01   1.76895E+01
  5.17797E-02   3.44051E-01   3.13178E-01   1.64050E-01  -1.77742E+01   1.71446E+01
  5.20840E-02   3.44223E-01   2.94385E-01   1.80905E-01  -1.97840E+01   1.65305E+01
  5.23685E-02   3.44413E-01   2.73611E-01   1.97111E-01  -2.17293E+01   1.58474E+01
  5.26312E-02   3.44618E-01   2.50927E-01   2.12600E-01  -2.35946E+01   1.50952E+01
  5.28703E-02   3.44838E-01   2.26421E-01   2.27301E-01  -2.53659E+01   1.42737E+01
  5.30841E-02   3.45072E-01   2.00195E-01   2.41147E-01  -2.70295E+01   1.33842E+01
  5.32707E-02   3.45320E-01   1.72362E-01   2.54070E-01  -2.85726E+01   1.24298E+01
  5.34288E-02   3.45580E-01   1.43050E-01   2.66007E-01  -2.99831E+01   1.14159E+01
  5.35568E-02   3.45852E-01   1.12396E-01   2.76901E-01  -3.12503E+01   1.03501E+01
  5.36536E-02   3.46134E-01   8.05492E-02   2.86707E-01  -3.23655E+01   9.24179E+00
  5.37179E-02   3.46426E-01   4.76650E-02   2.95385E-01  -3.33226E+01   8.10161E+00
  5.37489E-02   3.46725E-01   1.39041E-02   3.02910E-01  -3.41171E+01   6.94128E+00
  5.37457E-02   3.47031E-01  -2.05693E-02   3.09268E-01  -3.47463E+01   5.77339E+00
  5.37078E-02   3.47344E-01  -5.55885E-02   3.14457E-01  -3.52076E+01   4.61149E+00
  5.36346E-02   3.47660E-01  -9.09844E-02   3.18491E-01  -3.54986E+01   3.46996E+00
  5.35258E-02   3.47981E-01  -1.26586E-01   3.21397E-01  -3.56175E+01   2.36389E+00
  5.33814E-02   3.48303E-01  -1.62219E-01   3.23218E-01  -3.55641E+01   1.30866E+00
  5.32014E-02   3.48627E-01  -1.97714E-01   3.24014E-01  -3.53409E+01   3.19577E-01
  5.29860E-02   3.48951E-01  -2.32901E-01   3.23857E-01  -3.49534E+01  -5.88817E-01
  5.27356E-02   3.49275E-01  -2.67621E-01   3.22836E-01  -3.44096E+01  -1.40336E+00
  5.24507E-02   3.49597E-01  -3.01720E-01   3.21051E-01  -3.37186E+01  -2.11301E+00
  5.21321E-02   3.49917E-01  -3.35058E-01   3.18610E-01  -3.28885E+01  -2.70941E+00
  5.17806E-02   3.50234E-01  -3.67497E-01   3.15632E-01  -3.19262E+01  -3.18729E+00
  5.13971E-02   3.50548E-01  -3.98910E-01   3.12236E-01  -3.08371E+01  -3.54463E+00
  5.09828E-02   3.50859E-01  -4.29172E-01   3.08543E-01  -2.96267E+01  -3.78247E+00
  5.05388E-02   3.51165E-01  -4.58164E-01   3.04671E-01  -2.83020E+01  -3.90464E+00
  5.00665E-02   3.51468E-01  -4.85776E-01   3.00733E-01  -2.68726E+01  -3.91727E+00
  4.95672E-02   3.51767E-01  -5.11909E-01   2.96836E-01  -2.53511E+01  -3.82831E+00
  4.90426E-02   3.52062E-01  -5.36478E-01   2.93077E-01  -2.37527E+01  -3.64718E+00
  4.84943E-02   3.52353E-01  -5.59414E-01   2.89542E-01  -2.20939E+01  -3.38449E+00
  4.79238E-02   3.52641E-01  -5.80666E-01   2.86308E-01  -2.03912E+01  -3.05199E+00
  4.73330E-02   3.52925E-01  -6.00197E-01   2.83438E-01  -1.86600E+01  -2.66253E+00
  4.67234E-02   3.53207E-01  -6.17986E-01   2.80983E-01  -1.69129E+01  -2.22999E+00
  4.60970E-02   3.53487E-01  -6.34022E-01   2.78978E-01  -1.51591E+01  -1.76908E+00
  4.54554E-02   3.53765E-01  -6.48304E-01   2.77445E-01  -1.34050E+01  -1.29493E+00
  4.48004E-02   3.54042E-01  -6.60832E-01   2.76388E-01  -1.16535E+01  -8.22628E-01
  4.41337E-02   3.54318E-01  -6.71611E-01   2.75799E-01  -9.90592E+00  -3.66767E-01
  4.34572E-02   3.54594E-01  -6.80644E-01   2.75655E-01  -8.16183E+00   5.90725E-02
  4.27724E-02   3.54870E-01  -6.87935E-01   2.75917E-01  -6.42015E+00   4.42739E-01
  4.20813E-02   3.55146E-01  -6.93484E-01   2.76540E-01  -4.67956E+00   7.73837E-01
  4.13855E-02   3.55423E-01  -6.97294E-01   2.77465E-01  -2.93908E+00   1.04387E+00
  4.06867E-02   3.55701E-01  -6.99363E-01   2.78628E-01  -1.19874E+00   1.24618E+00
  3.99867E-02   3.55980E-01  -6.99691E-01   2.79957E-01   5.39996E-01   1.37583E+00
  3.92873E-02   3.56261E-01  -6.98283E-01   2.81379E-01   2.27415E+00   1.42951E+00
  3.85902E-02   3.56543E-01  -6.95143E-01   2.82816E-01   3.99958E+00   1.40543E+00
  3.78970E-02   3.56826E-01  -6.90283E-01   2.84190E-01   5.71153E+00   1.30335E+00
  3.72096E-02   3.57111E-01  -6.83720E-01   2.85423E-01   7.40512E+00   1.12457E+00
  3.65296E-02   3.57397E-01  -6.75473E-01   2.86439E-01   9.07554E+00   8.71823E-01
  3.58587E-02   3.57684E-01  -6.65569E-01   2.87167E-01   1.07180E+01   5.49207E-01
  3.51984E-02   3.57971E-01  -6.54037E-01   2.87538E-01   1.23274E+01   1.62099E-01
  3.45506E-02   3.58259E-01  -6.40914E-01   2.87491E-01   1.38981E+01  -2.83014E-01
  3.39166E-02   3.58546E-01  -6.26241E-01   2.86972E-01   1.54235E+01  -7.78750E-01
  3.32981E-02   3.58833E-01  -6.10067E-01   2.85934E-01   1.68963E+01  -1.31708E+00
  3.26965E-02   3.59118E-01  -5.92449E-01   2.84338E-01   1.83081E+01  -1.88958E+00
  3.21132E-02   3.59402E-01  -5.73451E-01   2.82154E-01   1.96502E+01  -2.48763E+00
  3.15496E-02   3.59682E-01  -5.53148E-01   2.79362E-01   2.09129E+01  -3.10260E+00
  3.10069E-02   3.59960E-01  -5.31625E-01   2.75949E-01   2.20861E+01  -3.72601E+00
  3.04863E-02   3.60234E-01  -5.08976E-01   2.71910E-01   2.31592E+01  -4.34966E+00
  2.99890E-02   3.60504E-01  -4.85307E-01   2.67250E-01   2.41217E+01  -4.96560E+00
  2.95157E-02   3.60769E-01  -4.60733E-01   2.61979E-01   2.49636E+01  -5.56599E+00
  2.90675E-02   3.61028E-01  -4.35379E-01   2.56118E-01   2.56766E+01  -6.14297E+00
  2.86450E-02   3.61281E-01  -4.09380E-01   2.49693E-01   2.62541E+01  -6.68869E+00
  2.82487E-02   3.61527E-01  -3.82871E-01   2.42741E-01   2.66919E+01  -7.19542E+00
  2.78792E-02   3.61767E-01  -3.55996E-01   2.35302E-01   2.69882E+01  -7.65589E+00
  2.75367E-02   3.61998E-01  -3.28895E-01   2.27429E-01   2.71427E+01  -8.06355E+00
  2.72214E-02   3.62221E-01  -3.01710E-01   2.19175E-01   2.71573E+01  -8.41284E+00
  2.69333E-02   3.62436E-01  -2.74580E-01   2.10603E-01   2.70351E+01  -8.69929E+00
  2.66723E-02   3.62643E-01  -2.47640E-01   2.01777E-01   2.67806E+01  -8.91951E+00
  2.64380E-02   3.62840E-01  -2.21019E-01   1.92764E-01   2.63995E+01  -9.07103E+00
  2.62302E-02   3.63028E-01  -1.94841E-01   1.83635E-01   2.58995E+01  -9.15212E+00
  2.60484E-02   3.63207E-01  -1.69220E-01   1.74460E-01   2.52892E+01  -9.16175E+00
  2.58918E-02   3.63377E-01  -1.44263E-01   1.65311E-01   2.45790E+01  -9.09975E+00
  2.57598E-02   3.63538E-01  -1.20062E-01   1.56260E-01   2.37803E+01  -8.96713E+00
  2.56517E-02   3.63690E-01  -9.67020E-02   1.47377E-01   2.29051E+01  -8.76646E+00
  2.55664E-02   3.63833E-01  -7.42520E-02   1.38727E-01   2.19657E+01  -8.50195E+00
  2.55032E-02   3.63967E-01  -5.27705E-02   1.30373E-01   2.09742E+01  -8.17921E+00
  2.54609E-02   3.64093E-01  -3.23035E-02   1.22369E-01   1.99426E+01  -7.80483E+00
  2.54386E-02   3.64212E-01  -1.28854E-02   1.14763E-01   1.88822E+01  -7.38584E+00
  2.54351E-02   3.64323E-01   5.46090E-03   1.07597E-01   1.78041E+01  -6.92943E+00
  2.54495E-02   3.64427E-01   2.27229E-02   1.00904E-01   1.67185E+01  -6.44278E+00
  2.54806E-02   3.64525E-01   3.88978E-02   9.47117E-02   1.56344E+01  -5.93305E+00
  2.55273E-02   3.64616E-01   5.39916E-02   8.90384E-02   1.45598E+01  -5.40742E+00
  2.55885E-02   3.64703E-01   6.80173E-02   8.38969E-02   1.35013E+01  -4.87293E+00
  2.56633E-02   3.64784E-01   8.09943E-02   7.92925E-02   1.24648E+01  -4.33633E+00
  2.57505E-02   3.64861E-01   9.29470E-02   7.52242E-02   1.14555E+01  -3.80386E+00
  2.58492E-02   3.64935E-01   1.03905E-01   7.16848E-02   1.04782E+01  -3.28115E+00
  2.59583E-02   3.65005E-01   1.13903E-01   6.86619E-02   9.53720E+00  -2.77317E+00
  2.60770E-02   3.65072E-01   1.22980E-01   6.61385E-02   8.63648E+00  -2.28426E+00
  2.62043E-02   3.65137E-01   1.31176E-01   6.40934E-02   7.77907E+00  -1.81828E+00
  2.63394E-02   3.65200E-01   1.38538E-01   6.25019E-02   6.96707E+00  -1.37855E+00
  2.64814E-02   3.65262E-01   1.45110E-01   6.13363E-02   6.20157E+00  -9.67849E-01
  2.66296E-02   3.65323E-01   1.50941E-01   6.05662E-02   5.48267E+00  -5.88252E-01
  2.67833E-02   3.65383E-01   1.56076E-01   6.01598E-02   4.80953E+00  -2.41111E-01
  2.69417E-02   3.65443E-01   1.60560E-01   6.00840E-02   4.18041E+00   7.28739E-02
  2.71044E-02   3.65503E-01   1.64437E-01   6.03055E-02   3.59265E+00   3.53420E-01
  2.72706E-02   3.65564E-01   1.67745E-01   6.07908E-02   3.04274E+00   6.00377E-01
  2.74399E-02   3.65625E-01   1.70522E-01   6.15063E-02   2.52644E+00   8.13540E-01
  2.76116E-02   3.65687E-01   1.72798E-01   6.24179E-02   2.03920E+00   9.92663E-01
  2.77855E-02   3.65750E-01   1.74600E-01   6.34916E-02   1.57673E+00   1.13767E+00
  2.79609E-02   3.65814E-01   1.75952E-01   6.46933E-02   1.13563E+00   1.24893E+00
  2.81374E-02   3.65879E-01   1.76872E-01   6.59895E-02   7.13716E-01   1.32738E+00
  2.83146E-02   3.65946E-01   1.77379E-01   6.73480E-02   3.09810E-01   1.37441E+00
  2.84921E-02   3.66014E-01   1.77491E-01   6.87383E-02  -7.68983E-02   1.39163E+00
  2.86696E-02   3.66083E-01   1.77225E-01   7.01313E-02  -4.47607E-01   1.38047E+00
  2.88466E-02   3.66154E-01   1.76596E-01   7.14992E-02  -8.04315E-01   1.34209E+00
  2.90228E-02   3.66226E-01   1.75617E-01   7.28155E-02  -1.14967E+00   1.27742E+00
  2.91978E-02   3.66300E-01   1.74297E-01   7.40541E-02  -1.48634E+00   1.18735E+00
  2.93714E-02   3.66374E-01   1.72644E-01   7.51902E-02  -1.81634E+00   1.07288E+00
  2.95431E-02   3.66450E-01   1.70664E-01   7.61999E-02  -2.14052E+00   9.35199E-01
  2.97127E-02   3.66527E-01   1.68363E-01   7.70606E-02  -2.45862E+00   7.75550E-01
  2.98798E-02   3.66604E-01   1.65747E-01   7.77510E-02  -2.76957E+00   5.95110E-01
  3.00442E-02   3.66682E-01   1.62824E-01   7.82508E-02  -3.07198E+00   3.94906E-01
  3.02055E-02   3.66761E-01   1.59603E-01   7.85408E-02  -3.36446E+00   1.75833E-01
  3.03634E-02   3.66839E-01   1.56095E-01   7.86024E-02  -3.64562E+00  -6.12445E-02
  3.05177E-02   3.66918E-01   1.52312E-01   7.84183E-02  -3.91404E+00  -3.15388E-01
  3.06680E-02   3.66996E-01   1.48267E-01   7.79717E-02  -4.16813E+00  -5.85512E-01
  3.08142E-02   3.67074E-01   1.43975E-01   7.72472E-02  -4.40628E+00  -8.70360E-01
  3.09560E-02   3.67151E-01   1.39454E-01   7.62310E-02  -4.62702E+00  -1.16852E+00
  3.10931E-02   3.67226E-01   1.34721E-01   7.49102E-02  -4.82934E+00  -1.47841E+00
  3.12254E-02   3.67300E-01   1.29796E-01   7.32741E-02  -5.01276E+00  -1.79835E+00
  3.13527E-02   3.67373E-01   1.24696E-01   7.13135E-02  -5.17725E+00  -2.12652E+00
  3.14748E-02   3.67443E-01   1.19441E-01   6.90211E-02  -5.32298E+00  -2.46103E+00
  3.15916E-02   3.67511E-01   1.14050E-01   6.63914E-02  -5.44993E+00  -2.80004E+00
  3.17029E-02   3.67576E-01   1.08541E-01   6.34210E-02  -5.55764E+00  -3.14177E+00
  3.18087E-02   3.67638E-01   1.02935E-01   6.01079E-02  -5.64506E+00  -3.48463E+00
  3.19088E-02   3.67696E-01   9.72511E-02   5.64518E-02  -5.71065E+00  -3.82717E+00
  3.20032E-02   3.67751E-01   9.15133E-02   5.24536E-02  -5.75263E+00  -4.16805E+00
  3.20918E-02   3.67801E-01   8.57458E-02   4.81157E-02  -5.76926E+00  -4.50588E+00
  3.21747E-02   3.67847E-01   7.99748E-02   4.34418E-02  -5.75915E+00  -4.83919E+00
  3.22517E-02   3.67888E-01   7.42275E-02   3.84373E-02  -5.72143E+00  -5.16630E+00
  3.23231E-02   3.67924E-01   6.85319E-02   3.31092E-02  -5.65580E+00  -5.48535E+00
  3.23888E-02   3.67954E-01   6.29159E-02   2.74666E-02  -5.56242E+00  -5.79435E+00
  3.24489E-02   3.67979E-01   5.74071E-02   2.15205E-02  -5.44182E+00  -6.09135E+00
  3.25036E-02   3.67997E-01   5.20323E-02   1.52839E-02  -5.29473E+00  -6.37454E+00
  3.25530E-02   3.68009E-01   4.68176E-02   8.77140E-03  -5.12203E+00  -6.64244E+00
  3.25973E-02   3.68015E-01   4.17882E-02   1.99899E-03  -4.92476E+00  -6.89390E+00
  3.26366E-02   3.68013E-01   3.69681E-02  -5.01640E-03  -4.70406E+00  -7.12809E+00
  3.26712E-02   3.68005E-01   3.23801E-02  -1.22572E-02  -4.46120E+00  -7.34443E+00
  3.27013E-02   3.67989E-01   2.80457E-02  -1.97053E-02  -4.19767E+00  -7.54248E+00
  3.27273E-02   3.67965E-01   2.39848E-02  -2.73421E-02  -3.91523E+00  -7.72184E+00
  3.27493E-02   3.67934E-01   2.02153E-02  -3.51489E-02  -3.61603E+00  -7.88216E+00
  3.27677E-02   3.67895E-01   1.67527E-02  -4.31065E-02  -3.30257E+00  -8.02323E+00
  3.27828E-02   3.67848E-01   1.36101E-02  -5.11954E-02  -2.97749E+00  -8.14500E+00
  3.27949E-02   3.67793E-01   1.07978E-02  -5.93965E-02  -2.64315E+00  -8.24771E+00
  3.28044E-02   3.67729E-01   8.32383E-03  -6.76908E-02  -2.30129E+00  -8.33187E+00
  3.28116E-02   3.67657E-01   6.19518E-03  -7.60602E-02  -1.95280E+00  -8.39824E+00
  3.28168E-02   3.67577E-01   4.41824E-03  -8.44873E-02  -1.59785E+00  -8.44775E+00
  3.28204E-02   3.67488E-01   2.99948E-03  -9.29557E-02  -1.23641E+00  -8.48142E+00
  3.28228E-02   3.67391E-01   1.94541E-03  -1.01450E-01  -8.68765E-01  -8.50031E+00
  3.28243E-02   3.67285E-01   1.26195E-03  -1.09956E-01  -4.95938E-01  -8.50547E+00
  3.28253E-02   3.67171E-01   9.53535E-04  -1.18461E-01  -1.19801E-01  -8.49795E+00
  3.28262E-02   3.67048E-01   1.02235E-03  -1.26952E-01   2.57181E-01  -8.47880E+00
  3.28274E-02   3.66917E-01   1.46790E-03  -1.35419E-01   6.32388E-01  -8.44914E+00
  3.28292E-02   3.66778E-01   2.28712E-03  -1.43851E-01   1.00345E+00  -8.41016E+00
  3.28319E-02   3.66630E-01   3.47480E-03  -1.52239E-01   1.36846E+00  -8.36319E+00
  3.28361E-02   3.66473E-01   5.02404E-03  -1.60577E-01   1.72589E+00  -8.30967E+00
  3.28420E-02   3.66308E-01   6.92658E-03  -1.68858E-01   2.07436E+00  -8.25111E+00
  3.28500E-02   3.66135E-01   9.17275E-03  -1.77079E-01   2.41236E+00  -8.18890E+00
  3.28603E-02   3.65954E-01   1.17513E-02  -1.85236E-01   2.73819E+00  -8.12418E+00
  3.28735E-02   3.65765E-01   1.46491E-02  -1.93327E-01   3.05000E+00  -8.05765E+00
  3.28896E-02   3.65568E-01   1.78513E-02  -2.01351E-01   3.34594E+00  -7.98953E+00
  3.29092E-02   3.65362E-01   2.13410E-02  -2.09307E-01   3.62428E+00  -7.91964E+00
  3.29323E-02   3.65149E-01   2.50999E-02  -2.17191E-01   3.88344E+00  -7.84754E+00
  3.29594E-02   3.64928E-01   2.91079E-02  -2.25002E-01   4.12195E+00  -7.77270E+00
  3.29905E-02   3.64699E-01   3.33438E-02  -2.32736E-01   4.33853E+00  -7.69456E+00
  3.30260E-02   3.64462E-01   3.77849E-02  -2.40391E-01   4.53220E+00  -7.61253E+00
  3.30661E-02   3.64218E-01   4.24082E-02  -2.47961E-01   4.70245E+00  -7.52594E+00
  3.31109E-02   3.63966E-01   4.71898E-02  -2.55443E-01   4.84925E+00  -7.43399E+00
  3.31605E-02   3.63707E-01   5.21067E-02  -2.62829E-01   4.97285E+00  -7.33580E+00
  3.32151E-02   3.63441E-01   5.71355E-02  -2.70114E-01   5.07346E+00  -7.23053E+00
  3.32748E-02   3.63167E-01   6.22536E-02  -2.77290E-01   5.15094E+00  -7.11759E+00
  3.33396E-02   3.62886E-01   6.74374E-02  -2.84349E-01   5.20458E+00  -6.99664E+00
  3.34096E-02   3.62598E-01   7.26627E-02  -2.91284E-01   5.23324E+00  -6.86759E+00
  3.34849E-02   3.62304E-01   7.79039E-02  -2.98085E-01   5.23571E+00  -6.73033E+00
  3.35654E-02   3.62002E-01   8.31341E-02  -3.04744E-01   5.21106E+00  -6.58456E+00
  3.36512E-02   3.61694E-01   8.83260E-02  -3.11254E-01   5.15906E+00  -6.42970E+00
  3.37421E-02   3.61380E-01   9.34523E-02  -3.17604E-01   5.08019E+00  -6.26505E+00
  3.38381E-02   3.61059E-01   9.84864E-02  -3.23784E-01   4.97550E+00  -6.08995E+00
  3.39391E-02   3.60732E-01   1.03403E-01  -3.29784E-01   4.84623E+00  -5.90406E+00
  3.40449E-02   3.60399E-01   1.08179E-01  -3.35592E-01   4.69358E+00  -5.70740E+00
  3.41554E-02   3.60061E-01   1.12790E-01  -3.41198E-01   4.51858E+00  -5.50034E+00
  3.42705E-02   3.59717E-01   1.17216E-01  -3.46593E-01   4.32237E+00  -5.28346E+00
  3.43899E-02   3.59368E-01   1.21435E-01  -3.51765E-01   4.10643E+00  -5.05749E+00
  3.45133E-02   3.59013E-01   1.25429E-01  -3.56708E-01   3.87287E+00  -4.82316E+00
  3.46407E-02   3.58654E-01   1.29181E-01  -3.61412E-01   3.62425E+00  -4.58123E+00
  3.47717E-02   3.58291E-01   1.32677E-01  -3.65870E-01   3.36337E+00  -4.33254E+00
  3.49061E-02   3.57923E-01   1.35908E-01  -3.70077E-01   3.09287E+00  -4.07807E+00
  3.50435E-02   3.57550E-01   1.38863E-01  -3.74026E-01   2.81511E+00  -3.81899E+00
  3.51838E-02   3.57175E-01   1.41538E-01  -3.77715E-01   2.53226E+00  -3.55668E+00
  3.53266E-02   3.56795E-01   1.43928E-01  -3.81140E-01   2.24656E+00  -3.29268E+00
  3.54716E-02   3.56412E-01   1.46031E-01  -3.84300E-01   1.96050E+00  -3.02855E+00
  3.56187E-02   3.56026E-01   1.47849E-01  -3.87197E-01   1.67699E+00  -2.76578E+00
  3.57673E-02   3.55638E-01   1.49385E-01  -3.89832E-01   1.39927E+00  -2.50577E+00
  3.59174E-02   3.55247E-01   1.50647E-01  -3.92208E-01   1.13096E+00  -2.24979E+00
  3.60686E-02   3.54853E-01   1.51647E-01  -3.94331E-01   8.75870E-01  -1.99916E+00
  3.62207E-02   3.54458E-01   1.52399E-01  -3.96206E-01   6.37886E-01  -1.75526E+00
  3.63734E-02   3.54061E-01   1.52923E-01  -3.97842E-01   4.20615E-01  -1.51971E+00
  3.65266E-02   3.53662E-01   1.53240E-01  -3.99246E-01   2.27047E-01  -1.29443E+00
  3.66799E-02   3.53263E-01   1.53377E-01  -4.00431E-01   5.93348E-02  -1.08158E+00
  3.68333E-02   3.52862E-01   1.53359E-01  -4.01409E-01  -8.11626E-02  -8.83491E-01
  3.69866E-02   3.52460E-01   1.53214E-01  -4.02197E-01  -1.93612E-01  -7.02435E-01
  3.71397E-02   3.52057E-01   1.52972E-01  -4.02814E-01  -2.77423E-01  -5.40488E-01
  3.72926E-02   3.51654E-01   1.52660E-01  -4.03278E-01  -3.32230E-01  -3.99352E-01
  3.74451E-02   3.51251E-01   1.52307E-01  -4.03613E-01  -3.58239E-01  -2.80235E-01
  3.75972E-02   3.50847E-01   1.51943E-01  -4.03839E-01  -3.56802E-01  -1.83735E-01
  3.77490E-02   3.50443E-01   1.51594E-01  -4.03980E-01  -3.30853E-01  -1.09688E-01
  3.79004E-02   3.50039E-01   1.51281E-01  -4.04058E-01  -2.84846E-01  -5.70113E-02
  3.80515E-02   3.49635E-01   1.51024E-01  -4.04094E-01  -2.24089E-01  -2.35564E-02
  3.82024E-02   3.49231E-01   1.50833E-01  -4.04105E-01  -1.53746E-01  -6.02873E-03
  3.83532E-02   3.48827E-01   1.50716E-01  -4.04106E-01  -9.76697E-02   4.02556E-04
  3.85039E-02   3.48422E-01   1.50638E-01  -4.04105E-01  -5.94459E-02   2.73103E-03
