 485   2  14
    Time           RX            RY        Thigh angle   Shank angle   Foot angle  
  0.00000E+00   2.91341E+01   2.22160E+02   1.18539E+02   9.36536E+01   1.53093E+02
  1.00000E-03  -3.62833E+00   4.90486E+02   1.18099E+02   9.30356E+01   1.53200E+02
  2.00000E-03  -7.55880E+01   7.80457E+02   1.17658E+02   9.24018E+01   1.53333E+02
  3.00000E-03  -1.92472E+02   1.03583E+03   1.17215E+02   9.17520E+01   1.53486E+02
  4.00000E-03  -3.51917E+02   1.21025E+03   1.16772E+02   9.10863E+01   1.53655E+02
  5.00000E-03  -5.42290E+02   1.29088E+03   1.16330E+02   9.04049E+01   1.53835E+02
  6.00000E-03  -7.43597E+02   1.30976E+03   1.15888E+02   8.97081E+01   1.54021E+02
  7.00000E-03  -9.30698E+02   1.33399E+03   1.15448E+02   8.89964E+01   1.54210E+02
  8.00000E-03  -1.07823E+03   1.43662E+03   1.15011E+02   8.82705E+01   1.54395E+02
  9.00000E-03  -1.16566E+03   1.66171E+03   1.14578E+02   8.75310E+01   1.54573E+02
  1.00000E-02  -1.18084E+03   2.00132E+03   1.14149E+02   8.67787E+01   1.54739E+02
  1.10000E-02  -1.12144E+03   2.39693E+03   1.13724E+02   8.60144E+01   1.54890E+02
  1.20000E-02  -9.94753E+02   2.76510E+03   1.13306E+02   8.52391E+01   1.55021E+02
  1.30000E-02  -8.16631E+02   3.03439E+03   1.12893E+02   8.44534E+01   1.55129E+02
  1.40000E-02  -6.09572E+02   3.17539E+03   1.12487E+02   8.36583E+01   1.55212E+02
  1.50000E-02  -3.99860E+02   3.20966E+03   1.12088E+02   8.28546E+01   1.55267E+02
  1.60000E-02  -2.14000E+02   3.19552E+03   1.11697E+02   8.20431E+01   1.55293E+02
  1.70000E-02  -7.52953E+01   3.19956E+03   1.11312E+02   8.12245E+01   1.55288E+02
  1.80000E-02  -1.14003E+00   3.26817E+03   1.10934E+02   8.03998E+01   1.55251E+02
  1.90000E-02  -9.20133E-01   3.41054E+03   1.10563E+02   7.95696E+01   1.55183E+02
  2.00000E-02  -7.41317E+01   3.59823E+03   1.10197E+02   7.87349E+01   1.55082E+02
  2.10000E-02  -2.08868E+02   3.77903E+03   1.09838E+02   7.78965E+01   1.54950E+02
  2.20000E-02  -3.81599E+02   3.89862E+03   1.09483E+02   7.70551E+01   1.54787E+02
  2.30000E-02  -5.59498E+02   3.92119E+03   1.09132E+02   7.62117E+01   1.54593E+02
  2.40000E-02  -7.05940E+02   3.84237E+03   1.08784E+02   7.53670E+01   1.54370E+02
  2.50000E-02  -7.88469E+02   3.69012E+03   1.08438E+02   7.45218E+01   1.54117E+02
  2.60000E-02  -7.87160E+02   3.51410E+03   1.08092E+02   7.36771E+01   1.53837E+02
  2.70000E-02  -7.00727E+02   3.36722E+03   1.07745E+02   7.28335E+01   1.53531E+02
  2.80000E-02  -5.48046E+02   3.28631E+03   1.07396E+02   7.19919E+01   1.53199E+02
  2.90000E-02  -3.64134E+02   3.27933E+03   1.07044E+02   7.11531E+01   1.52843E+02
  3.00000E-02  -1.91341E+02   3.32389E+03   1.06686E+02   7.03178E+01   1.52463E+02
  3.10000E-02  -6.82208E+01   3.37754E+03   1.06323E+02   6.94867E+01   1.52061E+02
  3.20000E-02  -1.93518E+01   3.39528E+03   1.05951E+02   6.86607E+01   1.51638E+02
  3.30000E-02  -4.91998E+01   3.34693E+03   1.05571E+02   6.78403E+01   1.51194E+02
  3.40000E-02  -1.41885E+02   3.22738E+03   1.05181E+02   6.70262E+01   1.50731E+02
  3.50000E-02  -2.66830E+02   3.05641E+03   1.04779E+02   6.62191E+01   1.50249E+02
  3.60000E-02  -3.88267E+02   2.86926E+03   1.04366E+02   6.54195E+01   1.49749E+02
  3.70000E-02  -4.75345E+02   2.70285E+03   1.03939E+02   6.46279E+01   1.49230E+02
  3.80000E-02  -5.09564E+02   2.58347E+03   1.03499E+02   6.38449E+01   1.48695E+02
  3.90000E-02  -4.87518E+02   2.52018E+03   1.03044E+02   6.30709E+01   1.48142E+02
  4.00000E-02  -4.18803E+02   2.50503E+03   1.02574E+02   6.23063E+01   1.47572E+02
  4.10000E-02  -3.20647E+02   2.51863E+03   1.02089E+02   6.15515E+01   1.46984E+02
  4.20000E-02  -2.11599E+02   2.53817E+03   1.01588E+02   6.08069E+01   1.46380E+02
  4.30000E-02  -1.06488E+02   2.54483E+03   1.01071E+02   6.00729E+01   1.45758E+02
  4.40000E-02  -1.40663E+01   2.52884E+03   1.00539E+02   5.93498E+01   1.45118E+02
  4.50000E-02   6.24131E+01   2.49136E+03   9.99906E+01   5.86380E+01   1.44461E+02
  4.60000E-02   1.22621E+02   2.44293E+03   9.94266E+01   5.79378E+01   1.43784E+02
  4.70000E-02   1.66237E+02   2.39909E+03   9.88470E+01   5.72498E+01   1.43089E+02
  4.80000E-02   1.91315E+02   2.37429E+03   9.82520E+01   5.65742E+01   1.42374E+02
  4.90000E-02   1.94776E+02   2.37619E+03   9.76419E+01   5.59115E+01   1.41639E+02
  5.00000E-02   1.74693E+02   2.40247E+03   9.70170E+01   5.52623E+01   1.40883E+02
  5.10000E-02   1.33113E+02   2.44179E+03   9.63776E+01   5.46271E+01   1.40105E+02
  5.20000E-02   7.78945E+01   2.47873E+03   9.57242E+01   5.40063E+01   1.39305E+02
  5.30000E-02   2.24474E+01   2.50072E+03   9.50570E+01   5.34007E+01   1.38482E+02
  5.40000E-02  -1.70020E+01   2.50371E+03   9.43766E+01   5.28108E+01   1.37635E+02
  5.50000E-02  -2.59462E+01   2.49359E+03   9.36833E+01   5.22372E+01   1.36763E+02
  5.60000E-02   3.60541E+00   2.48265E+03   9.29776E+01   5.16807E+01   1.35866E+02
  5.70000E-02   6.99547E+01   2.48269E+03   9.22600E+01   5.11419E+01   1.34944E+02
  5.80000E-02   1.61589E+02   2.49830E+03   9.15310E+01   5.06214E+01   1.33995E+02
  5.90000E-02   2.60348E+02   2.52377E+03   9.07912E+01   5.01199E+01   1.33020E+02
  6.00000E-02   3.46765E+02   2.54511E+03   9.00410E+01   4.96381E+01   1.32017E+02
  6.10000E-02   4.05604E+02   2.54620E+03   8.92811E+01   4.91764E+01   1.30987E+02
  6.20000E-02   4.29770E+02   2.51592E+03   8.85120E+01   4.87355E+01   1.29929E+02
  6.30000E-02   4.21518E+02   2.45310E+03   8.77344E+01   4.83158E+01   1.28843E+02
  6.40000E-02   3.90904E+02   2.36687E+03   8.69490E+01   4.79177E+01   1.27729E+02
  6.50000E-02   3.52255E+02   2.27279E+03   8.61563E+01   4.75415E+01   1.26587E+02
  6.60000E-02   3.19947E+02   2.18647E+03   8.53573E+01   4.71875E+01   1.25418E+02
  6.70000E-02   3.04783E+02   2.11751E+03   8.45526E+01   4.68557E+01   1.24221E+02
  6.80000E-02   3.11933E+02   2.06625E+03   8.37429E+01   4.65461E+01   1.22998E+02
  6.90000E-02   3.40761E+02   2.02440E+03   8.29292E+01   4.62587E+01   1.21750E+02
  7.00000E-02   3.86265E+02   1.97914E+03   8.21123E+01   4.59931E+01   1.20476E+02
  7.10000E-02   4.41330E+02   1.91876E+03   8.12930E+01   4.57490E+01   1.19178E+02
  7.20000E-02   4.98899E+02   1.83740E+03   8.04724E+01   4.55257E+01   1.17857E+02
  7.30000E-02   5.53381E+02   1.73703E+03   7.96513E+01   4.53227E+01   1.16514E+02
  7.40000E-02   6.01064E+02   1.62592E+03   7.88308E+01   4.51392E+01   1.15152E+02
  7.50000E-02   6.39751E+02   1.51455E+03   7.80119E+01   4.49742E+01   1.13770E+02
  7.60000E-02   6.68093E+02   1.41079E+03   7.71956E+01   4.48267E+01   1.12371E+02
  7.70000E-02   6.85150E+02   1.31684E+03   7.63830E+01   4.46955E+01   1.10957E+02
  7.80000E-02   6.90373E+02   1.22907E+03   7.55752E+01   4.45794E+01   1.09529E+02
  7.90000E-02   6.84197E+02   1.14061E+03   7.47733E+01   4.44770E+01   1.08090E+02
  8.00000E-02   6.67893E+02   1.04534E+03   7.39784E+01   4.43868E+01   1.06641E+02
  8.10000E-02   6.46017E+02   9.41624E+02   7.31916E+01   4.43075E+01   1.05184E+02
  8.20000E-02   6.17708E+02   8.33039E+02   7.24139E+01   4.42373E+01   1.03722E+02
  8.30000E-02   6.13111E+02   7.30786E+02   7.16465E+01   4.41747E+01   1.02257E+02
  8.40000E-02   4.83887E+02   6.28564E+02   7.08905E+01   4.41179E+01   1.00792E+02
  8.50000E-02   4.10164E+02   5.44572E+02   7.01468E+01   4.40652E+01   9.93272E+01
  8.60000E-02   4.11208E+02   5.07832E+02   6.94164E+01   4.40150E+01   9.78667E+01
  8.70000E-02   4.10125E+02   4.81960E+02   6.87003E+01   4.39655E+01   9.64125E+01
  8.80000E-02   4.09674E+02   4.63424E+02   6.79994E+01   4.39150E+01   9.49668E+01
  8.90000E-02   4.08571E+02   4.46491E+02   6.73146E+01   4.38617E+01   9.35320E+01
  9.00000E-02   4.05268E+02   4.26897E+02   6.66465E+01   4.38040E+01   9.21103E+01
  9.10000E-02   3.98280E+02   4.03279E+02   6.59960E+01   4.37403E+01   9.07040E+01
  9.20000E-02   3.86298E+02   3.77128E+02   6.53637E+01   4.36689E+01   8.93151E+01
  9.30000E-02   3.68349E+02   3.51556E+02   6.47502E+01   4.35884E+01   8.79458E+01
  9.40000E-02   3.43990E+02   3.29536E+02   6.41560E+01   4.34971E+01   8.65979E+01
  9.50000E-02   3.13457E+02   3.12404E+02   6.35817E+01   4.33938E+01   8.52734E+01
  9.60000E-02   2.77754E+02   2.99229E+02   6.30277E+01   4.32769E+01   8.39740E+01
  9.70000E-02   2.38652E+02   2.87267E+02   6.24943E+01   4.31452E+01   8.27013E+01
  9.80000E-02   1.98528E+02   2.73182E+02   6.19820E+01   4.29974E+01   8.14568E+01
  9.90000E-02   1.60116E+02   2.54616E+02   6.14909E+01   4.28325E+01   8.02419E+01
  1.00000E-01   1.26139E+02   2.30949E+02   6.10213E+01   4.26492E+01   7.90577E+01
  1.01000E-01   9.92862E+01   2.04801E+02   6.05734E+01   4.24466E+01   7.79053E+01
  1.02000E-01   6.75379E+01   1.65933E+02   6.01473E+01   4.22237E+01   7.67856E+01
  1.03000E-01   4.43541E+01   1.36284E+02   5.97432E+01   4.19796E+01   7.56992E+01
  1.04000E-01   6.46997E+01   1.28555E+02   5.93611E+01   4.17138E+01   7.46467E+01
  1.05000E-01   9.86231E+01   1.23315E+02   5.90011E+01   4.14253E+01   7.36285E+01
  1.06000E-01   1.34475E+02   1.17721E+02   5.86631E+01   4.11138E+01   7.26446E+01
  1.07000E-01   1.63293E+02   1.10885E+02   5.83471E+01   4.07788E+01   7.16952E+01
  1.08000E-01   1.77615E+02   1.02465E+02   5.80529E+01   4.04200E+01   7.07798E+01
  1.09000E-01   1.72540E+02   9.26948E+01   5.77806E+01   4.00371E+01   6.98979E+01
  1.10000E-01   1.46910E+02   8.21147E+01   5.75298E+01   3.96302E+01   6.90486E+01
  1.11000E-01   0.00000E+00   0.00000E+00   5.73005E+01   3.91992E+01   6.82308E+01
  1.12000E-01   0.00000E+00   0.00000E+00   5.70925E+01   3.87443E+01   6.74429E+01
  1.13000E-01   0.00000E+00   0.00000E+00   5.69054E+01   3.82659E+01   6.66832E+01
  1.14000E-01   0.00000E+00   0.00000E+00   5.67390E+01   3.77642E+01   6.59495E+01
  1.15000E-01   0.00000E+00   0.00000E+00   5.65931E+01   3.72397E+01   6.52397E+01
  1.16000E-01   0.00000E+00   0.00000E+00   5.64672E+01   3.66931E+01   6.45514E+01
  1.17000E-01   0.00000E+00   0.00000E+00   5.63610E+01   3.61250E+01   6.38819E+01
  1.18000E-01   0.00000E+00   0.00000E+00   5.62741E+01   3.55361E+01   6.32286E+01
  1.19000E-01   0.00000E+00   0.00000E+00   5.62061E+01   3.49273E+01   6.25889E+01
  1.20000E-01   0.00000E+00   0.00000E+00   5.61566E+01   3.42992E+01   6.19602E+01
  1.21000E-01   0.00000E+00   0.00000E+00   5.61250E+01   3.36530E+01   6.13399E+01
  1.22000E-01   0.00000E+00   0.00000E+00   5.61108E+01   3.29894E+01   6.07255E+01
  1.23000E-01   0.00000E+00   0.00000E+00   5.61136E+01   3.23096E+01   6.01146E+01
  1.24000E-01   0.00000E+00   0.00000E+00   5.61327E+01   3.16144E+01   5.95049E+01
  1.25000E-01   0.00000E+00   0.00000E+00   5.61676E+01   3.09049E+01   5.88942E+01
  1.26000E-01   0.00000E+00   0.00000E+00   5.62176E+01   3.01822E+01   5.82807E+01
  1.27000E-01   0.00000E+00   0.00000E+00   5.62822E+01   2.94471E+01   5.76625E+01
  1.28000E-01   0.00000E+00   0.00000E+00   5.63607E+01   2.87008E+01   5.70379E+01
  1.29000E-01   0.00000E+00   0.00000E+00   5.64524E+01   2.79443E+01   5.64055E+01
  1.30000E-01   0.00000E+00   0.00000E+00   5.65567E+01   2.71784E+01   5.57641E+01
  1.31000E-01   0.00000E+00   0.00000E+00   5.66730E+01   2.64043E+01   5.51125E+01
  1.32000E-01   0.00000E+00   0.00000E+00   5.68006E+01   2.56227E+01   5.44499E+01
  1.33000E-01   0.00000E+00   0.00000E+00   5.69388E+01   2.48345E+01   5.37758E+01
  1.34000E-01   0.00000E+00   0.00000E+00   5.70869E+01   2.40407E+01   5.30895E+01
  1.35000E-01   0.00000E+00   0.00000E+00   5.72444E+01   2.32421E+01   5.23911E+01
  1.36000E-01   0.00000E+00   0.00000E+00   5.74107E+01   2.24393E+01   5.16804E+01
  1.37000E-01   0.00000E+00   0.00000E+00   5.75849E+01   2.16331E+01   5.09576E+01
  1.38000E-01   0.00000E+00   0.00000E+00   5.77667E+01   2.08242E+01   5.02232E+01
  1.39000E-01   0.00000E+00   0.00000E+00   5.79553E+01   2.00132E+01   4.94777E+01
  1.40000E-01   0.00000E+00   0.00000E+00   5.81502E+01   1.92008E+01   4.87218E+01
  1.41000E-01   0.00000E+00   0.00000E+00   5.83508E+01   1.83874E+01   4.79564E+01
  1.42000E-01   0.00000E+00   0.00000E+00   5.85566E+01   1.75736E+01   4.71824E+01
  1.43000E-01   0.00000E+00   0.00000E+00   5.87671E+01   1.67598E+01   4.64011E+01
  1.44000E-01   0.00000E+00   0.00000E+00   5.89819E+01   1.59465E+01   4.56135E+01
  1.45000E-01   0.00000E+00   0.00000E+00   5.92004E+01   1.51340E+01   4.48210E+01
  1.46000E-01   0.00000E+00   0.00000E+00   5.94222E+01   1.43226E+01   4.40248E+01
  1.47000E-01   0.00000E+00   0.00000E+00   5.96471E+01   1.35128E+01   4.32264E+01
  1.48000E-01   0.00000E+00   0.00000E+00   5.98745E+01   1.27048E+01   4.24271E+01
  1.49000E-01   0.00000E+00   0.00000E+00   6.01042E+01   1.18989E+01   4.16283E+01
  1.50000E-01   0.00000E+00   0.00000E+00   6.03359E+01   1.10954E+01   4.08312E+01
  1.51000E-01   0.00000E+00   0.00000E+00   6.05694E+01   1.02943E+01   4.00374E+01
  1.52000E-01   0.00000E+00   0.00000E+00   6.08043E+01   9.49608E+00   3.92479E+01
  1.53000E-01   0.00000E+00   0.00000E+00   6.10406E+01   8.70080E+00   3.84641E+01
  1.54000E-01   0.00000E+00   0.00000E+00   6.12781E+01   7.90866E+00   3.76871E+01
  1.55000E-01   0.00000E+00   0.00000E+00   6.15166E+01   7.11983E+00   3.69179E+01
  1.56000E-01   0.00000E+00   0.00000E+00   6.17560E+01   6.33448E+00   3.61576E+01
  1.57000E-01   0.00000E+00   0.00000E+00   6.19964E+01   5.55277E+00   3.54071E+01
  1.58000E-01   0.00000E+00   0.00000E+00   6.22376E+01   4.77483E+00   3.46672E+01
  1.59000E-01   0.00000E+00   0.00000E+00   6.24796E+01   4.00080E+00   3.39386E+01
  1.60000E-01   0.00000E+00   0.00000E+00   6.27225E+01   3.23082E+00   3.32220E+01
  1.61000E-01   0.00000E+00   0.00000E+00   6.29663E+01   2.46503E+00   3.25180E+01
  1.62000E-01   0.00000E+00   0.00000E+00   6.32111E+01   1.70354E+00   3.18269E+01
  1.63000E-01   0.00000E+00   0.00000E+00   6.34570E+01   9.46481E-01   3.11493E+01
  1.64000E-01   0.00000E+00   0.00000E+00   6.37039E+01   1.93979E-01   3.04854E+01
  1.65000E-01   0.00000E+00   0.00000E+00   6.39522E+01  -5.53846E-01   2.98355E+01
  1.66000E-01   0.00000E+00   0.00000E+00   6.42019E+01  -1.29687E+00   2.91996E+01
  1.67000E-01   0.00000E+00   0.00000E+00   6.44532E+01  -2.03498E+00   2.85779E+01
  1.68000E-01   0.00000E+00   0.00000E+00   6.47062E+01  -2.76804E+00   2.79703E+01
  1.69000E-01   0.00000E+00   0.00000E+00   6.49612E+01  -3.49593E+00   2.73770E+01
  1.70000E-01   0.00000E+00   0.00000E+00   6.52184E+01  -4.21854E+00   2.67977E+01
  1.71000E-01   0.00000E+00   0.00000E+00   6.54779E+01  -4.93573E+00   2.62323E+01
  1.72000E-01   0.00000E+00   0.00000E+00   6.57399E+01  -5.64739E+00   2.56808E+01
  1.73000E-01   0.00000E+00   0.00000E+00   6.60048E+01  -6.35340E+00   2.51428E+01
  1.74000E-01   0.00000E+00   0.00000E+00   6.62728E+01  -7.05362E+00   2.46182E+01
  1.75000E-01   0.00000E+00   0.00000E+00   6.65440E+01  -7.74794E+00   2.41067E+01
  1.76000E-01   0.00000E+00   0.00000E+00   6.68187E+01  -8.43623E+00   2.36080E+01
  1.77000E-01   0.00000E+00   0.00000E+00   6.70971E+01  -9.11836E+00   2.31220E+01
  1.78000E-01   0.00000E+00   0.00000E+00   6.73796E+01  -9.79420E+00   2.26482E+01
  1.79000E-01   0.00000E+00   0.00000E+00   6.76662E+01  -1.04636E+01   2.21866E+01
  1.80000E-01   0.00000E+00   0.00000E+00   6.79574E+01  -1.11265E+01   2.17367E+01
  1.81000E-01   0.00000E+00   0.00000E+00   6.82532E+01  -1.17827E+01   2.12984E+01
  1.82000E-01   0.00000E+00   0.00000E+00   6.85539E+01  -1.24321E+01   2.08716E+01
  1.83000E-01   0.00000E+00   0.00000E+00   6.88597E+01  -1.30745E+01   2.04559E+01
  1.84000E-01   0.00000E+00   0.00000E+00   6.91709E+01  -1.37099E+01   2.00512E+01
  1.85000E-01   0.00000E+00   0.00000E+00   6.94876E+01  -1.43380E+01   1.96574E+01
  1.86000E-01   0.00000E+00   0.00000E+00   6.98100E+01  -1.49586E+01   1.92744E+01
  1.87000E-01   0.00000E+00   0.00000E+00   7.01382E+01  -1.55718E+01   1.89021E+01
  1.88000E-01   0.00000E+00   0.00000E+00   7.04726E+01  -1.61772E+01   1.85403E+01
  1.89000E-01   0.00000E+00   0.00000E+00   7.08132E+01  -1.67748E+01   1.81892E+01
  1.90000E-01   0.00000E+00   0.00000E+00   7.11602E+01  -1.73643E+01   1.78486E+01
  1.91000E-01   0.00000E+00   0.00000E+00   7.15137E+01  -1.79457E+01   1.75187E+01
  1.92000E-01   0.00000E+00   0.00000E+00   7.18740E+01  -1.85186E+01   1.71994E+01
  1.93000E-01   0.00000E+00   0.00000E+00   7.22409E+01  -1.90829E+01   1.68908E+01
  1.94000E-01   0.00000E+00   0.00000E+00   7.26149E+01  -1.96385E+01   1.65932E+01
  1.95000E-01   0.00000E+00   0.00000E+00   7.29958E+01  -2.01850E+01   1.63065E+01
  1.96000E-01   0.00000E+00   0.00000E+00   7.33838E+01  -2.07223E+01   1.60309E+01
  1.97000E-01   0.00000E+00   0.00000E+00   7.37790E+01  -2.12502E+01   1.57667E+01
  1.98000E-01   0.00000E+00   0.00000E+00   7.41815E+01  -2.17684E+01   1.55140E+01
  1.99000E-01   0.00000E+00   0.00000E+00   7.45913E+01  -2.22767E+01   1.52730E+01
  2.00000E-01   0.00000E+00   0.00000E+00   7.50084E+01  -2.27749E+01   1.50440E+01
  2.01000E-01   0.00000E+00   0.00000E+00   7.54329E+01  -2.32626E+01   1.48271E+01
  2.02000E-01   0.00000E+00   0.00000E+00   7.58649E+01  -2.37395E+01   1.46225E+01
  2.03000E-01   0.00000E+00   0.00000E+00   7.63043E+01  -2.42055E+01   1.44306E+01
  2.04000E-01   0.00000E+00   0.00000E+00   7.67511E+01  -2.46603E+01   1.42516E+01
  2.05000E-01   0.00000E+00   0.00000E+00   7.72053E+01  -2.51034E+01   1.40857E+01
  2.06000E-01   0.00000E+00   0.00000E+00   7.76670E+01  -2.55347E+01   1.39330E+01
  2.07000E-01   0.00000E+00   0.00000E+00   7.81361E+01  -2.59538E+01   1.37940E+01
  2.08000E-01   0.00000E+00   0.00000E+00   7.86125E+01  -2.63604E+01   1.36687E+01
  2.09000E-01   0.00000E+00   0.00000E+00   7.90963E+01  -2.67543E+01   1.35574E+01
  2.10000E-01   0.00000E+00   0.00000E+00   7.95874E+01  -2.71350E+01   1.34604E+01
  2.11000E-01   0.00000E+00   0.00000E+00   8.00858E+01  -2.75023E+01   1.33777E+01
  2.12000E-01   0.00000E+00   0.00000E+00   8.05914E+01  -2.78559E+01   1.33098E+01
  2.13000E-01   0.00000E+00   0.00000E+00   8.11042E+01  -2.81955E+01   1.32566E+01
  2.14000E-01   0.00000E+00   0.00000E+00   8.16241E+01  -2.85207E+01   1.32185E+01
  2.15000E-01   0.00000E+00   0.00000E+00   8.21511E+01  -2.88312E+01   1.31956E+01
  2.16000E-01   0.00000E+00   0.00000E+00   8.26852E+01  -2.91268E+01   1.31880E+01
  2.17000E-01   0.00000E+00   0.00000E+00   8.32262E+01  -2.94071E+01   1.31961E+01
  2.18000E-01   0.00000E+00   0.00000E+00   8.37742E+01  -2.96718E+01   1.32198E+01
  2.19000E-01   0.00000E+00   0.00000E+00   8.43291E+01  -2.99206E+01   1.32594E+01
  2.20000E-01   0.00000E+00   0.00000E+00   8.48909E+01  -3.01532E+01   1.33150E+01
  2.21000E-01   0.00000E+00   0.00000E+00   8.54595E+01  -3.03693E+01   1.33868E+01
  2.22000E-01   0.00000E+00   0.00000E+00   8.60350E+01  -3.05687E+01   1.34748E+01
  2.23000E-01   0.00000E+00   0.00000E+00   8.66172E+01  -3.07511E+01   1.35793E+01
  2.24000E-01   0.00000E+00   0.00000E+00   8.72063E+01  -3.09161E+01   1.37003E+01
  2.25000E-01   0.00000E+00   0.00000E+00   8.78021E+01  -3.10636E+01   1.38379E+01
  2.26000E-01   0.00000E+00   0.00000E+00   8.84047E+01  -3.11932E+01   1.39924E+01
  2.27000E-01   0.00000E+00   0.00000E+00   8.90141E+01  -3.13047E+01   1.41637E+01
  2.28000E-01   0.00000E+00   0.00000E+00   8.96303E+01  -3.13978E+01   1.43520E+01
  2.29000E-01   0.00000E+00   0.00000E+00   9.02532E+01  -3.14723E+01   1.45575E+01
  2.30000E-01   0.00000E+00   0.00000E+00   9.08831E+01  -3.15279E+01   1.47803E+01
  2.31000E-01   0.00000E+00   0.00000E+00   9.15197E+01  -3.15644E+01   1.50205E+01
  2.32000E-01   0.00000E+00   0.00000E+00   9.21633E+01  -3.15815E+01   1.52782E+01
  2.33000E-01   0.00000E+00   0.00000E+00   9.28139E+01  -3.15790E+01   1.55537E+01
  2.34000E-01   0.00000E+00   0.00000E+00   9.34715E+01  -3.15567E+01   1.58471E+01
  2.35000E-01   0.00000E+00   0.00000E+00   9.41362E+01  -3.15143E+01   1.61586E+01
  2.36000E-01   0.00000E+00   0.00000E+00   9.48081E+01  -3.14516E+01   1.64884E+01
  2.37000E-01   0.00000E+00   0.00000E+00   9.54872E+01  -3.13684E+01   1.68367E+01
  2.38000E-01   0.00000E+00   0.00000E+00   9.61737E+01  -3.12644E+01   1.72037E+01
  2.39000E-01   0.00000E+00   0.00000E+00   9.68676E+01  -3.11394E+01   1.75896E+01
  2.40000E-01   0.00000E+00   0.00000E+00   9.75691E+01  -3.09932E+01   1.79947E+01
  2.41000E-01   0.00000E+00   0.00000E+00   9.82782E+01  -3.08255E+01   1.84192E+01
  2.42000E-01   0.00000E+00   0.00000E+00   9.89950E+01  -3.06361E+01   1.88633E+01
  2.43000E-01   0.00000E+00   0.00000E+00   9.97196E+01  -3.04247E+01   1.93274E+01
  2.44000E-01   0.00000E+00   0.00000E+00   1.00452E+02  -3.01912E+01   1.98118E+01
  2.45000E-01   0.00000E+00   0.00000E+00   1.01192E+02  -2.99353E+01   2.03165E+01
  2.46000E-01   0.00000E+00   0.00000E+00   1.01940E+02  -2.96567E+01   2.08420E+01
  2.47000E-01   0.00000E+00   0.00000E+00   1.02696E+02  -2.93552E+01   2.13884E+01
  2.48000E-01   0.00000E+00   0.00000E+00   1.03460E+02  -2.90307E+01   2.19560E+01
  2.49000E-01   0.00000E+00   0.00000E+00   1.04232E+02  -2.86827E+01   2.25451E+01
  2.50000E-01   0.00000E+00   0.00000E+00   1.05011E+02  -2.83113E+01   2.31558E+01
  2.51000E-01   0.00000E+00   0.00000E+00   1.05798E+02  -2.79160E+01   2.37882E+01
  2.52000E-01   0.00000E+00   0.00000E+00   1.06592E+02  -2.74968E+01   2.44427E+01
  2.53000E-01   0.00000E+00   0.00000E+00   1.07393E+02  -2.70535E+01   2.51193E+01
  2.54000E-01   0.00000E+00   0.00000E+00   1.08201E+02  -2.65859E+01   2.58181E+01
  2.55000E-01   0.00000E+00   0.00000E+00   1.09016E+02  -2.60939E+01   2.65392E+01
  2.56000E-01   0.00000E+00   0.00000E+00   1.09836E+02  -2.55774E+01   2.72825E+01
  2.57000E-01   0.00000E+00   0.00000E+00   1.10662E+02  -2.50364E+01   2.80482E+01
  2.58000E-01   0.00000E+00   0.00000E+00   1.11493E+02  -2.44707E+01   2.88361E+01
  2.59000E-01   0.00000E+00   0.00000E+00   1.12328E+02  -2.38806E+01   2.96462E+01
  2.60000E-01   0.00000E+00   0.00000E+00   1.13167E+02  -2.32658E+01   3.04784E+01
  2.61000E-01   0.00000E+00   0.00000E+00   1.14010E+02  -2.26266E+01   3.13326E+01
  2.62000E-01   0.00000E+00   0.00000E+00   1.14854E+02  -2.19631E+01   3.22084E+01
  2.63000E-01   0.00000E+00   0.00000E+00   1.15701E+02  -2.12754E+01   3.31058E+01
  2.64000E-01   0.00000E+00   0.00000E+00   1.16549E+02  -2.05637E+01   3.40245E+01
  2.65000E-01   0.00000E+00   0.00000E+00   1.17397E+02  -1.98283E+01   3.49643E+01
  2.66000E-01   0.00000E+00   0.00000E+00   1.18246E+02  -1.90696E+01   3.59248E+01
  2.67000E-01   0.00000E+00   0.00000E+00   1.19093E+02  -1.82878E+01   3.69058E+01
  2.68000E-01   0.00000E+00   0.00000E+00   1.19938E+02  -1.74835E+01   3.79068E+01
  2.69000E-01   0.00000E+00   0.00000E+00   1.20781E+02  -1.66570E+01   3.89277E+01
  2.70000E-01   0.00000E+00   0.00000E+00   1.21621E+02  -1.58089E+01   3.99678E+01
  2.71000E-01   0.00000E+00   0.00000E+00   1.22457E+02  -1.49397E+01   4.10269E+01
  2.72000E-01   0.00000E+00   0.00000E+00   1.23289E+02  -1.40501E+01   4.21045E+01
  2.73000E-01   0.00000E+00   0.00000E+00   1.24115E+02  -1.31406E+01   4.32002E+01
  2.74000E-01   0.00000E+00   0.00000E+00   1.24936E+02  -1.22121E+01   4.43135E+01
  2.75000E-01   0.00000E+00   0.00000E+00   1.25750E+02  -1.12651E+01   4.54438E+01
  2.76000E-01   0.00000E+00   0.00000E+00   1.26557E+02  -1.03005E+01   4.65906E+01
  2.77000E-01   0.00000E+00   0.00000E+00   1.27357E+02  -9.31909E+00   4.77533E+01
  2.78000E-01   0.00000E+00   0.00000E+00   1.28148E+02  -8.32159E+00   4.89314E+01
  2.79000E-01   0.00000E+00   0.00000E+00   1.28931E+02  -7.30886E+00   5.01241E+01
  2.80000E-01   0.00000E+00   0.00000E+00   1.29704E+02  -6.28174E+00   5.13308E+01
  2.81000E-01   0.00000E+00   0.00000E+00   1.30468E+02  -5.24107E+00   5.25507E+01
  2.82000E-01   0.00000E+00   0.00000E+00   1.31221E+02  -4.18772E+00   5.37832E+01
  2.83000E-01   0.00000E+00   0.00000E+00   1.31964E+02  -3.12255E+00   5.50274E+01
  2.84000E-01   0.00000E+00   0.00000E+00   1.32696E+02  -2.04639E+00   5.62825E+01
  2.85000E-01   0.00000E+00   0.00000E+00   1.33417E+02  -9.60102E-01   5.75477E+01
  2.86000E-01   0.00000E+00   0.00000E+00   1.34126E+02   1.35485E-01   5.88221E+01
  2.87000E-01   0.00000E+00   0.00000E+00   1.34823E+02   1.23955E+00   6.01048E+01
  2.88000E-01   0.00000E+00   0.00000E+00   1.35509E+02   2.35131E+00   6.13950E+01
  2.89000E-01   0.00000E+00   0.00000E+00   1.36182E+02   3.46997E+00   6.26917E+01
  2.90000E-01   0.00000E+00   0.00000E+00   1.36842E+02   4.59479E+00   6.39941E+01
  2.91000E-01   0.00000E+00   0.00000E+00   1.37490E+02   5.72505E+00   6.53013E+01
  2.92000E-01   0.00000E+00   0.00000E+00   1.38125E+02   6.86006E+00   6.66122E+01
  2.93000E-01   0.00000E+00   0.00000E+00   1.38747E+02   7.99916E+00   6.79262E+01
  2.94000E-01   0.00000E+00   0.00000E+00   1.39356E+02   9.14172E+00   6.92421E+01
  2.95000E-01   0.00000E+00   0.00000E+00   1.39953E+02   1.02872E+01   7.05591E+01
  2.96000E-01   0.00000E+00   0.00000E+00   1.40537E+02   1.14349E+01   7.18763E+01
  2.97000E-01   0.00000E+00   0.00000E+00   1.41107E+02   1.25845E+01   7.31929E+01
  2.98000E-01   0.00000E+00   0.00000E+00   1.41666E+02   1.37354E+01   7.45079E+01
  2.99000E-01   0.00000E+00   0.00000E+00   1.42211E+02   1.48872E+01   7.58206E+01
  3.00000E-01   0.00000E+00   0.00000E+00   1.42745E+02   1.60395E+01   7.71301E+01
  3.01000E-01   0.00000E+00   0.00000E+00   1.43266E+02   1.71918E+01   7.84356E+01
  3.02000E-01   0.00000E+00   0.00000E+00   1.43775E+02   1.83438E+01   7.97364E+01
  3.03000E-01   0.00000E+00   0.00000E+00   1.44273E+02   1.94952E+01   8.10318E+01
  3.04000E-01   0.00000E+00   0.00000E+00   1.44758E+02   2.06456E+01   8.23213E+01
  3.05000E-01   0.00000E+00   0.00000E+00   1.45233E+02   2.17948E+01   8.36041E+01
  3.06000E-01   0.00000E+00   0.00000E+00   1.45696E+02   2.29425E+01   8.48798E+01
  3.07000E-01   0.00000E+00   0.00000E+00   1.46149E+02   2.40883E+01   8.61478E+01
  3.08000E-01   0.00000E+00   0.00000E+00   1.46591E+02   2.52321E+01   8.74077E+01
  3.09000E-01   0.00000E+00   0.00000E+00   1.47023E+02   2.63737E+01   8.86591E+01
  3.10000E-01   0.00000E+00   0.00000E+00   1.47445E+02   2.75127E+01   8.99016E+01
  3.11000E-01   0.00000E+00   0.00000E+00   1.47857E+02   2.86489E+01   9.11350E+01
  3.12000E-01   0.00000E+00   0.00000E+00   1.48260E+02   2.97822E+01   9.23588E+01
  3.13000E-01   0.00000E+00   0.00000E+00   1.48653E+02   3.09124E+01   9.35729E+01
  3.14000E-01   0.00000E+00   0.00000E+00   1.49037E+02   3.20391E+01   9.47770E+01
  3.15000E-01   0.00000E+00   0.00000E+00   1.49413E+02   3.31623E+01   9.59710E+01
  3.16000E-01   0.00000E+00   0.00000E+00   1.49779E+02   3.42817E+01   9.71547E+01
  3.17000E-01   0.00000E+00   0.00000E+00   1.50137E+02   3.53972E+01   9.83280E+01
  3.18000E-01   0.00000E+00   0.00000E+00   1.50486E+02   3.65085E+01   9.94908E+01
  3.19000E-01   0.00000E+00   0.00000E+00   1.50827E+02   3.76155E+01   1.00643E+02
  3.20000E-01   0.00000E+00   0.00000E+00   1.51160E+02   3.87180E+01   1.01785E+02
  3.21000E-01   0.00000E+00   0.00000E+00   1.51485E+02   3.98158E+01   1.02916E+02
  3.22000E-01   0.00000E+00   0.00000E+00   1.51801E+02   4.09087E+01   1.04036E+02
  3.23000E-01   0.00000E+00   0.00000E+00   1.52110E+02   4.19967E+01   1.05146E+02
  3.24000E-01   0.00000E+00   0.00000E+00   1.52410E+02   4.30795E+01   1.06245E+02
  3.25000E-01   0.00000E+00   0.00000E+00   1.52703E+02   4.41571E+01   1.07334E+02
  3.26000E-01   0.00000E+00   0.00000E+00   1.52987E+02   4.52292E+01   1.08412E+02
  3.27000E-01   0.00000E+00   0.00000E+00   1.53264E+02   4.62958E+01   1.09480E+02
  3.28000E-01   0.00000E+00   0.00000E+00   1.53533E+02   4.73567E+01   1.10537E+02
  3.29000E-01   0.00000E+00   0.00000E+00   1.53793E+02   4.84120E+01   1.11584E+02
  3.30000E-01   0.00000E+00   0.00000E+00   1.54045E+02   4.94614E+01   1.12622E+02
  3.31000E-01   0.00000E+00   0.00000E+00   1.54289E+02   5.05049E+01   1.13649E+02
  3.32000E-01   0.00000E+00   0.00000E+00   1.54524E+02   5.15425E+01   1.14666E+02
  3.33000E-01   0.00000E+00   0.00000E+00   1.54751E+02   5.25741E+01   1.15674E+02
  3.34000E-01   0.00000E+00   0.00000E+00   1.54969E+02   5.35996E+01   1.16672E+02
  3.35000E-01   0.00000E+00   0.00000E+00   1.55179E+02   5.46191E+01   1.17660E+02
  3.36000E-01   0.00000E+00   0.00000E+00   1.55379E+02   5.56325E+01   1.18639E+02
  3.37000E-01   0.00000E+00   0.00000E+00   1.55570E+02   5.66398E+01   1.19609E+02
  3.38000E-01   0.00000E+00   0.00000E+00   1.55751E+02   5.76411E+01   1.20570E+02
  3.39000E-01   0.00000E+00   0.00000E+00   1.55923E+02   5.86363E+01   1.21522E+02
  3.40000E-01   0.00000E+00   0.00000E+00   1.56084E+02   5.96255E+01   1.22465E+02
  3.41000E-01   0.00000E+00   0.00000E+00   1.56236E+02   6.06088E+01   1.23399E+02
  3.42000E-01   0.00000E+00   0.00000E+00   1.56377E+02   6.15860E+01   1.24325E+02
  3.43000E-01   0.00000E+00   0.00000E+00   1.56508E+02   6.25574E+01   1.25243E+02
  3.44000E-01   0.00000E+00   0.00000E+00   1.56627E+02   6.35230E+01   1.26152E+02
  3.45000E-01   0.00000E+00   0.00000E+00   1.56735E+02   6.44828E+01   1.27053E+02
  3.46000E-01   0.00000E+00   0.00000E+00   1.56833E+02   6.54369E+01   1.27946E+02
  3.47000E-01   0.00000E+00   0.00000E+00   1.56918E+02   6.63853E+01   1.28832E+02
  3.48000E-01   0.00000E+00   0.00000E+00   1.56992E+02   6.73282E+01   1.29711E+02
  3.49000E-01   0.00000E+00   0.00000E+00   1.57054E+02   6.82655E+01   1.30582E+02
  3.50000E-01   0.00000E+00   0.00000E+00   1.57104E+02   6.91974E+01   1.31446E+02
  3.51000E-01   0.00000E+00   0.00000E+00   1.57141E+02   7.01238E+01   1.32303E+02
  3.52000E-01   0.00000E+00   0.00000E+00   1.57167E+02   7.10448E+01   1.33154E+02
  3.53000E-01   0.00000E+00   0.00000E+00   1.57180E+02   7.19606E+01   1.33999E+02
  3.54000E-01   0.00000E+00   0.00000E+00   1.57180E+02   7.28710E+01   1.34838E+02
  3.55000E-01   0.00000E+00   0.00000E+00   1.57169E+02   7.37761E+01   1.35672E+02
  3.56000E-01   0.00000E+00   0.00000E+00   1.57144E+02   7.46760E+01   1.36500E+02
  3.57000E-01   0.00000E+00   0.00000E+00   1.57108E+02   7.55706E+01   1.37324E+02
  3.58000E-01   0.00000E+00   0.00000E+00   1.57059E+02   7.64599E+01   1.38143E+02
  3.59000E-01   0.00000E+00   0.00000E+00   1.56999E+02   7.73439E+01   1.38958E+02
  3.60000E-01   0.00000E+00   0.00000E+00   1.56926E+02   7.82227E+01   1.39769E+02
  3.61000E-01   0.00000E+00   0.00000E+00   1.56841E+02   7.90960E+01   1.40577E+02
  3.62000E-01   0.00000E+00   0.00000E+00   1.56745E+02   7.99640E+01   1.41382E+02
  3.63000E-01   0.00000E+00   0.00000E+00   1.56637E+02   8.08265E+01   1.42184E+02
  3.64000E-01   0.00000E+00   0.00000E+00   1.56518E+02   8.16836E+01   1.42984E+02
  3.65000E-01   0.00000E+00   0.00000E+00   1.56388E+02   8.25351E+01   1.43781E+02
  3.66000E-01   0.00000E+00   0.00000E+00   1.56247E+02   8.33809E+01   1.44577E+02
  3.67000E-01   0.00000E+00   0.00000E+00   1.56096E+02   8.42210E+01   1.45372E+02
  3.68000E-01   0.00000E+00   0.00000E+00   1.55935E+02   8.50553E+01   1.46165E+02
  3.69000E-01   0.00000E+00   0.00000E+00   1.55763E+02   8.58837E+01   1.46956E+02
  3.70000E-01   0.00000E+00   0.00000E+00   1.55582E+02   8.67060E+01   1.47747E+02
  3.71000E-01   0.00000E+00   0.00000E+00   1.55392E+02   8.75222E+01   1.48536E+02
  3.72000E-01   0.00000E+00   0.00000E+00   1.55192E+02   8.83321E+01   1.49325E+02
  3.73000E-01   0.00000E+00   0.00000E+00   1.54984E+02   8.91355E+01   1.50112E+02
  3.74000E-01   0.00000E+00   0.00000E+00   1.54767E+02   8.99323E+01   1.50899E+02
  3.75000E-01   0.00000E+00   0.00000E+00   1.54541E+02   9.07224E+01   1.51683E+02
  3.76000E-01   0.00000E+00   0.00000E+00   1.54308E+02   9.15055E+01   1.52467E+02
  3.77000E-01   0.00000E+00   0.00000E+00   1.54066E+02   9.22814E+01   1.53248E+02
  3.78000E-01   0.00000E+00   0.00000E+00   1.53817E+02   9.30500E+01   1.54027E+02
  3.79000E-01   0.00000E+00   0.00000E+00   1.53560E+02   9.38111E+01   1.54803E+02
  3.80000E-01   0.00000E+00   0.00000E+00   1.53296E+02   9.45644E+01   1.55575E+02
  3.81000E-01   0.00000E+00   0.00000E+00   1.53024E+02   9.53097E+01   1.56344E+02
  3.82000E-01   0.00000E+00   0.00000E+00   1.52746E+02   9.60469E+01   1.57108E+02
  3.83000E-01   0.00000E+00   0.00000E+00   1.52461E+02   9.67756E+01   1.57866E+02
  3.84000E-01   0.00000E+00   0.00000E+00   1.52170E+02   9.74956E+01   1.58619E+02
  3.85000E-01   0.00000E+00   0.00000E+00   1.51873E+02   9.82068E+01   1.59364E+02
  3.86000E-01   0.00000E+00   0.00000E+00   1.51569E+02   9.89087E+01   1.60101E+02
  3.87000E-01   0.00000E+00   0.00000E+00   1.51259E+02   9.96012E+01   1.60829E+02
  3.88000E-01   0.00000E+00   0.00000E+00   1.50944E+02   1.00284E+02   1.61547E+02
  3.89000E-01   0.00000E+00   0.00000E+00   1.50623E+02   1.00957E+02   1.62254E+02
  3.90000E-01   0.00000E+00   0.00000E+00   1.50297E+02   1.01619E+02   1.62949E+02
  3.91000E-01   0.00000E+00   0.00000E+00   1.49965E+02   1.02271E+02   1.63631E+02
  3.92000E-01   0.00000E+00   0.00000E+00   1.49629E+02   1.02912E+02   1.64298E+02
  3.93000E-01   0.00000E+00   0.00000E+00   1.49288E+02   1.03541E+02   1.64951E+02
  3.94000E-01   0.00000E+00   0.00000E+00   1.48943E+02   1.04159E+02   1.65587E+02
  3.95000E-01   0.00000E+00   0.00000E+00   1.48593E+02   1.04764E+02   1.66206E+02
  3.96000E-01   0.00000E+00   0.00000E+00   1.48240E+02   1.05357E+02   1.66806E+02
  3.97000E-01   0.00000E+00   0.00000E+00   1.47883E+02   1.05937E+02   1.67388E+02
  3.98000E-01   0.00000E+00   0.00000E+00   1.47522E+02   1.06504E+02   1.67950E+02
  3.99000E-01   0.00000E+00   0.00000E+00   1.47158E+02   1.07056E+02   1.68491E+02
  4.00000E-01   0.00000E+00   0.00000E+00   1.46792E+02   1.07595E+02   1.69011E+02
  4.01000E-01   0.00000E+00   0.00000E+00   1.46423E+02   1.08119E+02   1.69509E+02
  4.02000E-01   0.00000E+00   0.00000E+00   1.46052E+02   1.08627E+02   1.69984E+02
  4.03000E-01   0.00000E+00   0.00000E+00   1.45679E+02   1.09120E+02   1.70437E+02
  4.04000E-01   0.00000E+00   0.00000E+00   1.45305E+02   1.09597E+02   1.70867E+02
  4.05000E-01   0.00000E+00   0.00000E+00   1.44929E+02   1.10057E+02   1.71273E+02
  4.06000E-01   0.00000E+00   0.00000E+00   1.44552E+02   1.10500E+02   1.71656E+02
  4.07000E-01   0.00000E+00   0.00000E+00   1.44174E+02   1.10925E+02   1.72014E+02
  4.08000E-01   0.00000E+00   0.00000E+00   1.43797E+02   1.11333E+02   1.72349E+02
  4.09000E-01   0.00000E+00   0.00000E+00   1.43419E+02   1.11722E+02   1.72660E+02
  4.10000E-01   0.00000E+00   0.00000E+00   1.43041E+02   1.12092E+02   1.72947E+02
  4.11000E-01   0.00000E+00   0.00000E+00   1.42663E+02   1.12444E+02   1.73210E+02
  4.12000E-01   0.00000E+00   0.00000E+00   1.42287E+02   1.12776E+02   1.73449E+02
  4.13000E-01   0.00000E+00   0.00000E+00   1.41911E+02   1.13088E+02   1.73665E+02
  4.14000E-01   0.00000E+00   0.00000E+00   1.41537E+02   1.13379E+02   1.73857E+02
  4.15000E-01   0.00000E+00   0.00000E+00   1.41164E+02   1.13651E+02   1.74026E+02
  4.16000E-01   0.00000E+00   0.00000E+00   1.40793E+02   1.13901E+02   1.74172E+02
  4.17000E-01   0.00000E+00   0.00000E+00   1.40424E+02   1.14131E+02   1.74295E+02
  4.18000E-01   0.00000E+00   0.00000E+00   1.40058E+02   1.14339E+02   1.74396E+02
  4.19000E-01   0.00000E+00   0.00000E+00   1.39694E+02   1.14526E+02   1.74473E+02
  4.20000E-01   0.00000E+00   0.00000E+00   1.39332E+02   1.14692E+02   1.74529E+02
  4.21000E-01   0.00000E+00   0.00000E+00   1.38974E+02   1.14835E+02   1.74562E+02
  4.22000E-01   0.00000E+00   0.00000E+00   1.38619E+02   1.14957E+02   1.74573E+02
  4.23000E-01   0.00000E+00   0.00000E+00   1.38266E+02   1.15057E+02   1.74563E+02
  4.24000E-01   0.00000E+00   0.00000E+00   1.37918E+02   1.15135E+02   1.74531E+02
  4.25000E-01   0.00000E+00   0.00000E+00   1.37572E+02   1.15192E+02   1.74477E+02
  4.26000E-01   0.00000E+00   0.00000E+00   1.37231E+02   1.15226E+02   1.74401E+02
  4.27000E-01   0.00000E+00   0.00000E+00   1.36893E+02   1.15239E+02   1.74305E+02
  4.28000E-01   0.00000E+00   0.00000E+00   1.36559E+02   1.15230E+02   1.74187E+02
  4.29000E-01   0.00000E+00   0.00000E+00   1.36228E+02   1.15199E+02   1.74048E+02
  4.30000E-01   0.00000E+00   0.00000E+00   1.35901E+02   1.15148E+02   1.73889E+02
  4.31000E-01   0.00000E+00   0.00000E+00   1.35578E+02   1.15075E+02   1.73708E+02
  4.32000E-01   0.00000E+00   0.00000E+00   1.35259E+02   1.14982E+02   1.73507E+02
  4.33000E-01   0.00000E+00   0.00000E+00   1.34944E+02   1.14868E+02   1.73285E+02
  4.34000E-01   0.00000E+00   0.00000E+00   1.34632E+02   1.14735E+02   1.73043E+02
  4.35000E-01   0.00000E+00   0.00000E+00   1.34323E+02   1.14582E+02   1.72781E+02
  4.36000E-01   0.00000E+00   0.00000E+00   1.34018E+02   1.14410E+02   1.72499E+02
  4.37000E-01   0.00000E+00   0.00000E+00   1.33715E+02   1.14219E+02   1.72197E+02
  4.38000E-01   0.00000E+00   0.00000E+00   1.33416E+02   1.14011E+02   1.71876E+02
  4.39000E-01   0.00000E+00   0.00000E+00   1.33119E+02   1.13785E+02   1.71535E+02
  4.40000E-01   0.00000E+00   0.00000E+00   1.32825E+02   1.13542E+02   1.71176E+02
  4.41000E-01   0.00000E+00   0.00000E+00   1.32533E+02   1.13283E+02   1.70797E+02
  4.42000E-01   0.00000E+00   0.00000E+00   1.32244E+02   1.13008E+02   1.70401E+02
  4.43000E-01   0.00000E+00   0.00000E+00   1.31956E+02   1.12719E+02   1.69986E+02
  4.44000E-01   0.00000E+00   0.00000E+00   1.31669E+02   1.12416E+02   1.69554E+02
  4.45000E-01   0.00000E+00   0.00000E+00   1.31384E+02   1.12099E+02   1.69106E+02
  4.46000E-01   0.00000E+00   0.00000E+00   1.31101E+02   1.11769E+02   1.68640E+02
  4.47000E-01   0.00000E+00   0.00000E+00   1.30817E+02   1.11427E+02   1.68160E+02
  4.48000E-01   0.00000E+00   0.00000E+00   1.30535E+02   1.11075E+02   1.67664E+02
  4.49000E-01   0.00000E+00   0.00000E+00   1.30253E+02   1.10711E+02   1.67154E+02
  4.50000E-01   0.00000E+00   0.00000E+00   1.29970E+02   1.10338E+02   1.66630E+02
  4.51000E-01   0.00000E+00   0.00000E+00   1.29688E+02   1.09956E+02   1.66094E+02
  4.52000E-01   0.00000E+00   0.00000E+00   1.29405E+02   1.09565E+02   1.65547E+02
  4.53000E-01   0.00000E+00   0.00000E+00   1.29121E+02   1.09167E+02   1.64989E+02
  4.54000E-01   0.00000E+00   0.00000E+00   1.28835E+02   1.08761E+02   1.64422E+02
  4.55000E-01   0.00000E+00   0.00000E+00   1.28549E+02   1.08350E+02   1.63847E+02
  4.56000E-01   0.00000E+00   0.00000E+00   1.28261E+02   1.07932E+02   1.63266E+02
  4.57000E-01   0.00000E+00   0.00000E+00   1.27971E+02   1.07509E+02   1.62680E+02
  4.58000E-01   0.00000E+00   0.00000E+00   1.27679E+02   1.07081E+02   1.62090E+02
  4.59000E-01   0.00000E+00   0.00000E+00   1.27384E+02   1.06649E+02   1.61499E+02
  4.60000E-01   0.00000E+00   0.00000E+00   1.27087E+02   1.06213E+02   1.60908E+02
  4.61000E-01   0.00000E+00   0.00000E+00   1.26786E+02   1.05773E+02   1.60319E+02
  4.62000E-01   0.00000E+00   0.00000E+00   1.26483E+02   1.05330E+02   1.59734E+02
  4.63000E-01   0.00000E+00   0.00000E+00   1.26176E+02   1.04883E+02   1.59155E+02
  4.64000E-01   0.00000E+00   0.00000E+00   1.25865E+02   1.04434E+02   1.58585E+02
  4.65000E-01   0.00000E+00   0.00000E+00   1.25550E+02   1.03982E+02   1.58026E+02
  4.66000E-01   0.00000E+00   0.00000E+00   1.25231E+02   1.03526E+02   1.57480E+02
  4.67000E-01   0.00000E+00   0.00000E+00   1.24907E+02   1.03068E+02   1.56949E+02
  4.68000E-01   0.00000E+00   0.00000E+00   1.24579E+02   1.02606E+02   1.56437E+02
  4.69000E-01   0.00000E+00   0.00000E+00   1.24245E+02   1.02140E+02   1.55946E+02
  4.70000E-01   0.00000E+00   0.00000E+00   1.23907E+02   1.01670E+02   1.55478E+02
  4.71000E-01   0.00000E+00   0.00000E+00   1.23563E+02   1.01196E+02   1.55036E+02
  4.72000E-01   0.00000E+00   0.00000E+00   1.23215E+02   1.00717E+02   1.54623E+02
  4.73000E-01   0.00000E+00   0.00000E+00   1.22860E+02   1.00232E+02   1.54241E+02
  4.74000E-01   0.00000E+00   0.00000E+00   1.22501E+02   9.97413E+01   1.53893E+02
  4.75000E-01   0.00000E+00   0.00000E+00   1.22135E+02   9.92432E+01   1.53580E+02
  4.76000E-01   0.00000E+00   0.00000E+00   1.21765E+02   9.87372E+01   1.53306E+02
  4.77000E-01   0.00000E+00   0.00000E+00   1.21389E+02   9.82225E+01   1.53071E+02
  4.78000E-01   0.00000E+00   0.00000E+00   1.21007E+02   9.76983E+01   1.52877E+02
  4.79000E-01   0.00000E+00   0.00000E+00   1.20620E+02   9.71635E+01   1.52724E+02
  4.80000E-01   0.00000E+00   0.00000E+00   1.20229E+02   9.66173E+01   1.52614E+02
  4.81000E-01   0.00000E+00   0.00000E+00   1.19832E+02   9.60588E+01   1.52545E+02
  4.82000E-01   0.00000E+00   0.00000E+00   1.19431E+02   9.54872E+01   1.52517E+02
  4.83000E-01   0.00000E+00   0.00000E+00   1.19026E+02   9.49017E+01   1.52528E+02
  4.84000E-01   0.00000E+00   0.00000E+00   1.18617E+02   9.43016E+01   1.52575E+02
