 FILE: 7segsprint.11

 *** Replace this line with a message to appear on all output files.                                    


        T             RX1            RY1            RX2            RY2            RX             RY             GRF            COP
       (S)            (N)            (N)            (N)            (N)            (N)            (N)            (N)            (M)

  0.000000E+000  0.000000E+000  0.000000E+000 -3.516589E-012  2.750399E-012 -3.516589E-012  2.750399E-012  4.464425E-012 -8.549690E-018
  1.000000E-003  0.000000E+000  0.000000E+000 -3.714608E+003  2.703046E+003 -3.714608E+003  2.703046E+003  4.593993E+003  8.658551E-004
  2.000000E-003  0.000000E+000  0.000000E+000 -4.044310E+003  4.927182E+003 -4.044310E+003  4.927182E+003  6.374446E+003  1.332149E-003
  3.000000E-003  1.021954E+003  1.657509E+002 -2.428042E+003  4.133276E+003 -1.406087E+003  4.299027E+003  4.523131E+003  4.402661E-003
  4.000000E-003  1.210418E+003  2.074427E+002 -2.052301E+003  3.096112E+003 -8.418826E+002  3.303555E+003  3.409141E+003  6.341752E-003
  5.000000E-003  1.202155E+003  1.812068E+002 -1.924834E+003  2.698592E+003 -7.226781E+002  2.879799E+003  2.969091E+003  6.364585E-003
  6.000000E-003  1.261472E+003  1.686299E+002 -1.943697E+003  2.614768E+003 -6.822257E+002  2.783398E+003  2.865787E+003  6.219955E-003
  7.000000E-003  1.330603E+003  1.660876E+002 -2.011520E+003  2.650613E+003 -6.809163E+002  2.816701E+003  2.897835E+003  6.128167E-003
  8.000000E-003  1.393795E+003  1.693932E+002 -2.074458E+003  2.715373E+003 -6.806637E+002  2.884767E+003  2.963981E+003  6.139634E-003
  9.000000E-003  1.445916E+003  1.760888E+002 -2.118859E+003  2.776973E+003 -6.729431E+002  2.953062E+003  3.028767E+003  6.236227E-003
  1.000000E-002  1.486770E+003  1.844700E+002 -2.147009E+003  2.827952E+003 -6.602385E+002  3.012423E+003  3.083927E+003  6.381984E-003
  1.100000E-002  1.519082E+003  1.934574E+002 -2.164007E+003  2.869098E+003 -6.449249E+002  3.062555E+003  3.129724E+003  6.549042E-003
  1.200000E-002  1.546044E+003  2.024973E+002 -2.173695E+003  2.902893E+003 -6.276504E+002  3.105390E+003  3.168184E+003  6.722059E-003
  1.300000E-002  1.570004E+003  2.113668E+002 -2.178298E+003  2.931410E+003 -6.082937E+002  3.142776E+003  3.201104E+003  6.894377E-003
  1.400000E-002  1.592282E+003  2.200008E+002 -2.178959E+003  2.955960E+003 -5.866766E+002  3.175960E+003  3.229692E+003  7.063736E-003
  1.500000E-002  1.613470E+003  2.283937E+002 -2.176235E+003  2.977273E+003 -5.627646E+002  3.205666E+003  3.254689E+003  7.229688E-003
  1.600000E-002  1.633760E+003  2.365564E+002 -2.170409E+003  2.995737E+003 -5.366491E+002  3.232294E+003  3.276540E+003  7.392406E-003
  1.700000E-002  1.653158E+003  2.445014E+002 -2.161643E+003  3.011565E+003 -5.084855E+002  3.256066E+003  3.295531E+003  7.552226E-003
  1.800000E-002  1.671613E+003  2.522395E+002 -2.150055E+003  3.024879E+003 -4.784427E+002  3.277119E+003  3.311860E+003  7.709509E-003
  1.900000E-002  1.689055E+003  2.597796E+002 -2.135747E+003  3.035764E+003 -4.466926E+002  3.295544E+003  3.325679E+003  7.864588E-003
  2.000000E-002  1.705423E+003  2.671288E+002 -2.118819E+003  3.044284E+003 -4.133962E+002  3.311413E+003  3.337117E+003  8.017769E-003
  2.100000E-002  1.720665E+003  2.742930E+002 -2.099374E+003  3.050493E+003 -3.787092E+002  3.324786E+003  3.346284E+003  8.169329E-003
  2.200000E-002  1.734740E+003  2.812772E+002 -2.077521E+003  3.054439E+003 -3.427804E+002  3.335716E+003  3.353282E+003  8.319521E-003
  2.300000E-002  1.747619E+003  2.880859E+002 -2.053369E+003  3.056167E+003 -3.057510E+002  3.344253E+003  3.358201E+003  8.468589E-003
  2.400000E-002  1.759280E+003  2.947231E+002 -2.027033E+003  3.055714E+003 -2.677530E+002  3.350437E+003  3.361119E+003  8.616769E-003
  2.500000E-002  1.769719E+003  3.011926E+002 -1.998625E+003  3.053111E+003 -2.289053E+002  3.354303E+003  3.362105E+003  8.764307E-003
  2.600000E-002  1.778936E+003  3.074974E+002 -1.968255E+003  3.048379E+003 -1.893185E+002  3.355876E+003  3.361212E+003  8.911448E-003
  2.700000E-002  1.786939E+003  3.136401E+002 -1.936035E+003  3.041534E+003 -1.490956E+002  3.355174E+003  3.358485E+003  9.058447E-003
  2.800000E-002  1.793726E+003  3.196227E+002 -1.902078E+003  3.032585E+003 -1.083513E+002  3.352208E+003  3.353958E+003  9.205557E-003
  2.900000E-002  1.799311E+003  3.254466E+002 -1.866494E+003  3.021531E+003 -6.718213E+001  3.346977E+003  3.347652E+003  9.353052E-003
  3.000000E-002  1.803695E+003  3.311123E+002 -1.829391E+003  3.008362E+003 -2.569546E+001  3.339474E+003  3.339573E+003  9.501219E-003
  3.100000E-002  1.806874E+003  3.366196E+002 -1.790875E+003  2.993055E+003  1.599935E+001  3.329675E+003  3.329713E+003  9.650375E-003
  3.200000E-002  1.808845E+003  3.419674E+002 -1.751046E+003  2.975575E+003  5.779935E+001  3.317543E+003  3.318046E+003  9.800873E-003
  3.300000E-002  1.809601E+003  3.471535E+002 -1.710001E+003  2.955871E+003  9.960022E+001  3.303025E+003  3.304526E+003  9.953103E-003
  3.400000E-002  1.809128E+003  3.521745E+002 -1.667832E+003  2.933877E+003  1.412966E+002  3.286051E+003  3.289088E+003  1.010751E-002
  3.500000E-002  1.807411E+003  3.570259E+002 -1.624625E+003  2.909510E+003  1.827863E+002  3.266536E+003  3.271646E+003  1.026458E-002
  3.600000E-002  1.804428E+003  3.617019E+002 -1.580466E+003  2.882677E+003  2.239616E+002  3.244379E+003  3.252100E+003  1.042488E-002
  3.700000E-002  1.800150E+003  3.661956E+002 -1.535440E+003  2.853271E+003  2.647107E+002  3.219467E+003  3.230331E+003  1.058902E-002
  3.800000E-002  1.794546E+003  3.704987E+002 -1.489631E+003  2.821180E+003  3.049151E+002  3.191679E+003  3.206211E+003  1.075768E-002
  3.900000E-002  1.787576E+003  3.746020E+002 -1.443130E+003  2.786287E+003  3.444456E+002  3.160889E+003  3.179601E+003  1.093162E-002
  4.000000E-002  1.779194E+003  3.784958E+002 -1.396033E+003  2.748477E+003  3.831605E+002  3.126973E+003  3.150361E+003  1.111165E-002
  4.100000E-002  1.769354E+003  3.821697E+002 -1.348444E+003  2.707639E+003  4.209102E+002  3.089809E+003  3.118346E+003  1.129872E-002
  4.200000E-002  1.758006E+003  3.856135E+002 -1.300471E+003  2.663666E+003  4.575352E+002  3.049280E+003  3.083415E+003  1.149384E-002
  4.300000E-002  1.745105E+003  3.888172E+002 -1.252228E+003  2.616455E+003  4.928768E+002  3.005273E+003  3.045421E+003  1.169821E-002
  4.400000E-002  1.730612E+003  3.917711E+002 -1.203835E+003  2.565906E+003  5.267769E+002  2.957677E+003  3.004222E+003  1.191315E-002
  4.500000E-002  1.714489E+003  3.944656E+002 -1.155413E+003  2.511923E+003  5.590756E+002  2.906389E+003  2.959672E+003  1.214021E-002
  4.600000E-002  1.696700E+003  3.968917E+002 -1.107093E+003  2.454418E+003  5.896070E+002  2.851310E+003  2.911633E+003  1.238111E-002
  4.700000E-002  1.677202E+003  3.990406E+002 -1.059007E+003  2.393316E+003  6.181952E+002  2.792356E+003  2.859968E+003  1.263786E-002
  4.800000E-002  1.655956E+003  4.009043E+002 -1.011292E+003  2.328545E+003  6.446638E+002  2.729450E+003  2.804547E+003  1.291278E-002
  4.900000E-002  1.632916E+003  4.024755E+002 -9.640835E+002  2.260044E+003  6.688326E+002  2.662519E+003  2.745241E+003  1.320858E-002
  5.000000E-002  1.608031E+003  4.037469E+002 -9.175137E+002  2.187752E+003  6.905178E+002  2.591499E+003  2.681918E+003  1.352843E-002
  5.100000E-002  1.581242E+003  4.047115E+002 -8.717096E+002  2.111619E+003  7.095319E+002  2.516331E+003  2.614451E+003  1.387610E-002
  5.200000E-002  1.552471E+003  4.053626E+002 -8.267893E+002  2.031598E+003  7.256815E+002  2.436961E+003  2.542713E+003  1.425608E-002
  5.300000E-002  1.521730E+003  4.056937E+002 -7.828633E+002  1.947667E+003  7.388670E+002  2.353361E+003  2.466623E+003  1.467348E-002
  5.400000E-002  1.489962E+003  4.057129E+002 -7.401881E+002  1.860228E+003  7.497736E+002  2.265941E+003  2.386765E+003  1.513098E-002
  5.500000E-002  1.457270E+003  4.054521E+002 -6.990343E+002  1.769816E+003  7.582355E+002  2.175268E+003  2.303630E+003  1.563305E-002
  5.600000E-002  1.423554E+003  4.049328E+002 -6.595124E+002  1.676664E+003  7.640414E+002  2.081597E+003  2.217387E+003  1.618662E-002
  5.700000E-002  1.388710E+003  4.041667E+002 -6.216444E+002  1.580892E+003  7.670661E+002  1.985059E+003  2.128109E+003  1.680032E-002
  5.800000E-002  1.352601E+003  4.031615E+002 -5.853843E+002  1.482589E+003  7.672172E+002  1.885750E+003  2.035848E+003  1.748468E-002
  5.900000E-002  1.315019E+003  4.019231E+002 -5.506192E+002  1.381843E+003  7.644002E+002  1.783766E+003  1.940652E+003  1.825264E-002
  6.000000E-002  1.275702E+003  4.004572E+002 -5.171613E+002  1.278761E+003  7.585405E+002  1.679218E+003  1.842595E+003  1.912020E-002
  6.100000E-002  1.234293E+003  3.987703E+002 -4.847382E+002  1.173478E+003  7.495547E+002  1.572248E+003  1.741780E+003  2.010736E-002
  6.200000E-002  1.190342E+003  3.968711E+002 -4.529797E+002  1.066173E+003  7.373622E+002  1.463044E+003  1.638353E+003  2.123943E-002
  6.300000E-002  1.143288E+003  3.947716E+002 -4.214061E+002  9.570799E+002  7.218817E+002  1.351852E+003  1.532519E+003  2.254871E-002
  6.400000E-002  1.092457E+003  3.924881E+002 -3.894168E+002  8.465207E+002  7.030399E+002  1.239009E+003  1.424573E+003  2.407674E-002
  6.500000E-002  1.037056E+003  3.900423E+002 -3.562844E+002  7.349388E+002  6.807712E+002  1.124981E+003  1.314927E+003  2.587723E-002
  6.600000E-002  9.761843E+002  3.874630E+002 -3.211581E+002  6.229592E+002  6.550261E+002  1.010422E+003  1.204165E+003  2.801968E-002
  6.700000E-002  9.088436E+002  3.847857E+002 -2.830913E+002  5.114738E+002  6.257523E+002  8.962595E+002  1.093091E+003  3.059368E-002
  6.800000E-002  8.340838E+002  3.820511E+002 -2.411188E+002  4.017736E+002  5.929649E+002  7.838247E+002  9.828472E+002  3.371112E-002
  6.900000E-002  7.511351E+002  3.792987E+002 -1.944607E+002  2.957824E+002  5.566744E+002  6.750811E+002  8.749977E+002  3.750447E-002
  7.000000E-002  6.598623E+002  3.765500E+002 -1.429079E+002  1.963285E+002  5.169544E+002  5.728785E+002  7.716421E+002  4.210994E-002
  7.100000E-002  5.615638E+002  3.737505E+002 -8.764014E+001  1.075771E+002  4.739237E+002  4.813276E+002  6.754850E+002  4.761446E-002
  7.200000E-002  4.606228E+002  3.706457E+002 -3.299797E+001  3.580447E+001  4.276249E+002  4.064502E+002  5.899702E+002  5.391582E-002
  7.300000E-002  3.746527E+002  3.663787E+002  0.000000E+000  0.000000E+000  3.746527E+002  3.663787E+002  5.240210E+002  5.990361E-002
  7.400000E-002  3.188801E+002  3.584738E+002  0.000000E+000  0.000000E+000  3.188801E+002  3.584738E+002  4.797791E+002  6.401536E-002
  7.500000E-002  2.732007E+002  3.466442E+002  0.000000E+000  0.000000E+000  2.732007E+002  3.466442E+002  4.413625E+002  6.729050E-002
  7.600000E-002  2.381742E+002  3.308178E+002  0.000000E+000  0.000000E+000  2.381742E+002  3.308178E+002  4.076364E+002  6.953100E-002
  7.700000E-002  2.137700E+002  3.110610E+002  0.000000E+000  0.000000E+000  2.137700E+002  3.110610E+002  3.774341E+002  7.060969E-002
  7.800000E-002  1.993966E+002  2.875833E+002  0.000000E+000  0.000000E+000  1.993966E+002  2.875833E+002  3.499474E+002  7.040742E-002
  7.900000E-002  1.940150E+002  2.607035E+002  0.000000E+000  0.000000E+000  1.940150E+002  2.607035E+002  3.249740E+002  6.873107E-002
  8.000000E-002  1.962657E+002  2.308184E+002  0.000000E+000  0.000000E+000  1.962657E+002  2.308184E+002  3.029808E+002  6.526907E-002
  8.100000E-002  2.046041E+002  1.983755E+002  0.000000E+000  0.000000E+000  2.046041E+002  1.983755E+002  2.849837E+002  5.963716E-002
  8.200000E-002  2.174223E+002  1.638485E+002  0.000000E+000  0.000000E+000  2.174223E+002  1.638485E+002  2.722477E+002  5.156121E-002
  8.300000E-002  2.331504E+002  1.277148E+002  0.000000E+000  0.000000E+000  2.331504E+002  1.277148E+002  2.658386E+002  4.115879E-002
  8.400000E-002  2.503089E+002  9.043643E+001  0.000000E+000  0.000000E+000  2.503089E+002  9.043643E+001  2.661453E+002  2.911097E-002
  8.500000E-002  2.673618E+002  5.244671E+001  0.000000E+000  0.000000E+000  2.673618E+002  5.244671E+001  2.724573E+002  1.649072E-002
  8.600000E-002  2.765796E+002  1.417342E+001  0.000000E+000  0.000000E+000  2.765796E+002  1.417342E+001  2.769426E+002  4.384038E-003
  8.640000E-002  0.000000E+000  0.000000E+000  0.000000E+000  0.000000E+000  0.000000E+000  0.000000E+000  0.000000E+000  0.000000E+000
