 FILE: 7segsprint.11

 *** Replace this line with a message to appear on all output files.                                    


        T             RX1            RY1            RX2            RY2            RX             RY             GRF            COP
       (S)            (N)            (N)            (N)            (N)            (N)            (N)            (N)            (M)

  0.000000E+000  0.000000E+000  0.000000E+000  0.000000E+000  0.000000E+000  0.000000E+000  0.000000E+000  0.000000E+000  0.000000E+000
  1.000000E-003  0.000000E+000  0.000000E+000 -4.626932E+003  2.644823E+003 -4.626932E+003  2.644823E+003  5.329501E+003  7.454747E-004
  2.000000E-003  0.000000E+000  0.000000E+000 -4.774948E+003  4.130768E+003 -4.774948E+003  4.130768E+003  6.313744E+003  1.245837E-003
  3.000000E-003  2.076589E+003  6.075943E+001 -2.640380E+003  4.998310E+003 -5.637907E+002  5.059069E+003  5.090387E+003  2.552508E-003
  4.000000E-003  1.151543E+003  3.624978E+002 -2.053544E+003  3.718986E+003 -9.020007E+002  4.081484E+003  4.179966E+003  8.577080E-003
  5.000000E-003  1.812994E+003  2.695590E+002 -2.241004E+003  3.118707E+003 -4.280104E+002  3.388266E+003  3.415192E+003  7.869023E-003
  6.000000E-003  1.183722E+003  2.419489E+002 -1.949850E+003  2.633992E+003 -7.661289E+002  2.875941E+003  2.976238E+003  8.061487E-003
  7.000000E-003  1.342532E+003  2.139946E+002 -1.933580E+003  2.496358E+003 -5.910482E+002  2.710352E+003  2.774049E+003  7.755286E-003
  8.000000E-003  1.292470E+003  2.055791E+002 -1.933296E+003  2.451279E+003 -6.408259E+002  2.656858E+003  2.733048E+003  7.620732E-003
  9.000000E-003  1.373361E+003  2.035476E+002 -2.024369E+003  2.536130E+003 -6.510076E+002  2.739678E+003  2.815963E+003  7.400304E-003
  1.000000E-002  1.409828E+003  2.104795E+002 -2.100133E+003  2.641673E+003 -6.903052E+002  2.852153E+003  2.934501E+003  7.368317E-003
  1.100000E-002  1.412401E+003  2.194768E+002 -2.102692E+003  2.676492E+003 -6.902908E+002  2.895969E+003  2.977102E+003  7.541986E-003
  1.200000E-002  1.455642E+003  2.275066E+002 -2.073436E+003  2.672266E+003 -6.177944E+002  2.899773E+003  2.964853E+003  7.798759E-003
  1.300000E-002  1.541388E+003  2.356436E+002 -2.094327E+003  2.721609E+003 -5.529397E+002  2.957253E+003  3.008502E+003  7.931504E-003
  1.400000E-002  1.570109E+003  2.458659E+002 -2.128690E+003  2.791749E+003 -5.585813E+002  3.037615E+003  3.088547E+003  8.031038E-003
  1.500000E-002  1.554795E+003  2.563322E+002 -2.113809E+003  2.807866E+003 -5.590145E+002  3.064198E+003  3.114773E+003  8.247308E-003
  1.600000E-002  1.554295E+003  2.636253E+002 -2.094787E+003  2.806352E+003 -5.404927E+002  3.069978E+003  3.117194E+003  8.429102E-003
  1.700000E-002  1.577864E+003  2.707908E+002 -2.107135E+003  2.840484E+003 -5.292711E+002  3.111275E+003  3.155972E+003  8.524078E-003
  1.800000E-002  1.592358E+003  2.800648E+002 -2.115467E+003  2.879233E+003 -5.231090E+002  3.159298E+003  3.202313E+003  8.654866E-003
  1.900000E-002  1.605744E+003  2.894038E+002 -2.109193E+003  2.901915E+003 -5.034494E+002  3.191319E+003  3.230786E+003  8.824652E-003
  2.000000E-002  1.616016E+003  2.977271E+002 -2.084966E+003  2.901183E+003 -4.689501E+002  3.198910E+003  3.233101E+003  9.027086E-003
  2.100000E-002  1.631980E+003  3.047368E+002 -2.061386E+003  2.897599E+003 -4.294054E+002  3.202335E+003  3.230997E+003  9.205724E-003
  2.200000E-002  1.645807E+003  3.114656E+002 -2.045381E+003  2.903023E+003 -3.995744E+002  3.214489E+003  3.239228E+003  9.351056E-003
  2.300000E-002  1.655826E+003  3.186064E+002 -2.027687E+003  2.909101E+003 -3.718612E+002  3.227708E+003  3.249058E+003  9.502089E-003
  2.400000E-002  1.666619E+003  3.257118E+002 -2.005278E+003  2.910482E+003 -3.386591E+002  3.236194E+003  3.253865E+003  9.663973E-003
  2.500000E-002  1.677478E+003  3.325028E+002 -1.978564E+003  2.906595E+003 -3.010863E+002  3.239098E+003  3.253062E+003  9.831624E-003
  2.600000E-002  1.687121E+003  3.388963E+002 -1.950067E+003  2.900100E+003 -2.629462E+002  3.238997E+003  3.249652E+003  9.995635E-003
  2.700000E-002  1.694438E+003  3.450254E+002 -1.920593E+003  2.892351E+003 -2.261555E+002  3.237377E+003  3.245266E+003  1.015544E-002
  2.800000E-002  1.700276E+003  3.510000E+002 -1.889606E+003  2.882983E+003 -1.893300E+002  3.233983E+003  3.239520E+003  1.031518E-002
  2.900000E-002  1.705371E+003  3.568144E+002 -1.856843E+003  2.871545E+003 -1.514721E+002  3.228360E+003  3.231911E+003  1.047635E-002
  3.000000E-002  1.709569E+003  3.624413E+002 -1.822347E+003  2.857887E+003 -1.127774E+002  3.220329E+003  3.222303E+003  1.063894E-002
  3.100000E-002  1.712547E+003  3.678658E+002 -1.786281E+003  2.842043E+003 -7.373422E+001  3.209909E+003  3.210756E+003  1.080271E-002
  3.200000E-002  1.714129E+003  3.730882E+002 -1.748754E+003  2.824024E+003 -3.462470E+001  3.197113E+003  3.197300E+003  1.096796E-002
  3.300000E-002  1.714302E+003  3.781109E+002 -1.709824E+003  2.803782E+003  4.478735E+000  3.181893E+003  3.181897E+003  1.113522E-002
  3.400000E-002  1.713084E+003  3.829329E+002 -1.669545E+003  2.781246E+003  4.353866E+001  3.164179E+003  3.164479E+003  1.130509E-002
  3.500000E-002  1.710460E+003  3.875516E+002 -1.627977E+003  2.756341E+003  8.248237E+001  3.143893E+003  3.144974E+003  1.147815E-002
  3.600000E-002  1.706400E+003  3.919637E+002 -1.585187E+003  2.728992E+003  1.212135E+002  3.120956E+003  3.123309E+003  1.165503E-002
  3.700000E-002  1.700876E+003  3.961657E+002 -1.541245E+003  2.699122E+003  1.596315E+002  3.095288E+003  3.099401E+003  1.183643E-002
  3.800000E-002  1.693859E+003  4.001534E+002 -1.496227E+003  2.666651E+003  1.976322E+002  3.066805E+003  3.073166E+003  1.202312E-002
  3.900000E-002  1.685327E+003  4.039224E+002 -1.450213E+003  2.631497E+003  2.351138E+002  3.035419E+003  3.044511E+003  1.221594E-002
  4.000000E-002  1.675254E+003  4.074685E+002 -1.403288E+003  2.593572E+003  2.719661E+002  3.001041E+003  3.013339E+003  1.241587E-002
  4.100000E-002  1.663636E+003  4.107877E+002 -1.355542E+003  2.552788E+003  3.080943E+002  2.963576E+003  2.979548E+003  1.262399E-002
  4.200000E-002  1.650464E+003  4.138767E+002 -1.307067E+003  2.509054E+003  3.433962E+002  2.922930E+003  2.943033E+003  1.284156E-002
  4.300000E-002  1.635735E+003  4.167325E+002 -1.257964E+003  2.462274E+003  3.777713E+002  2.879007E+003  2.903686E+003  1.307000E-002
  4.400000E-002  1.619456E+003  4.193526E+002 -1.208340E+003  2.412358E+003  4.111160E+002  2.831710E+003  2.861398E+003  1.331093E-002
  4.500000E-002  1.601634E+003  4.217338E+002 -1.158312E+003  2.359213E+003  4.433212E+002  2.780947E+003  2.816061E+003  1.356617E-002
  4.600000E-002  1.582281E+003  4.238733E+002 -1.108008E+003  2.302752E+003  4.742721E+002  2.726626E+003  2.767566E+003  1.383777E-002
  4.700000E-002  1.561412E+003  4.257680E+002 -1.057564E+003  2.242892E+003  5.038478E+002  2.668660E+003  2.715808E+003  1.412811E-002
  4.800000E-002  1.539047E+003  4.274151E+002 -1.007123E+003  2.179551E+003  5.319235E+002  2.606966E+003  2.660680E+003  1.443991E-002
  4.900000E-002  1.515203E+003  4.288114E+002 -9.568353E+002  2.112651E+003  5.583678E+002  2.541463E+003  2.602077E+003  1.477633E-002
  5.000000E-002  1.489898E+003  4.299541E+002 -9.068544E+002  2.042118E+003  5.830439E+002  2.472072E+003  2.539898E+003  1.514107E-002
  5.100000E-002  1.463145E+003  4.308397E+002 -8.573367E+002  1.967881E+003  6.058085E+002  2.398721E+003  2.474039E+003  1.553848E-002
  5.200000E-002  1.434946E+003  4.314645E+002 -8.084370E+002  1.889877E+003  6.265093E+002  2.321342E+003  2.404401E+003  1.597369E-002
  5.300000E-002  1.405299E+003  4.318240E+002 -7.603077E+002  1.808054E+003  6.449909E+002  2.239878E+003  2.330894E+003  1.645279E-002
  5.400000E-002  1.374775E+003  4.319142E+002 -7.132638E+002  1.722768E+003  6.615116E+002  2.154682E+003  2.253942E+003  1.697943E-002
  5.500000E-002  1.343882E+003  4.317638E+002 -6.676278E+002  1.634510E+003  6.762539E+002  2.066273E+003  2.174122E+003  1.755791E-002
  5.600000E-002  1.312575E+003  4.314049E+002 -6.235666E+002  1.543497E+003  6.890080E+002  1.974902E+003  2.091643E+003  1.819619E-002
  5.700000E-002  1.280831E+003  4.308424E+002 -5.811813E+002  1.449881E+003  6.996498E+002  1.880723E+003  2.006646E+003  1.890317E-002
  5.800000E-002  1.248541E+003  4.300807E+002 -5.405022E+002  1.353776E+003  7.080393E+002  1.783857E+003  1.919235E+003  1.968995E-002
  5.900000E-002  1.215547E+003  4.291162E+002 -5.014974E+002  1.255313E+003  7.140492E+002  1.684430E+003  1.829527E+003  2.056962E-002
  6.000000E-002  1.181576E+003  4.279429E+002 -4.640832E+002  1.154706E+003  7.174926E+002  1.582649E+003  1.737692E+003  2.155761E-002
  6.100000E-002  1.146261E+003  4.265595E+002 -4.281019E+002  1.052237E+003  7.181596E+002  1.478797E+003  1.643956E+003  2.267267E-002
  6.200000E-002  1.109176E+003  4.249690E+002 -3.932917E+002  9.482175E+002  7.158842E+002  1.373186E+003  1.548590E+003  2.393779E-002
  6.300000E-002  1.069800E+003  4.231726E+002 -3.592853E+002  8.430288E+002  7.105142E+002  1.266201E+003  1.451929E+003  2.538072E-002
  6.400000E-002  1.027504E+003  4.211766E+002 -3.256064E+002  7.371500E+002  7.018978E+002  1.158327E+003  1.354393E+003  2.703525E-002
  6.500000E-002  9.815697E+002  4.189910E+002 -2.916750E+002  6.312054E+002  6.898947E+002  1.050196E+003  1.256530E+003  2.894169E-002
  6.600000E-002  9.311746E+002  4.166322E+002 -2.568275E+002  5.260251E+002  6.743471E+002  9.426573E+002  1.159028E+003  3.114746E-002
  6.700000E-002  8.754981E+002  4.141220E+002 -2.203683E+002  4.227367E+002  6.551298E+002  8.368587E+002  1.062792E+003  3.370507E-002
  6.800000E-002  8.138012E+002  4.114839E+002 -1.816811E+002  3.229005E+002  6.321201E+002  7.343844E+002  9.689666E+002  3.666748E-002
  6.900000E-002  7.456612E+002  4.087311E+002 -1.404598E+002  2.287150E+002  6.052014E+002  6.374461E+002  8.789802E+002  4.007592E-002
  7.000000E-002  6.714380E+002  4.058373E+002 -9.717363E+001  1.433295E+002  5.742643E+002  5.491668E+002  7.945840E+002  4.393411E-002
  7.100000E-002  5.931627E+002  4.026694E+002 -5.399526E+001  7.132627E+001  5.391675E+002  4.739956E+002  7.178951E+002  4.815707E-002
  7.200000E-002  5.162498E+002  3.988388E+002 -1.663717E+001  1.946753E+001  4.996126E+002  4.183063E+002  6.516080E+002  5.246712E-002
  7.300000E-002  4.541067E+002  3.933627E+002  0.000000E+000  0.000000E+000  4.541067E+002  3.933627E+002  6.007887E+002  5.608377E-002
  7.400000E-002  4.093025E+002  3.845285E+002  0.000000E+000  0.000000E+000  4.093025E+002  3.845285E+002  5.615966E+002  5.864948E-002
  7.500000E-002  3.724284E+002  3.721030E+002  0.000000E+000  0.000000E+000  3.724284E+002  3.721030E+002  5.264633E+002  6.054104E-002
  7.600000E-002  3.441610E+002  3.560230E+002  0.000000E+000  0.000000E+000  3.441610E+002  3.560230E+002  4.951759E+002  6.158405E-002
  7.700000E-002  3.246318E+002  3.364432E+002  0.000000E+000  0.000000E+000  3.246318E+002  3.364432E+002  4.675252E+002  6.163839E-002
  7.800000E-002  3.134757E+002  3.135625E+002  0.000000E+000  0.000000E+000  3.134757E+002  3.135625E+002  4.433830E+002  6.057377E-002
  7.900000E-002  3.099360E+002  2.876942E+002  0.000000E+000  0.000000E+000  3.099360E+002  2.876942E+002  4.228809E+002  5.827026E-002
  8.000000E-002  3.129279E+002  2.591985E+002  0.000000E+000  0.000000E+000  3.129279E+002  2.591985E+002  4.063345E+002  5.463574E-002
  8.100000E-002  3.211801E+002  2.284917E+002  0.000000E+000  0.000000E+000  3.211801E+002  2.284917E+002  3.941638E+002  4.964949E-002
  8.200000E-002  3.333187E+002  1.960152E+002  0.000000E+000  0.000000E+000  3.333187E+002  1.960152E+002  3.866825E+002  4.341587E-002
  8.300000E-002  3.479782E+002  1.622240E+002  0.000000E+000  0.000000E+000  3.479782E+002  1.622240E+002  3.839341E+002  3.618777E-002
  8.400000E-002  3.638537E+002  1.275664E+002  0.000000E+000  0.000000E+000  3.638537E+002  1.275664E+002  3.855680E+002  2.833518E-002
  8.500000E-002  3.796883E+002  9.247101E+001  0.000000E+000  0.000000E+000  3.796883E+002  9.247101E+001  3.907865E+002  2.026466E-002
  8.600000E-002  3.938701E+002  5.734222E+001  0.000000E+000  0.000000E+000  3.938701E+002  5.734222E+001  3.980224E+002  1.233712E-002
  8.700000E-002  3.979252E+002  2.260427E+001  0.000000E+000  0.000000E+000  3.979252E+002  2.260427E+001  3.985667E+002  4.856040E-003
  8.800000E-002  0.000000E+000  0.000000E+000  0.000000E+000  0.000000E+000  0.000000E+000  0.000000E+000  0.000000E+000  0.000000E+000
