 FILE: 7segsprint.10

 *** Replace this line with a message to appear on all output files.                                    


        T            METOR          MEACT         MECCANG      MECCANGVEL      MESECANG      MESECANGVEL       MFTOR          MFACT         MFCCANG      MFCCANGVEL      MFSECANG      MFSECANGVEL
       (S)           (N/M)         (UNITS)         (DEG)         (DEG/S)         (DEG)         (DEG/S)         (N/M)         (UNITS)         (DEG)         (DEG/S)         (DEG)         (DEG/S)

  0.000000E+000  0.000000E+000  9.884390E-001  0.000000E+000  0.000000E+000  0.000000E+000  0.000000E+000  0.000000E+000  5.127192E-003  0.000000E+000  0.000000E+000  0.000000E+000  0.000000E+000
  1.000000E-003  0.000000E+000  9.884390E-001  0.000000E+000  0.000000E+000  0.000000E+000  0.000000E+000  0.000000E+000  5.127192E-003  0.000000E+000  0.000000E+000  0.000000E+000  0.000000E+000
  2.000000E-003  0.000000E+000  9.884390E-001  0.000000E+000  0.000000E+000  0.000000E+000  0.000000E+000  0.000000E+000  5.127192E-003  0.000000E+000  0.000000E+000  0.000000E+000  0.000000E+000
  3.000000E-003  0.000000E+000  9.884390E-001  0.000000E+000  0.000000E+000  0.000000E+000  0.000000E+000  0.000000E+000  5.127192E-003  0.000000E+000  0.000000E+000  0.000000E+000  0.000000E+000
  4.000000E-003  0.000000E+000  9.884390E-001  0.000000E+000  0.000000E+000  0.000000E+000  0.000000E+000  0.000000E+000  5.127192E-003  0.000000E+000  0.000000E+000  0.000000E+000  0.000000E+000
  5.000000E-003  0.000000E+000  9.884390E-001  0.000000E+000  0.000000E+000  0.000000E+000  0.000000E+000  0.000000E+000  5.127192E-003  0.000000E+000  0.000000E+000  0.000000E+000  0.000000E+000
  6.000000E-003  0.000000E+000  9.884390E-001  0.000000E+000  0.000000E+000  0.000000E+000  0.000000E+000  0.000000E+000  5.127192E-003  0.000000E+000  0.000000E+000  0.000000E+000  0.000000E+000
  7.000000E-003  0.000000E+000  9.884390E-001  0.000000E+000  0.000000E+000  0.000000E+000  0.000000E+000  0.000000E+000  5.127192E-003  0.000000E+000  0.000000E+000  0.000000E+000  0.000000E+000
  8.000000E-003  0.000000E+000  9.884390E-001  0.000000E+000  0.000000E+000  0.000000E+000  0.000000E+000  0.000000E+000  5.127192E-003  0.000000E+000  0.000000E+000  0.000000E+000  0.000000E+000
  9.000000E-003  0.000000E+000  9.884390E-001  0.000000E+000  0.000000E+000  0.000000E+000  0.000000E+000  0.000000E+000  5.127192E-003  0.000000E+000  0.000000E+000  0.000000E+000  0.000000E+000
  1.000000E-002  0.000000E+000  9.884390E-001  0.000000E+000  0.000000E+000  0.000000E+000  0.000000E+000  0.000000E+000  5.127192E-003  0.000000E+000  0.000000E+000  0.000000E+000  0.000000E+000
  1.100000E-002  0.000000E+000  9.884390E-001  0.000000E+000  0.000000E+000  0.000000E+000  0.000000E+000  0.000000E+000  5.127192E-003  0.000000E+000  0.000000E+000  0.000000E+000  0.000000E+000
  1.200000E-002  0.000000E+000  9.884390E-001  0.000000E+000  0.000000E+000  0.000000E+000  0.000000E+000  0.000000E+000  5.127192E-003  0.000000E+000  0.000000E+000  0.000000E+000  0.000000E+000
  1.300000E-002  0.000000E+000  9.884390E-001  0.000000E+000  0.000000E+000  0.000000E+000  0.000000E+000  0.000000E+000  5.127192E-003  0.000000E+000  0.000000E+000  0.000000E+000  0.000000E+000
  1.400000E-002  0.000000E+000  9.884390E-001  0.000000E+000  0.000000E+000  0.000000E+000  0.000000E+000  0.000000E+000  5.127192E-003  0.000000E+000  0.000000E+000  0.000000E+000  0.000000E+000
  1.500000E-002  0.000000E+000  9.884390E-001  0.000000E+000  0.000000E+000  0.000000E+000  0.000000E+000  0.000000E+000  5.127192E-003  0.000000E+000  0.000000E+000  0.000000E+000  0.000000E+000
  1.600000E-002  0.000000E+000  9.884390E-001  0.000000E+000  0.000000E+000  0.000000E+000  0.000000E+000  0.000000E+000  5.127192E-003  0.000000E+000  0.000000E+000  0.000000E+000  0.000000E+000
  1.700000E-002  0.000000E+000  9.884387E-001  0.000000E+000  0.000000E+000  0.000000E+000  0.000000E+000  0.000000E+000  5.127192E-003  0.000000E+000  0.000000E+000  0.000000E+000  0.000000E+000
  1.800000E-002  0.000000E+000  9.884377E-001  0.000000E+000  0.000000E+000  0.000000E+000  0.000000E+000  0.000000E+000  5.127192E-003  0.000000E+000  0.000000E+000  0.000000E+000  0.000000E+000
  1.900000E-002  0.000000E+000  9.884354E-001  0.000000E+000  0.000000E+000  0.000000E+000  0.000000E+000  0.000000E+000  5.127192E-003  0.000000E+000  0.000000E+000  0.000000E+000  0.000000E+000
  2.000000E-002  0.000000E+000  9.884313E-001  0.000000E+000  0.000000E+000  0.000000E+000  0.000000E+000  0.000000E+000  5.127192E-003  0.000000E+000  0.000000E+000  0.000000E+000  0.000000E+000
  2.100000E-002  0.000000E+000  9.884250E-001  0.000000E+000  0.000000E+000  0.000000E+000  0.000000E+000  0.000000E+000  5.127192E-003  0.000000E+000  0.000000E+000  0.000000E+000  0.000000E+000
  2.200000E-002  0.000000E+000  9.884160E-001  0.000000E+000  0.000000E+000  0.000000E+000  0.000000E+000  0.000000E+000  5.127192E-003  0.000000E+000  0.000000E+000  0.000000E+000  0.000000E+000
  2.300000E-002  0.000000E+000  9.884038E-001  0.000000E+000  0.000000E+000  0.000000E+000  0.000000E+000  0.000000E+000  5.127192E-003  0.000000E+000  0.000000E+000  0.000000E+000  0.000000E+000
  2.400000E-002  0.000000E+000  9.883880E-001  0.000000E+000  0.000000E+000  0.000000E+000  0.000000E+000  0.000000E+000  5.127192E-003  0.000000E+000  0.000000E+000  0.000000E+000  0.000000E+000
  2.500000E-002  0.000000E+000  9.883682E-001  0.000000E+000  0.000000E+000  0.000000E+000  0.000000E+000  0.000000E+000  5.127192E-003  0.000000E+000  0.000000E+000  0.000000E+000  0.000000E+000
  2.600000E-002  0.000000E+000  9.883439E-001  0.000000E+000  0.000000E+000  0.000000E+000  0.000000E+000  0.000000E+000  5.127192E-003  0.000000E+000  0.000000E+000  0.000000E+000  0.000000E+000
  2.700000E-002  0.000000E+000  9.883147E-001  0.000000E+000  0.000000E+000  0.000000E+000  0.000000E+000  0.000000E+000  5.127192E-003  0.000000E+000  0.000000E+000  0.000000E+000  0.000000E+000
  2.800000E-002  0.000000E+000  9.882803E-001  0.000000E+000  0.000000E+000  0.000000E+000  0.000000E+000  0.000000E+000  5.127192E-003  0.000000E+000  0.000000E+000  0.000000E+000  0.000000E+000
  2.900000E-002  0.000000E+000  9.882403E-001  0.000000E+000  0.000000E+000  0.000000E+000  0.000000E+000  0.000000E+000  5.127192E-003  0.000000E+000  0.000000E+000  0.000000E+000  0.000000E+000
  3.000000E-002  0.000000E+000  9.881943E-001  0.000000E+000  0.000000E+000  0.000000E+000  0.000000E+000  0.000000E+000  5.127192E-003  0.000000E+000  0.000000E+000  0.000000E+000  0.000000E+000
  3.100000E-002  0.000000E+000  9.881419E-001  0.000000E+000  0.000000E+000  0.000000E+000  0.000000E+000  0.000000E+000  5.127192E-003  0.000000E+000  0.000000E+000  0.000000E+000  0.000000E+000
  3.200000E-002  0.000000E+000  9.880829E-001  0.000000E+000  0.000000E+000  0.000000E+000  0.000000E+000  0.000000E+000  5.127192E-003  0.000000E+000  0.000000E+000  0.000000E+000  0.000000E+000
  3.300000E-002  0.000000E+000  9.880168E-001  0.000000E+000  0.000000E+000  0.000000E+000  0.000000E+000  0.000000E+000  5.127192E-003  0.000000E+000  0.000000E+000  0.000000E+000  0.000000E+000
  3.400000E-002  0.000000E+000  9.879434E-001  0.000000E+000  0.000000E+000  0.000000E+000  0.000000E+000  0.000000E+000  5.127192E-003  0.000000E+000  0.000000E+000  0.000000E+000  0.000000E+000
  3.500000E-002  0.000000E+000  9.878624E-001  0.000000E+000  0.000000E+000  0.000000E+000  0.000000E+000  0.000000E+000  5.127192E-003  0.000000E+000  0.000000E+000  0.000000E+000  0.000000E+000
  3.600000E-002  0.000000E+000  9.877734E-001  0.000000E+000  0.000000E+000  0.000000E+000  0.000000E+000  0.000000E+000  5.127192E-003  0.000000E+000  0.000000E+000  0.000000E+000  0.000000E+000
  3.700000E-002  0.000000E+000  9.876762E-001  0.000000E+000  0.000000E+000  0.000000E+000  0.000000E+000  0.000000E+000  5.127192E-003  0.000000E+000  0.000000E+000  0.000000E+000  0.000000E+000
  3.800000E-002  0.000000E+000  9.875705E-001  0.000000E+000  0.000000E+000  0.000000E+000  0.000000E+000  0.000000E+000  5.127192E-003  0.000000E+000  0.000000E+000  0.000000E+000  0.000000E+000
  3.900000E-002  0.000000E+000  9.874561E-001  0.000000E+000  0.000000E+000  0.000000E+000  0.000000E+000  0.000000E+000  5.127192E-003  0.000000E+000  0.000000E+000  0.000000E+000  0.000000E+000
  4.000000E-002  0.000000E+000  9.873327E-001  0.000000E+000  0.000000E+000  0.000000E+000  0.000000E+000  0.000000E+000  5.127192E-003  0.000000E+000  0.000000E+000  0.000000E+000  0.000000E+000
  4.100000E-002  0.000000E+000  9.872000E-001  0.000000E+000  0.000000E+000  0.000000E+000  0.000000E+000  0.000000E+000  5.127192E-003  0.000000E+000  0.000000E+000  0.000000E+000  0.000000E+000
  4.200000E-002  0.000000E+000  9.870579E-001  0.000000E+000  0.000000E+000  0.000000E+000  0.000000E+000  0.000000E+000  5.127192E-003  0.000000E+000  0.000000E+000  0.000000E+000  0.000000E+000
  4.300000E-002  0.000000E+000  9.869061E-001  0.000000E+000  0.000000E+000  0.000000E+000  0.000000E+000  0.000000E+000  5.127192E-003  0.000000E+000  0.000000E+000  0.000000E+000  0.000000E+000
  4.400000E-002  0.000000E+000  9.867444E-001  0.000000E+000  0.000000E+000  0.000000E+000  0.000000E+000  0.000000E+000  5.127192E-003  0.000000E+000  0.000000E+000  0.000000E+000  0.000000E+000
  4.500000E-002  0.000000E+000  9.865727E-001  0.000000E+000  0.000000E+000  0.000000E+000  0.000000E+000  0.000000E+000  5.127192E-003  0.000000E+000  0.000000E+000  0.000000E+000  0.000000E+000
  4.600000E-002  0.000000E+000  9.863907E-001  0.000000E+000  0.000000E+000  0.000000E+000  0.000000E+000  0.000000E+000  5.127192E-003  0.000000E+000  0.000000E+000  0.000000E+000  0.000000E+000
  4.700000E-002  0.000000E+000  9.861982E-001  0.000000E+000  0.000000E+000  0.000000E+000  0.000000E+000  0.000000E+000  5.127192E-003  0.000000E+000  0.000000E+000  0.000000E+000  0.000000E+000
  4.800000E-002  0.000000E+000  9.859951E-001  0.000000E+000  0.000000E+000  0.000000E+000  0.000000E+000  0.000000E+000  5.127192E-003  0.000000E+000  0.000000E+000  0.000000E+000  0.000000E+000
  4.900000E-002  0.000000E+000  9.857813E-001  0.000000E+000  0.000000E+000  0.000000E+000  0.000000E+000  0.000000E+000  5.127192E-003  0.000000E+000  0.000000E+000  0.000000E+000  0.000000E+000
  5.000000E-002  0.000000E+000  9.855566E-001  0.000000E+000  0.000000E+000  0.000000E+000  0.000000E+000  0.000000E+000  5.127192E-003  0.000000E+000  0.000000E+000  0.000000E+000  0.000000E+000
  5.100000E-002  0.000000E+000  9.853209E-001  0.000000E+000  0.000000E+000  0.000000E+000  0.000000E+000  0.000000E+000  5.127192E-003  0.000000E+000  0.000000E+000  0.000000E+000  0.000000E+000
  5.200000E-002  0.000000E+000  9.850740E-001  0.000000E+000  0.000000E+000  0.000000E+000  0.000000E+000  0.000000E+000  5.127192E-003  0.000000E+000  0.000000E+000  0.000000E+000  0.000000E+000
  5.300000E-002  0.000000E+000  9.848158E-001  0.000000E+000  0.000000E+000  0.000000E+000  0.000000E+000  0.000000E+000  5.127192E-003  0.000000E+000  0.000000E+000  0.000000E+000  0.000000E+000
  5.400000E-002  0.000000E+000  9.845463E-001  0.000000E+000  0.000000E+000  0.000000E+000  0.000000E+000  0.000000E+000  5.127192E-003  0.000000E+000  0.000000E+000  0.000000E+000  0.000000E+000
  5.500000E-002  0.000000E+000  9.842652E-001  0.000000E+000  0.000000E+000  0.000000E+000  0.000000E+000  0.000000E+000  5.127192E-003  0.000000E+000  0.000000E+000  0.000000E+000  0.000000E+000
  5.600000E-002  0.000000E+000  9.839726E-001  0.000000E+000  0.000000E+000  0.000000E+000  0.000000E+000  0.000000E+000  5.127192E-003  0.000000E+000  0.000000E+000  0.000000E+000  0.000000E+000
  5.700000E-002  0.000000E+000  9.836684E-001  0.000000E+000  0.000000E+000  0.000000E+000  0.000000E+000  0.000000E+000  5.127192E-003  0.000000E+000  0.000000E+000  0.000000E+000  0.000000E+000
  5.800000E-002  0.000000E+000  9.833525E-001  0.000000E+000  0.000000E+000  0.000000E+000  0.000000E+000  0.000000E+000  5.127192E-003  0.000000E+000  0.000000E+000  0.000000E+000  0.000000E+000
  5.900000E-002  0.000000E+000  9.830248E-001  0.000000E+000  0.000000E+000  0.000000E+000  0.000000E+000  0.000000E+000  5.127192E-003  0.000000E+000  0.000000E+000  0.000000E+000  0.000000E+000
  6.000000E-002  0.000000E+000  9.826853E-001  0.000000E+000  0.000000E+000  0.000000E+000  0.000000E+000  0.000000E+000  5.127192E-003  0.000000E+000  0.000000E+000  0.000000E+000  0.000000E+000
  6.100000E-002  0.000000E+000  9.823339E-001  0.000000E+000  0.000000E+000  0.000000E+000  0.000000E+000  0.000000E+000  5.127192E-003  0.000000E+000  0.000000E+000  0.000000E+000  0.000000E+000
  6.200000E-002  0.000000E+000  9.819707E-001  0.000000E+000  0.000000E+000  0.000000E+000  0.000000E+000  0.000000E+000  5.127192E-003  0.000000E+000  0.000000E+000  0.000000E+000  0.000000E+000
  6.300000E-002  0.000000E+000  9.815955E-001  0.000000E+000  0.000000E+000  0.000000E+000  0.000000E+000  0.000000E+000  5.127252E-003  0.000000E+000  0.000000E+000  0.000000E+000  0.000000E+000
  6.400000E-002  0.000000E+000  9.812083E-001  0.000000E+000  0.000000E+000  0.000000E+000  0.000000E+000  0.000000E+000  5.127546E-003  0.000000E+000  0.000000E+000  0.000000E+000  0.000000E+000
  6.500000E-002  0.000000E+000  9.808093E-001  0.000000E+000  0.000000E+000  0.000000E+000  0.000000E+000  0.000000E+000  5.128262E-003  0.000000E+000  0.000000E+000  0.000000E+000  0.000000E+000
  6.600000E-002  0.000000E+000  9.803983E-001  0.000000E+000  0.000000E+000  0.000000E+000  0.000000E+000  0.000000E+000  5.129582E-003  0.000000E+000  0.000000E+000  0.000000E+000  0.000000E+000
  6.700000E-002  0.000000E+000  9.799753E-001  0.000000E+000  0.000000E+000  0.000000E+000  0.000000E+000  0.000000E+000  5.131683E-003  0.000000E+000  0.000000E+000  0.000000E+000  0.000000E+000
  6.800000E-002  0.000000E+000  9.795405E-001  0.000000E+000  0.000000E+000  0.000000E+000  0.000000E+000  0.000000E+000  5.134739E-003  0.000000E+000  0.000000E+000  0.000000E+000  0.000000E+000
  6.900000E-002  0.000000E+000  9.790937E-001  0.000000E+000  0.000000E+000  0.000000E+000  0.000000E+000  0.000000E+000  5.138920E-003  0.000000E+000  0.000000E+000  0.000000E+000  0.000000E+000
  7.000000E-002  0.000000E+000  9.786350E-001  0.000000E+000  0.000000E+000  0.000000E+000  0.000000E+000  0.000000E+000  5.144392E-003  0.000000E+000  0.000000E+000  0.000000E+000  0.000000E+000
  7.100000E-002  0.000000E+000  9.781646E-001  0.000000E+000  0.000000E+000  0.000000E+000  0.000000E+000  0.000000E+000  5.151315E-003  0.000000E+000  0.000000E+000  0.000000E+000  0.000000E+000
  7.200000E-002  0.000000E+000  9.776823E-001  0.000000E+000  0.000000E+000  0.000000E+000  0.000000E+000  0.000000E+000  5.159848E-003  0.000000E+000  0.000000E+000  0.000000E+000  0.000000E+000
  7.300000E-002  0.000000E+000  9.771883E-001  0.000000E+000  0.000000E+000  0.000000E+000  0.000000E+000  0.000000E+000  5.170144E-003  0.000000E+000  0.000000E+000  0.000000E+000  0.000000E+000
  7.400000E-002  0.000000E+000  9.766826E-001  0.000000E+000  0.000000E+000  0.000000E+000  0.000000E+000  0.000000E+000  5.182351E-003  0.000000E+000  0.000000E+000  0.000000E+000  0.000000E+000
  7.500000E-002  0.000000E+000  9.761653E-001  0.000000E+000  0.000000E+000  0.000000E+000  0.000000E+000  0.000000E+000  5.196617E-003  0.000000E+000  0.000000E+000  0.000000E+000  0.000000E+000
  7.600000E-002  0.000000E+000  9.756365E-001  0.000000E+000  0.000000E+000  0.000000E+000  0.000000E+000  0.000000E+000  5.213082E-003  0.000000E+000  0.000000E+000  0.000000E+000  0.000000E+000
  7.700000E-002  0.000000E+000  9.750962E-001  0.000000E+000  0.000000E+000  0.000000E+000  0.000000E+000  0.000000E+000  5.231884E-003  0.000000E+000  0.000000E+000  0.000000E+000  0.000000E+000
  7.800000E-002  0.000000E+000  9.745445E-001  0.000000E+000  0.000000E+000  0.000000E+000  0.000000E+000  0.000000E+000  5.253158E-003  0.000000E+000  0.000000E+000  0.000000E+000  0.000000E+000
  7.900000E-002  0.000000E+000  9.739816E-001  0.000000E+000  0.000000E+000  0.000000E+000  0.000000E+000  0.000000E+000  5.277032E-003  0.000000E+000  0.000000E+000  0.000000E+000  0.000000E+000
  8.000000E-002  0.000000E+000  9.734075E-001  0.000000E+000  0.000000E+000  0.000000E+000  0.000000E+000  0.000000E+000  5.303634E-003  0.000000E+000  0.000000E+000  0.000000E+000  0.000000E+000
  8.100000E-002  0.000000E+000  9.728223E-001  0.000000E+000  0.000000E+000  0.000000E+000  0.000000E+000  0.000000E+000  5.333085E-003  0.000000E+000  0.000000E+000  0.000000E+000  0.000000E+000
  8.200000E-002  0.000000E+000  9.722261E-001  0.000000E+000  0.000000E+000  0.000000E+000  0.000000E+000  0.000000E+000  5.365505E-003  0.000000E+000  0.000000E+000  0.000000E+000  0.000000E+000
  8.300000E-002  0.000000E+000  9.716191E-001  0.000000E+000  0.000000E+000  0.000000E+000  0.000000E+000  0.000000E+000  5.401009E-003  0.000000E+000  0.000000E+000  0.000000E+000  0.000000E+000
  8.400000E-002  0.000000E+000  9.710014E-001  0.000000E+000  0.000000E+000  0.000000E+000  0.000000E+000  0.000000E+000  5.439709E-003  0.000000E+000  0.000000E+000  0.000000E+000  0.000000E+000
  8.500000E-002  0.000000E+000  9.703731E-001  0.000000E+000  0.000000E+000  0.000000E+000  0.000000E+000  0.000000E+000  5.481712E-003  0.000000E+000  0.000000E+000  0.000000E+000  0.000000E+000
  8.600000E-002  0.000000E+000  9.697343E-001  0.000000E+000  0.000000E+000  0.000000E+000  0.000000E+000  0.000000E+000  5.527122E-003  0.000000E+000  0.000000E+000  0.000000E+000  0.000000E+000
  8.700000E-002  0.000000E+000  9.690853E-001  0.000000E+000  0.000000E+000  0.000000E+000  0.000000E+000  0.000000E+000  5.576040E-003  0.000000E+000  0.000000E+000  0.000000E+000  0.000000E+000
  8.800000E-002  0.000000E+000  9.684260E-001  0.000000E+000  0.000000E+000  0.000000E+000  0.000000E+000  0.000000E+000  5.628563E-003  0.000000E+000  0.000000E+000  0.000000E+000  0.000000E+000
