 FILE: 7segsprint.11

 *** Replace this line with a message to appear on all output files.                                    


        T             RX1            RY1            RX2            RY2            RX             RY             GRF            COP
       (S)            (N)            (N)            (N)            (N)            (N)            (N)            (N)            (M)

  0.000000E+000  0.000000E+000  0.000000E+000  0.000000E+000  0.000000E+000  0.000000E+000  0.000000E+000  0.000000E+000  0.000000E+000
  1.000000E-003  0.000000E+000  0.000000E+000 -6.403171E+003  2.918207E+003 -6.403171E+003  2.918207E+003  7.036799E+003  7.896472E-004
  2.000000E-003  0.000000E+000  0.000000E+000 -5.501376E+003  4.603436E+003 -5.501376E+003  4.603436E+003  7.173337E+003  1.459378E-003
  3.000000E-003  1.990266E+003  1.695666E+002 -3.078537E+003  5.049392E+003 -1.088271E+003  5.218959E+003  5.331216E+003  4.425631E-003
  4.000000E-003  2.170739E+003  4.058341E+002 -2.749554E+003  3.740794E+003 -5.788144E+002  4.146628E+003  4.186830E+003  9.689028E-003
  5.000000E-003  2.152471E+003  2.849601E+002 -2.675505E+003  3.072760E+003 -5.230346E+002  3.357721E+003  3.398213E+003  8.533425E-003
  6.000000E-003  1.603045E+003  2.553267E+002 -2.344542E+003  2.628283E+003 -7.414967E+002  2.883609E+003  2.977418E+003  8.691678E-003
  7.000000E-003  1.731099E+003  2.295367E+002 -2.329591E+003  2.524801E+003 -5.984926E+002  2.754338E+003  2.818612E+003  8.371109E-003
  8.000000E-003  1.635875E+003  2.233381E+002 -2.286585E+003  2.454512E+003 -6.507103E+002  2.677850E+003  2.755777E+003  8.360454E-003
  9.000000E-003  1.705700E+003  2.198895E+002 -2.351642E+003  2.503122E+003 -6.459423E+002  2.723011E+003  2.798577E+003  8.175886E-003
  1.000000E-002  1.787118E+003  2.267676E+002 -2.463852E+003  2.630397E+003 -6.767339E+002  2.857165E+003  2.936215E+003  8.076470E-003
  1.100000E-002  1.877259E+003  2.414318E+002 -2.519495E+003  2.732147E+003 -6.422365E+002  2.973579E+003  3.042144E+003  8.264353E-003
  1.200000E-002  1.921888E+003  2.546628E+002 -2.497128E+003  2.752451E+003 -5.752395E+002  3.007113E+003  3.061639E+003  8.583937E-003
  1.300000E-002  1.933074E+003  2.619648E+002 -2.483507E+003  2.757743E+003 -5.504326E+002  3.019708E+003  3.069465E+003  8.756326E-003
  1.400000E-002  1.965006E+003  2.698201E+002 -2.519031E+003  2.812198E+003 -5.540243E+002  3.082018E+003  3.131418E+003  8.815082E-003
  1.500000E-002  1.993594E+003  2.811199E+002 -2.556931E+003  2.880058E+003 -5.633369E+002  3.161178E+003  3.210981E+003  8.921649E-003
  1.600000E-002  2.000119E+003  2.924504E+002 -2.551635E+003  2.905799E+003 -5.515158E+002  3.198249E+003  3.245453E+003  9.127163E-003
  1.700000E-002  2.022867E+003  3.019673E+002 -2.502181E+003  2.884296E+003 -4.793140E+002  3.186264E+003  3.222114E+003  9.422970E-003
  1.800000E-002  2.078557E+003  3.093290E+002 -2.484546E+003  2.888831E+003 -4.059896E+002  3.198160E+003  3.223826E+003  9.602499E-003
  1.900000E-002  2.102402E+003  3.173142E+002 -2.494362E+003  2.922749E+003 -3.919600E+002  3.240063E+003  3.263685E+003  9.698709E-003
  2.000000E-002  2.107836E+003  3.266776E+002 -2.487200E+003  2.944227E+003 -3.793647E+002  3.270905E+003  3.292831E+003  9.854712E-003
  2.100000E-002  2.110887E+003  3.346940E+002 -2.467645E+003  2.949513E+003 -3.567581E+002  3.284207E+003  3.303528E+003  1.002102E-002
  2.200000E-002  2.115201E+003  3.417421E+002 -2.447094E+003  2.951623E+003 -3.318926E+002  3.293365E+003  3.310046E+003  1.017271E-002
  2.300000E-002  2.127584E+003  3.489664E+002 -2.430316E+003  2.958959E+003 -3.027314E+002  3.307925E+003  3.321749E+003  1.031473E-002
  2.400000E-002  2.161452E+003  3.579261E+002 -2.387735E+003  2.946249E+003 -2.262828E+002  3.304175E+003  3.311914E+003  1.055896E-002
  2.500000E-002  2.202436E+003  3.653472E+002 -2.345853E+003  2.931093E+003 -1.434169E+002  3.296440E+003  3.299559E+003  1.077057E-002
  2.600000E-002  2.209252E+003  3.712642E+002 -2.319904E+003  2.928807E+003 -1.106524E+002  3.300071E+003  3.301926E+003  1.090148E-002
  2.700000E-002  2.204563E+003  3.780579E+002 -2.288229E+003  2.922974E+003 -8.366605E+001  3.301031E+003  3.302092E+003  1.106124E-002
  2.800000E-002  2.205583E+003  3.844968E+002 -2.257238E+003  2.917277E+003 -5.165483E+001  3.301773E+003  3.302177E+003  1.121202E-002
  2.900000E-002  2.204628E+003  3.909648E+002 -2.223814E+003  2.909182E+003 -1.918532E+001  3.300146E+003  3.300202E+003  1.136962E-002
  3.000000E-002  2.203964E+003  3.972499E+002 -2.188570E+003  2.898766E+003  1.539411E+001  3.296016E+003  3.296052E+003  1.152923E-002
  3.100000E-002  2.202710E+003  4.034007E+002 -2.150749E+003  2.885213E+003  5.196020E+001  3.288614E+003  3.289025E+003  1.169464E-002
  3.200000E-002  2.202194E+003  4.094184E+002 -2.109507E+003  2.867489E+003  9.268786E+001  3.276907E+003  3.278217E+003  1.186920E-002
  3.300000E-002  2.205043E+003  4.153995E+002 -2.062213E+003  2.842712E+003  1.428302E+002  3.258111E+003  3.261241E+003  1.206381E-002
  3.400000E-002  2.207581E+003  4.208679E+002 -2.013623E+003  2.815157E+003  1.939585E+002  3.236025E+003  3.241833E+003  1.225492E-002
  3.500000E-002  2.203184E+003  4.259661E+002 -1.966570E+003  2.788279E+003  2.366146E+002  3.214245E+003  3.222943E+003  1.243695E-002
  3.600000E-002  2.195341E+003  4.311197E+002 -1.917731E+003  2.758836E+003  2.776095E+002  3.189955E+003  3.202012E+003  1.262989E-002
  3.700000E-002  2.187808E+003  4.361174E+002 -1.866393E+003  2.725351E+003  3.214148E+002  3.161468E+003  3.177765E+003  1.283318E-002
  3.800000E-002  2.179737E+003  4.408851E+002 -1.812467E+003  2.687340E+003  3.672704E+002  3.128225E+003  3.149711E+003  1.304760E-002
  3.900000E-002  2.169434E+003  4.453170E+002 -1.757330E+003  2.646114E+003  4.121045E+002  3.091431E+003  3.118778E+003  1.326801E-002
  4.000000E-002  2.155741E+003  4.494994E+002 -1.701399E+003  2.602135E+003  4.543424E+002  3.051634E+003  3.085271E+003  1.349657E-002
  4.100000E-002  2.139416E+003  4.534797E+002 -1.644312E+003  2.554763E+003  4.951042E+002  3.008242E+003  3.048713E+003  1.373748E-002
  4.200000E-002  2.120962E+003  4.572143E+002 -1.585948E+003  2.503489E+003  5.350144E+002  2.960703E+003  3.008655E+003  1.399265E-002
  4.300000E-002  2.100193E+003  4.606683E+002 -1.526438E+003  2.448147E+003  5.737546E+002  2.908815E+003  2.964861E+003  1.426374E-002
  4.400000E-002  2.076821E+003  4.638261E+002 -1.466025E+003  2.388748E+003  6.107961E+002  2.852574E+003  2.917233E+003  1.455268E-002
  4.500000E-002  2.050679E+003  4.666862E+002 -1.404909E+003  2.325262E+003  6.457698E+002  2.791949E+003  2.865658E+003  1.486218E-002
  4.600000E-002  2.021711E+003  4.692446E+002 -1.343253E+003  2.257599E+003  6.784573E+002  2.726843E+003  2.809979E+003  1.519550E-002
  4.700000E-002  1.989864E+003  4.714937E+002 -1.281217E+003  2.185650E+003  7.086470E+002  2.657144E+003  2.750017E+003  1.555643E-002
  4.800000E-002  1.955064E+003  4.734257E+002 -1.218966E+003  2.109325E+003  7.360981E+002  2.582751E+003  2.685599E+003  1.594945E-002
  4.900000E-002  1.917222E+003  4.750344E+002 -1.156672E+003  2.028551E+003  7.605502E+002  2.503585E+003  2.616558E+003  1.637988E-002
  5.000000E-002  1.876228E+003  4.763155E+002 -1.094502E+003  1.943269E+003  7.817266E+002  2.419584E+003  2.542732E+003  1.685416E-002
  5.100000E-002  1.831955E+003  4.772665E+002 -1.032612E+003  1.853432E+003  7.993425E+002  2.330698E+003  2.463961E+003  1.738014E-002
  5.200000E-002  1.784254E+003  4.778862E+002 -9.711396E+002  1.759008E+003  8.131146E+002  2.236895E+003  2.380095E+003  1.796743E-002
  5.300000E-002  1.733502E+003  4.781730E+002 -9.103638E+002  1.660294E+003  8.231386E+002  2.138467E+003  2.291418E+003  1.862452E-002
  5.400000E-002  1.680286E+003  4.781527E+002 -8.506304E+002  1.557825E+003  8.296557E+002  2.035978E+003  2.198530E+003  1.936022E-002
  5.500000E-002  1.624666E+003  4.778702E+002 -7.921251E+002  1.451986E+003  8.325414E+002  1.929856E+003  2.101778E+003  2.018805E-002
  5.600000E-002  1.566481E+003  4.773534E+002 -7.348865E+002  1.343040E+003  8.315947E+002  1.820393E+003  2.001345E+003  2.112551E-002
  5.700000E-002  1.505445E+003  4.766266E+002 -6.788320E+002  1.231220E+003  8.266130E+002  1.707847E+003  1.897374E+003  2.219489E-002
  5.800000E-002  1.441207E+003  4.757135E+002 -6.237628E+002  1.116784E+003  8.174438E+002  1.592498E+003  1.790046E+003  2.342422E-002
  5.900000E-002  1.373274E+003  4.746417E+002 -5.693563E+002  1.000051E+003  8.039172E+002  1.474693E+003  1.679584E+003  2.484941E-002
  6.000000E-002  1.301031E+003  4.734446E+002 -5.151564E+002  8.814444E+002  7.858744E+002  1.354889E+003  1.566309E+003  2.651657E-002
  6.100000E-002  1.223731E+003  4.721656E+002 -4.605668E+002  7.615452E+002  7.631637E+002  1.233711E+003  1.450676E+003  2.848526E-002
  6.200000E-002  1.140510E+003  4.708597E+002 -4.048594E+002  6.411655E+002  7.356509E+002  1.112025E+003  1.333335E+003  3.083233E-002
  6.300000E-002  1.050437E+003  4.695960E+002 -3.472153E+002  5.214604E+002  7.032216E+002  9.910564E+002  1.215201E+003  3.365620E-002
  6.400000E-002  9.526476E+002  4.684561E+002 -2.868380E+002  4.040964E+002  6.658096E+002  8.725525E+002  1.097566E+003  3.707915E-002
  6.500000E-002  8.466396E+002  4.675196E+002 -2.232449E+002  2.915498E+002  6.233947E+002  7.590694E+002  9.822460E+002  4.124200E-002
  6.600000E-002  7.328944E+002  4.668389E+002 -1.568508E+002  1.874903E+002  5.760437E+002  6.543292E+002  8.717643E+002  4.627830E-002
  6.700000E-002  6.141393E+002  4.663447E+002 -9.019561E+001  9.736916E+001  5.239437E+002  5.637139E+002  7.696040E+002  5.223094E-002
  6.800000E-002  4.978739E+002  4.656123E+002 -3.059369E+001  2.942435E+001  4.672803E+002  4.950366E+002  6.807438E+002  5.882432E-002
  6.900000E-002  4.013563E+002  4.633310E+002  4.414526E+000 -3.734958E+000  4.057708E+002  4.595961E+002  6.130893E+002  6.491230E-002
  7.000000E-002  3.423418E+002  4.565697E+002  0.000000E+000  0.000000E+000  3.423418E+002  4.565697E+002  5.706608E+002  6.873106E-002
  7.100000E-002  2.900541E+002  4.455490E+002  0.000000E+000  0.000000E+000  2.900541E+002  4.455490E+002  5.316439E+002  7.199379E-002
  7.200000E-002  2.486872E+002  4.300461E+002  0.000000E+000  0.000000E+000  2.486872E+002  4.300461E+002  4.967746E+002  7.436575E-002
  7.300000E-002  2.186684E+002  4.101277E+002  0.000000E+000  0.000000E+000  2.186684E+002  4.101277E+002  4.647802E+002  7.580291E-002
  7.400000E-002  1.997369E+002  3.859030E+002  0.000000E+000  0.000000E+000  1.997369E+002  3.859030E+002  4.345296E+002  7.629049E-002
  7.500000E-002  1.910826E+002  3.576239E+002  0.000000E+000  0.000000E+000  1.910826E+002  3.576239E+002  4.054719E+002  7.576605E-002
  7.600000E-002  1.913913E+002  3.256359E+002  0.000000E+000  0.000000E+000  1.913913E+002  3.256359E+002  3.777160E+002  7.405813E-002
  7.700000E-002  1.990065E+002  2.904041E+002  0.000000E+000  0.000000E+000  1.990065E+002  2.904041E+002  3.520485E+002  7.086027E-002
  7.800000E-002  2.120497E+002  2.524977E+002  0.000000E+000  0.000000E+000  2.120497E+002  2.524977E+002  3.297274E+002  6.578106E-002
  7.900000E-002  2.285891E+002  2.125817E+002  0.000000E+000  0.000000E+000  2.285891E+002  2.125817E+002  3.121602E+002  5.849813E-002
  8.000000E-002  2.467577E+002  1.713963E+002  0.000000E+000  0.000000E+000  2.467577E+002  1.713963E+002  3.004431E+002  4.900342E-002
  8.100000E-002  2.648483E+002  1.297352E+002  0.000000E+000  0.000000E+000  2.648483E+002  1.297352E+002  2.949167E+002  3.778653E-002
  8.200000E-002  2.812963E+002  8.842800E+001  0.000000E+000  0.000000E+000  2.812963E+002  8.842800E+001  2.948679E+002  2.575894E-002
  8.300000E-002  2.941452E+002  4.833735E+001  0.000000E+000  0.000000E+000  2.941452E+002  4.833735E+001  2.980904E+002  1.392768E-002
  8.400000E-002  2.788715E+002  1.043302E+001  0.000000E+000  0.000000E+000  2.788715E+002  1.043302E+001  2.790666E+002  3.210602E-003
  8.500000E-002  0.000000E+000  0.000000E+000  0.000000E+000  0.000000E+000  0.000000E+000  0.000000E+000  0.000000E+000  0.000000E+000
