 FILE: 7segsprint.11

 *** Replace this line with a message to appear on all output files.                                    


        T             RX1            RY1            RX2            RY2            RX             RY             GRF            COP
       (S)            (N)            (N)            (N)            (N)            (N)            (N)            (N)            (M)

  0.000000E+000  0.000000E+000  0.000000E+000 -6.283502E-019  2.088832E-012 -6.283502E-019  2.088832E-012  2.088832E-012 -1.387779E-017
  1.000000E-003  0.000000E+000  0.000000E+000 -5.995915E+002  1.924717E+003 -5.995915E+002  1.924717E+003  2.015948E+003  9.197333E-004
  2.000000E-003  0.000000E+000  0.000000E+000 -2.015409E+003  3.613166E+003 -2.015409E+003  3.613166E+003  4.137250E+003  1.506389E-003
  3.000000E-003 -2.119781E+003  1.213034E+001 -3.358856E+003  4.498265E+003 -5.478637E+003  4.510395E+003  7.096417E+003  1.611609E-003
  4.000000E-003  8.852622E+002  7.143708E+001 -2.550520E+003  3.737469E+003 -1.665257E+003  3.808906E+003  4.157024E+003  3.384812E-003
  5.000000E-003  1.224984E+003  1.119519E+002 -1.908805E+003  3.071482E+003 -6.838203E+002  3.183434E+003  3.256050E+003  4.788684E-003
  6.000000E-003  1.115877E+003  1.263130E+002 -1.688240E+003  2.793556E+003 -5.723630E+002  2.919869E+003  2.975439E+003  5.428456E-003
  7.000000E-003  1.052387E+003  1.254752E+002 -1.643441E+003  2.687095E+003 -5.910541E+002  2.812570E+003  2.874003E+003  5.546300E-003
  8.000000E-003  1.064968E+003  1.198158E+002 -1.677757E+003  2.675416E+003 -6.127895E+002  2.795232E+003  2.861614E+003  5.435945E-003
  9.000000E-003  1.110473E+003  1.150256E+002 -1.742366E+003  2.716841E+003 -6.318938E+002  2.831867E+003  2.901510E+003  5.286887E-003
  1.000000E-002  1.167363E+003  1.133485E+002 -1.803911E+003  2.777736E+003 -6.365480E+002  2.891085E+003  2.960332E+003  5.196777E-003
  1.100000E-002  1.220961E+003  1.149818E+002 -1.845893E+003  2.838156E+003 -6.249321E+002  2.953138E+003  3.018537E+003  5.186042E-003
  1.200000E-002  1.262055E+003  1.191160E+002 -1.866031E+003  2.889735E+003 -6.039765E+002  3.008851E+003  3.068872E+003  5.237445E-003
  1.300000E-002  1.288405E+003  1.246646E+002 -1.869703E+003  2.930959E+003 -5.812980E+002  3.055624E+003  3.110425E+003  5.325053E-003
  1.400000E-002  1.303350E+003  1.307044E+002 -1.863873E+003  2.963327E+003 -5.605227E+002  3.094031E+003  3.144394E+003  5.427549E-003
  1.500000E-002  1.312288E+003  1.366505E+002 -1.853865E+003  2.989148E+003 -5.415767E+002  3.125799E+003  3.172369E+003  5.531649E-003
  1.600000E-002  1.319738E+003  1.422390E+002 -1.842653E+003  3.010513E+003 -5.229142E+002  3.152752E+003  3.195823E+003  5.631040E-003
  1.700000E-002  1.328246E+003  1.474226E+002 -1.831370E+003  3.028897E+003 -5.031238E+002  3.176319E+003  3.215919E+003  5.723998E-003
  1.800000E-002  1.338648E+003  1.522600E+002 -1.820088E+003  3.045126E+003 -4.814397E+002  3.197387E+003  3.233429E+003  5.811184E-003
  1.900000E-002  1.350784E+003  1.568370E+002 -1.808444E+003  3.059538E+003 -4.576597E+002  3.216375E+003  3.248772E+003  5.894077E-003
  2.000000E-002  1.364110E+003  1.612261E+002 -1.796027E+003  3.072184E+003 -4.319165E+002  3.233410E+003  3.262130E+003  5.974100E-003
  2.100000E-002  1.378064E+003  1.654735E+002 -1.782544E+003  3.083003E+003 -4.044799E+002  3.248477E+003  3.273561E+003  6.052275E-003
  2.200000E-002  1.392225E+003  1.696019E+002 -1.767859E+003  3.091920E+003 -3.756346E+002  3.261522E+003  3.283082E+003  6.129193E-003
  2.300000E-002  1.406335E+003  1.736179E+002 -1.751955E+003  3.098890E+003 -3.456200E+002  3.272508E+003  3.290708E+003  6.205131E-003
  2.400000E-002  1.420267E+003  1.775200E+002 -1.734884E+003  3.103898E+003 -3.146171E+002  3.281418E+003  3.296465E+003  6.280184E-003
  2.500000E-002  1.433971E+003  1.813038E+002 -1.716726E+003  3.106952E+003 -2.827553E+002  3.288256E+003  3.300390E+003  6.354378E-003
  2.600000E-002  1.447430E+003  1.849652E+002 -1.697563E+003  3.108070E+003 -2.501327E+002  3.293035E+003  3.302521E+003  6.427733E-003
  2.700000E-002  1.460636E+003  1.885010E+002 -1.677466E+003  3.107264E+003 -2.168291E+002  3.295765E+003  3.302890E+003  6.500293E-003
  2.800000E-002  1.473575E+003  1.919094E+002 -1.656490E+003  3.104538E+003 -1.829155E+002  3.296447E+003  3.301518E+003  6.572134E-003
  2.900000E-002  1.486222E+003  1.951893E+002 -1.634678E+003  3.099881E+003 -1.484566E+002  3.295070E+003  3.298413E+003  6.643369E-003
  3.000000E-002  1.498544E+003  1.983402E+002 -1.612059E+003  3.093266E+003 -1.135147E+002  3.291606E+003  3.293563E+003  6.714144E-003
  3.100000E-002  1.510499E+003  2.013614E+002 -1.588654E+003  3.084654E+003 -7.815486E+001  3.286015E+003  3.286944E+003  6.784620E-003
  3.200000E-002  1.522031E+003  2.042519E+002 -1.564478E+003  3.073995E+003 -4.244708E+001  3.278247E+003  3.278522E+003  6.854977E-003
  3.300000E-002  1.533078E+003  2.070101E+002 -1.539547E+003  3.061233E+003 -6.468435E+000  3.268243E+003  3.268250E+003  6.925398E-003
  3.400000E-002  1.543573E+003  2.096340E+002 -1.513871E+003  3.046302E+003  2.970181E+001  3.255936E+003  3.256072E+003  6.996080E-003
  3.500000E-002  1.553436E+003  2.121206E+002 -1.487461E+003  3.029132E+003  6.597485E+001  3.241253E+003  3.241924E+003  7.067222E-003
  3.600000E-002  1.562585E+003  2.144664E+002 -1.460330E+003  3.009650E+003  1.022550E+002  3.224116E+003  3.225737E+003  7.139035E-003
  3.700000E-002  1.570931E+003  2.166672E+002 -1.432491E+003  2.987780E+003  1.384400E+002  3.204447E+003  3.207436E+003  7.211732E-003
  3.800000E-002  1.578381E+003  2.187180E+002 -1.403957E+003  2.963447E+003  1.744240E+002  3.182165E+003  3.186942E+003  7.285537E-003
  3.900000E-002  1.584847E+003  2.206135E+002 -1.374743E+003  2.936572E+003  2.101044E+002  3.157186E+003  3.164169E+003  7.360689E-003
  4.000000E-002  1.590247E+003  2.223478E+002 -1.344860E+003  2.907072E+003  2.453869E+002  3.129420E+003  3.139026E+003  7.437451E-003
  4.100000E-002  1.594505E+003  2.239147E+002 -1.314319E+003  2.874856E+003  2.801865E+002  3.098771E+003  3.111412E+003  7.516119E-003
  4.200000E-002  1.597544E+003  2.253084E+002 -1.283123E+003  2.839830E+003  3.144212E+002  3.065139E+003  3.081223E+003  7.597032E-003
  4.300000E-002  1.599282E+003  2.265226E+002 -1.251278E+003  2.801899E+003  3.480041E+002  3.028421E+003  3.048351E+003  7.680566E-003
  4.400000E-002  1.599627E+003  2.275515E+002 -1.218789E+003  2.760970E+003  3.808378E+002  2.988521E+003  3.012690E+003  7.767138E-003
  4.500000E-002  1.598480E+003  2.283889E+002 -1.185667E+003  2.716959E+003  4.128129E+002  2.945348E+003  2.974137E+003  7.857207E-003
  4.600000E-002  1.595735E+003  2.290287E+002 -1.151924E+003  2.669789E+003  4.438108E+002  2.898818E+003  2.932595E+003  7.951278E-003
  4.700000E-002  1.591285E+003  2.294647E+002 -1.117577E+003  2.619387E+003  4.737076E+002  2.848852E+003  2.887967E+003  8.049917E-003
  4.800000E-002  1.585021E+003  2.296910E+002 -1.082645E+003  2.565686E+003  5.023756E+002  2.795377E+003  2.840161E+003  8.153771E-003
  4.900000E-002  1.576832E+003  2.297016E+002 -1.047149E+003  2.508623E+003  5.296829E+002  2.738324E+003  2.789083E+003  8.263579E-003
  5.000000E-002  1.566605E+003  2.294910E+002 -1.011112E+003  2.448138E+003  5.554927E+002  2.677629E+003  2.734643E+003  8.380198E-003
  5.100000E-002  1.554224E+003  2.290538E+002 -9.745588E+002  2.384176E+003  5.796651E+002  2.613230E+003  2.676749E+003  8.504632E-003
  5.200000E-002  1.539570E+003  2.283851E+002 -9.375141E+002  2.316682E+003  6.020564E+002  2.545067E+003  2.615309E+003  8.638066E-003
  5.300000E-002  1.522528E+003  2.274802E+002 -9.000043E+002  2.245605E+003  6.225232E+002  2.473085E+003  2.550232E+003  8.781897E-003
  5.400000E-002  1.503715E+003  2.263353E+002 -8.621440E+002  2.171116E+003  6.415714E+002  2.397452E+003  2.481811E+003  8.936532E-003
  5.500000E-002  1.483446E+003  2.249510E+002 -8.241778E+002  2.093733E+003  6.592680E+002  2.318684E+003  2.410587E+003  9.101831E-003
  5.600000E-002  1.461612E+003  2.233361E+002 -7.862479E+002  2.013736E+003  6.753640E+002  2.237072E+003  2.336794E+003  9.278944E-003
  5.700000E-002  1.438142E+003  2.215036E+002 -7.484359E+002  1.931261E+003  6.897064E+002  2.152765E+003  2.260551E+003  9.469747E-003
  5.800000E-002  1.412967E+003  2.194667E+002 -7.107971E+002  1.846380E+003  7.021698E+002  2.065847E+003  2.181918E+003  9.676654E-003
  5.900000E-002  1.386014E+003  2.172371E+002 -6.733736E+002  1.759135E+003  7.126408E+002  1.976372E+003  2.100929E+003  9.902555E-003
  6.000000E-002  1.357209E+003  2.148249E+002 -6.362007E+002  1.669570E+003  7.210085E+002  1.884395E+003  2.017621E+003  1.015084E-002
  6.100000E-002  1.326469E+003  2.122387E+002 -5.993075E+002  1.577738E+003  7.271615E+002  1.789977E+003  1.932041E+003  1.042547E-002
  6.200000E-002  1.293705E+003  2.094869E+002 -5.627126E+002  1.483709E+003  7.309921E+002  1.693196E+003  1.844251E+003  1.073120E-002
  6.300000E-002  1.258818E+003  2.065781E+002 -5.264180E+002  1.387555E+003  7.324000E+002  1.594134E+003  1.754329E+003  1.107377E-002
  6.400000E-002  1.221694E+003  2.035214E+002 -4.904032E+002  1.289360E+003  7.312911E+002  1.492882E+003  1.662372E+003  1.146027E-002
  6.500000E-002  1.182196E+003  2.003269E+002 -4.546219E+002  1.189216E+003  7.275738E+002  1.389543E+003  1.568500E+003  1.189948E-002
  6.600000E-002  1.140155E+003  1.970057E+002 -4.189977E+002  1.087236E+003  7.211571E+002  1.284242E+003  1.472870E+003  1.240236E-002
  6.700000E-002  1.095369E+003  1.935701E+002 -3.834188E+002  9.835658E+002  7.119505E+002  1.177136E+003  1.375690E+003  1.298266E-002
  6.800000E-002  1.047598E+003  1.900335E+002 -3.477336E+002  8.783950E+002  6.998648E+002  1.068428E+003  1.277243E+003  1.365769E-002
  6.900000E-002  9.965593E+002  1.864110E+002 -3.117461E+002  7.719853E+002  6.848133E+002  9.583962E+002  1.177919E+003  1.444922E-002
  7.000000E-002  9.419298E+002  1.827194E+002 -2.752148E+002  6.647034E+002  6.667150E+002  8.474228E+002  1.078255E+003  1.538435E-002
  7.100000E-002  8.833586E+002  1.789775E+002 -2.378554E+002  5.570675E+002  6.455033E+002  7.360450E+002  9.789978E+002  1.649612E-002
  7.200000E-002  8.204888E+002  1.752067E+002 -1.993492E+002  4.498048E+002  6.211397E+002  6.250115E+002  8.811662E+002  1.782310E-002
  7.300000E-002  7.530003E+002  1.714315E+002 -1.593641E+002  3.439194E+002  5.936361E+002  5.153509E+002  7.861236E+002  1.940620E-002
  7.400000E-002  6.806788E+002  1.676790E+002 -1.176149E+002  2.408123E+002  5.630639E+002  4.084913E+002  6.956336E+002  2.127962E-002
  7.500000E-002  6.035555E+002  1.639781E+002 -7.397949E+001  1.424362E+002  5.295760E+002  3.064143E+002  6.118337E+002  2.345187E-002
  7.600000E-002  5.221466E+002  1.603555E+002 -2.872119E+001  5.150051E+001  4.934254E+002  2.118560E+002  5.369838E+002  2.587839E-002
  7.700000E-002  4.470806E+002  1.568216E+002  0.000000E+000  0.000000E+000  4.470806E+002  1.568216E+002  4.737869E+002  2.849965E-002
  7.800000E-002  3.904173E+002  1.531227E+002  0.000000E+000  0.000000E+000  3.904173E+002  1.531227E+002  4.193712E+002  3.143735E-002
  7.900000E-002  3.401515E+002  1.486283E+002  0.000000E+000  0.000000E+000  3.401515E+002  1.486283E+002  3.712054E+002  3.447322E-002
  8.000000E-002  2.978850E+002  1.427568E+002  0.000000E+000  0.000000E+000  2.978850E+002  1.427568E+002  3.303256E+002  3.720827E-002
  8.100000E-002  2.645298E+002  1.350542E+002  0.000000E+000  0.000000E+000  2.645298E+002  1.350542E+002  2.970112E+002  3.914817E-002
  8.200000E-002  2.403398E+002  1.251873E+002  0.000000E+000  0.000000E+000  2.403398E+002  1.251873E+002  2.709891E+002  3.977189E-002
  8.300000E-002  2.250069E+002  1.129305E+002  0.000000E+000  0.000000E+000  2.250069E+002  1.129305E+002  2.517566E+002  3.861800E-002
  8.400000E-002  2.177679E+002  9.815420E+001  0.000000E+000  0.000000E+000  2.177679E+002  9.815420E+001  2.388663E+002  3.537564E-002
  8.500000E-002  2.175352E+002  8.081333E+001  0.000000E+000  0.000000E+000  2.175352E+002  8.081333E+001  2.320611E+002  2.997923E-002
  8.600000E-002  2.229799E+002  6.093718E+001  0.000000E+000  0.000000E+000  2.229799E+002  6.093718E+001  2.311566E+002  2.269355E-002
  8.700000E-002  2.323677E+002  3.862180E+001  0.000000E+000  0.000000E+000  2.323677E+002  3.862180E+001  2.355555E+002  1.411384E-002
  8.800000E-002  2.382317E+002  1.404683E+001  0.000000E+000  0.000000E+000  2.382317E+002  1.404683E+001  2.386455E+002  5.066277E-003
  8.860000E-002  0.000000E+000  0.000000E+000  0.000000E+000  0.000000E+000  0.000000E+000  0.000000E+000  0.000000E+000  0.000000E+000
