 FILE: 7segsprint.10

 *** Replace this line with a message to appear on all output files.                                    


        T            METOR          MEACT         MECCANG      MECCANGVEL      MESECANG      MESECANGVEL       MFTOR          MFACT         MFCCANG      MFCCANGVEL      MFSECANG      MFSECANGVEL
       (S)           (N/M)         (UNITS)         (DEG)         (DEG/S)         (DEG)         (DEG/S)         (N/M)         (UNITS)         (DEG)         (DEG/S)         (DEG)         (DEG/S)

  0.000000E+000  0.000000E+000  9.999842E-001  0.000000E+000  0.000000E+000  0.000000E+000  0.000000E+000  0.000000E+000  2.421455E-002  0.000000E+000  0.000000E+000  0.000000E+000  0.000000E+000
  1.000000E-003  0.000000E+000  9.999842E-001  0.000000E+000  0.000000E+000  0.000000E+000  0.000000E+000  0.000000E+000  2.421455E-002  0.000000E+000  0.000000E+000  0.000000E+000  0.000000E+000
  2.000000E-003  0.000000E+000  9.999842E-001  0.000000E+000  0.000000E+000  0.000000E+000  0.000000E+000  0.000000E+000  2.421455E-002  0.000000E+000  0.000000E+000  0.000000E+000  0.000000E+000
  3.000000E-003  0.000000E+000  9.999842E-001  0.000000E+000  0.000000E+000  0.000000E+000  0.000000E+000  0.000000E+000  2.421455E-002  0.000000E+000  0.000000E+000  0.000000E+000  0.000000E+000
  4.000000E-003  0.000000E+000  9.999842E-001  0.000000E+000  0.000000E+000  0.000000E+000  0.000000E+000  0.000000E+000  2.421455E-002  0.000000E+000  0.000000E+000  0.000000E+000  0.000000E+000
  5.000000E-003  0.000000E+000  9.999842E-001  0.000000E+000  0.000000E+000  0.000000E+000  0.000000E+000  0.000000E+000  2.421455E-002  0.000000E+000  0.000000E+000  0.000000E+000  0.000000E+000
  6.000000E-003  0.000000E+000  9.999842E-001  0.000000E+000  0.000000E+000  0.000000E+000  0.000000E+000  0.000000E+000  2.421455E-002  0.000000E+000  0.000000E+000  0.000000E+000  0.000000E+000
  7.000000E-003  0.000000E+000  9.999842E-001  0.000000E+000  0.000000E+000  0.000000E+000  0.000000E+000  0.000000E+000  2.421455E-002  0.000000E+000  0.000000E+000  0.000000E+000  0.000000E+000
  8.000000E-003  0.000000E+000  9.999842E-001  0.000000E+000  0.000000E+000  0.000000E+000  0.000000E+000  0.000000E+000  2.421455E-002  0.000000E+000  0.000000E+000  0.000000E+000  0.000000E+000
  9.000000E-003  0.000000E+000  9.999842E-001  0.000000E+000  0.000000E+000  0.000000E+000  0.000000E+000  0.000000E+000  2.421455E-002  0.000000E+000  0.000000E+000  0.000000E+000  0.000000E+000
  1.000000E-002  0.000000E+000  9.999842E-001  0.000000E+000  0.000000E+000  0.000000E+000  0.000000E+000  0.000000E+000  2.421455E-002  0.000000E+000  0.000000E+000  0.000000E+000  0.000000E+000
  1.100000E-002  0.000000E+000  9.999842E-001  0.000000E+000  0.000000E+000  0.000000E+000  0.000000E+000  0.000000E+000  2.421455E-002  0.000000E+000  0.000000E+000  0.000000E+000  0.000000E+000
  1.200000E-002  0.000000E+000  9.999842E-001  0.000000E+000  0.000000E+000  0.000000E+000  0.000000E+000  0.000000E+000  2.421455E-002  0.000000E+000  0.000000E+000  0.000000E+000  0.000000E+000
  1.300000E-002  0.000000E+000  9.999842E-001  0.000000E+000  0.000000E+000  0.000000E+000  0.000000E+000  0.000000E+000  2.421455E-002  0.000000E+000  0.000000E+000  0.000000E+000  0.000000E+000
  1.400000E-002  0.000000E+000  9.999842E-001  0.000000E+000  0.000000E+000  0.000000E+000  0.000000E+000  0.000000E+000  2.421455E-002  0.000000E+000  0.000000E+000  0.000000E+000  0.000000E+000
  1.500000E-002  0.000000E+000  9.999842E-001  0.000000E+000  0.000000E+000  0.000000E+000  0.000000E+000  0.000000E+000  2.421455E-002  0.000000E+000  0.000000E+000  0.000000E+000  0.000000E+000
  1.600000E-002  0.000000E+000  9.999842E-001  0.000000E+000  0.000000E+000  0.000000E+000  0.000000E+000  0.000000E+000  2.421455E-002  0.000000E+000  0.000000E+000  0.000000E+000  0.000000E+000
  1.700000E-002  0.000000E+000  9.999842E-001  0.000000E+000  0.000000E+000  0.000000E+000  0.000000E+000  0.000000E+000  2.421455E-002  0.000000E+000  0.000000E+000  0.000000E+000  0.000000E+000
  1.800000E-002  0.000000E+000  9.999842E-001  0.000000E+000  0.000000E+000  0.000000E+000  0.000000E+000  0.000000E+000  2.421455E-002  0.000000E+000  0.000000E+000  0.000000E+000  0.000000E+000
  1.900000E-002  0.000000E+000  9.999842E-001  0.000000E+000  0.000000E+000  0.000000E+000  0.000000E+000  0.000000E+000  2.421455E-002  0.000000E+000  0.000000E+000  0.000000E+000  0.000000E+000
  2.000000E-002  0.000000E+000  9.999842E-001  0.000000E+000  0.000000E+000  0.000000E+000  0.000000E+000  0.000000E+000  2.421455E-002  0.000000E+000  0.000000E+000  0.000000E+000  0.000000E+000
  2.100000E-002  0.000000E+000  9.999842E-001  0.000000E+000  0.000000E+000  0.000000E+000  0.000000E+000  0.000000E+000  2.421455E-002  0.000000E+000  0.000000E+000  0.000000E+000  0.000000E+000
  2.200000E-002  0.000000E+000  9.999842E-001  0.000000E+000  0.000000E+000  0.000000E+000  0.000000E+000  0.000000E+000  2.421455E-002  0.000000E+000  0.000000E+000  0.000000E+000  0.000000E+000
  2.300000E-002  0.000000E+000  9.999842E-001  0.000000E+000  0.000000E+000  0.000000E+000  0.000000E+000  0.000000E+000  2.421455E-002  0.000000E+000  0.000000E+000  0.000000E+000  0.000000E+000
  2.400000E-002  0.000000E+000  9.999842E-001  0.000000E+000  0.000000E+000  0.000000E+000  0.000000E+000  0.000000E+000  2.421456E-002  0.000000E+000  0.000000E+000  0.000000E+000  0.000000E+000
  2.500000E-002  0.000000E+000  9.999842E-001  0.000000E+000  0.000000E+000  0.000000E+000  0.000000E+000  0.000000E+000  2.421509E-002  0.000000E+000  0.000000E+000  0.000000E+000  0.000000E+000
  2.600000E-002  0.000000E+000  9.999841E-001  0.000000E+000  0.000000E+000  0.000000E+000  0.000000E+000  0.000000E+000  2.421744E-002  0.000000E+000  0.000000E+000  0.000000E+000  0.000000E+000
  2.700000E-002  0.000000E+000  9.999841E-001  0.000000E+000  0.000000E+000  0.000000E+000  0.000000E+000  0.000000E+000  2.422295E-002  0.000000E+000  0.000000E+000  0.000000E+000  0.000000E+000
  2.800000E-002  0.000000E+000  9.999840E-001  0.000000E+000  0.000000E+000  0.000000E+000  0.000000E+000  0.000000E+000  2.423292E-002  0.000000E+000  0.000000E+000  0.000000E+000  0.000000E+000
  2.900000E-002  0.000000E+000  9.999839E-001  0.000000E+000  0.000000E+000  0.000000E+000  0.000000E+000  0.000000E+000  2.424860E-002  0.000000E+000  0.000000E+000  0.000000E+000  0.000000E+000
  3.000000E-002  0.000000E+000  9.999836E-001  0.000000E+000  0.000000E+000  0.000000E+000  0.000000E+000  0.000000E+000  2.427124E-002  0.000000E+000  0.000000E+000  0.000000E+000  0.000000E+000
  3.100000E-002  0.000000E+000  9.999833E-001  0.000000E+000  0.000000E+000  0.000000E+000  0.000000E+000  0.000000E+000  2.430203E-002  0.000000E+000  0.000000E+000  0.000000E+000  0.000000E+000
  3.200000E-002  0.000000E+000  9.999829E-001  0.000000E+000  0.000000E+000  0.000000E+000  0.000000E+000  0.000000E+000  2.434214E-002  0.000000E+000  0.000000E+000  0.000000E+000  0.000000E+000
  3.300000E-002  0.000000E+000  9.999823E-001  0.000000E+000  0.000000E+000  0.000000E+000  0.000000E+000  0.000000E+000  2.439268E-002  0.000000E+000  0.000000E+000  0.000000E+000  0.000000E+000
  3.400000E-002  0.000000E+000  9.999816E-001  0.000000E+000  0.000000E+000  0.000000E+000  0.000000E+000  0.000000E+000  2.445477E-002  0.000000E+000  0.000000E+000  0.000000E+000  0.000000E+000
  3.500000E-002  0.000000E+000  9.999807E-001  0.000000E+000  0.000000E+000  0.000000E+000  0.000000E+000  0.000000E+000  2.452946E-002  0.000000E+000  0.000000E+000  0.000000E+000  0.000000E+000
  3.600000E-002  0.000000E+000  9.999797E-001  0.000000E+000  0.000000E+000  0.000000E+000  0.000000E+000  0.000000E+000  2.461779E-002  0.000000E+000  0.000000E+000  0.000000E+000  0.000000E+000
  3.700000E-002  0.000000E+000  9.999785E-001  0.000000E+000  0.000000E+000  0.000000E+000  0.000000E+000  0.000000E+000  2.472075E-002  0.000000E+000  0.000000E+000  0.000000E+000  0.000000E+000
  3.800000E-002  0.000000E+000  9.999771E-001  0.000000E+000  0.000000E+000  0.000000E+000  0.000000E+000  0.000000E+000  2.483932E-002  0.000000E+000  0.000000E+000  0.000000E+000  0.000000E+000
  3.900000E-002  0.000000E+000  9.999755E-001  0.000000E+000  0.000000E+000  0.000000E+000  0.000000E+000  0.000000E+000  2.497444E-002  0.000000E+000  0.000000E+000  0.000000E+000  0.000000E+000
  4.000000E-002  0.000000E+000  9.999737E-001  0.000000E+000  0.000000E+000  0.000000E+000  0.000000E+000  0.000000E+000  2.512699E-002  0.000000E+000  0.000000E+000  0.000000E+000  0.000000E+000
  4.100000E-002  0.000000E+000  9.999716E-001  0.000000E+000  0.000000E+000  0.000000E+000  0.000000E+000  0.000000E+000  2.529788E-002  0.000000E+000  0.000000E+000  0.000000E+000  0.000000E+000
  4.200000E-002  0.000000E+000  9.999693E-001  0.000000E+000  0.000000E+000  0.000000E+000  0.000000E+000  0.000000E+000  2.548792E-002  0.000000E+000  0.000000E+000  0.000000E+000  0.000000E+000
  4.300000E-002  0.000000E+000  9.999667E-001  0.000000E+000  0.000000E+000  0.000000E+000  0.000000E+000  0.000000E+000  2.569795E-002  0.000000E+000  0.000000E+000  0.000000E+000  0.000000E+000
  4.400000E-002  0.000000E+000  9.999639E-001  0.000000E+000  0.000000E+000  0.000000E+000  0.000000E+000  0.000000E+000  2.592874E-002  0.000000E+000  0.000000E+000  0.000000E+000  0.000000E+000
  4.500000E-002  0.000000E+000  9.999608E-001  0.000000E+000  0.000000E+000  0.000000E+000  0.000000E+000  0.000000E+000  2.618104E-002  0.000000E+000  0.000000E+000  0.000000E+000  0.000000E+000
  4.600000E-002  0.000000E+000  9.999574E-001  0.000000E+000  0.000000E+000  0.000000E+000  0.000000E+000  0.000000E+000  2.645559E-002  0.000000E+000  0.000000E+000  0.000000E+000  0.000000E+000
  4.700000E-002  0.000000E+000  9.999537E-001  0.000000E+000  0.000000E+000  0.000000E+000  0.000000E+000  0.000000E+000  2.675307E-002  0.000000E+000  0.000000E+000  0.000000E+000  0.000000E+000
  4.800000E-002  0.000000E+000  9.999497E-001  0.000000E+000  0.000000E+000  0.000000E+000  0.000000E+000  0.000000E+000  2.707415E-002  0.000000E+000  0.000000E+000  0.000000E+000  0.000000E+000
  4.900000E-002  0.000000E+000  9.999454E-001  0.000000E+000  0.000000E+000  0.000000E+000  0.000000E+000  0.000000E+000  2.741947E-002  0.000000E+000  0.000000E+000  0.000000E+000  0.000000E+000
  5.000000E-002  0.000000E+000  9.999408E-001  0.000000E+000  0.000000E+000  0.000000E+000  0.000000E+000  0.000000E+000  2.778965E-002  0.000000E+000  0.000000E+000  0.000000E+000  0.000000E+000
  5.100000E-002  0.000000E+000  9.999359E-001  0.000000E+000  0.000000E+000  0.000000E+000  0.000000E+000  0.000000E+000  2.818525E-002  0.000000E+000  0.000000E+000  0.000000E+000  0.000000E+000
  5.200000E-002  0.000000E+000  9.999306E-001  0.000000E+000  0.000000E+000  0.000000E+000  0.000000E+000  0.000000E+000  2.860685E-002  0.000000E+000  0.000000E+000  0.000000E+000  0.000000E+000
  5.300000E-002  0.000000E+000  9.999249E-001  0.000000E+000  0.000000E+000  0.000000E+000  0.000000E+000  0.000000E+000  2.905495E-002  0.000000E+000  0.000000E+000  0.000000E+000  0.000000E+000
  5.400000E-002  0.000000E+000  9.999189E-001  0.000000E+000  0.000000E+000  0.000000E+000  0.000000E+000  0.000000E+000  2.953007E-002  0.000000E+000  0.000000E+000  0.000000E+000  0.000000E+000
  5.500000E-002  0.000000E+000  9.999125E-001  0.000000E+000  0.000000E+000  0.000000E+000  0.000000E+000  0.000000E+000  3.003268E-002  0.000000E+000  0.000000E+000  0.000000E+000  0.000000E+000
  5.600000E-002  0.000000E+000  9.999058E-001  0.000000E+000  0.000000E+000  0.000000E+000  0.000000E+000  0.000000E+000  3.056322E-002  0.000000E+000  0.000000E+000  0.000000E+000  0.000000E+000
  5.700000E-002  0.000000E+000  9.998987E-001  0.000000E+000  0.000000E+000  0.000000E+000  0.000000E+000  0.000000E+000  3.112211E-002  0.000000E+000  0.000000E+000  0.000000E+000  0.000000E+000
  5.800000E-002  0.000000E+000  9.998912E-001  0.000000E+000  0.000000E+000  0.000000E+000  0.000000E+000  0.000000E+000  3.170975E-002  0.000000E+000  0.000000E+000  0.000000E+000  0.000000E+000
  5.900000E-002  0.000000E+000  9.998833E-001  0.000000E+000  0.000000E+000  0.000000E+000  0.000000E+000  0.000000E+000  3.232651E-002  0.000000E+000  0.000000E+000  0.000000E+000  0.000000E+000
  6.000000E-002  0.000000E+000  9.998750E-001  0.000000E+000  0.000000E+000  0.000000E+000  0.000000E+000  0.000000E+000  3.297274E-002  0.000000E+000  0.000000E+000  0.000000E+000  0.000000E+000
  6.100000E-002  0.000000E+000  9.998664E-001  0.000000E+000  0.000000E+000  0.000000E+000  0.000000E+000  0.000000E+000  3.364874E-002  0.000000E+000  0.000000E+000  0.000000E+000  0.000000E+000
  6.200000E-002  0.000000E+000  9.998573E-001  0.000000E+000  0.000000E+000  0.000000E+000  0.000000E+000  0.000000E+000  3.435482E-002  0.000000E+000  0.000000E+000  0.000000E+000  0.000000E+000
  6.300000E-002  0.000000E+000  9.998478E-001  0.000000E+000  0.000000E+000  0.000000E+000  0.000000E+000  0.000000E+000  3.509125E-002  0.000000E+000  0.000000E+000  0.000000E+000  0.000000E+000
  6.400000E-002  0.000000E+000  9.998379E-001  0.000000E+000  0.000000E+000  0.000000E+000  0.000000E+000  0.000000E+000  3.585827E-002  0.000000E+000  0.000000E+000  0.000000E+000  0.000000E+000
  6.500000E-002  0.000000E+000  9.998276E-001  0.000000E+000  0.000000E+000  0.000000E+000  0.000000E+000  0.000000E+000  3.665611E-002  0.000000E+000  0.000000E+000  0.000000E+000  0.000000E+000
  6.600000E-002  0.000000E+000  9.998168E-001  0.000000E+000  0.000000E+000  0.000000E+000  0.000000E+000  0.000000E+000  3.748496E-002  0.000000E+000  0.000000E+000  0.000000E+000  0.000000E+000
  6.700000E-002  0.000000E+000  9.998056E-001  0.000000E+000  0.000000E+000  0.000000E+000  0.000000E+000  0.000000E+000  3.834501E-002  0.000000E+000  0.000000E+000  0.000000E+000  0.000000E+000
  6.800000E-002  0.000000E+000  9.997940E-001  0.000000E+000  0.000000E+000  0.000000E+000  0.000000E+000  0.000000E+000  3.923640E-002  0.000000E+000  0.000000E+000  0.000000E+000  0.000000E+000
  6.900000E-002  0.000000E+000  9.997820E-001  0.000000E+000  0.000000E+000  0.000000E+000  0.000000E+000  0.000000E+000  4.015926E-002  0.000000E+000  0.000000E+000  0.000000E+000  0.000000E+000
  7.000000E-002  0.000000E+000  9.997696E-001  0.000000E+000  0.000000E+000  0.000000E+000  0.000000E+000  0.000000E+000  4.111371E-002  0.000000E+000  0.000000E+000  0.000000E+000  0.000000E+000
  7.100000E-002  0.000000E+000  9.997567E-001  0.000000E+000  0.000000E+000  0.000000E+000  0.000000E+000  0.000000E+000  4.209983E-002  0.000000E+000  0.000000E+000  0.000000E+000  0.000000E+000
  7.200000E-002  0.000000E+000  9.997433E-001  0.000000E+000  0.000000E+000  0.000000E+000  0.000000E+000  0.000000E+000  4.311769E-002  0.000000E+000  0.000000E+000  0.000000E+000  0.000000E+000
  7.300000E-002  0.000000E+000  9.997295E-001  0.000000E+000  0.000000E+000  0.000000E+000  0.000000E+000  0.000000E+000  4.416733E-002  0.000000E+000  0.000000E+000  0.000000E+000  0.000000E+000
  7.400000E-002  0.000000E+000  9.997153E-001  0.000000E+000  0.000000E+000  0.000000E+000  0.000000E+000  0.000000E+000  4.524877E-002  0.000000E+000  0.000000E+000  0.000000E+000  0.000000E+000
  7.500000E-002  0.000000E+000  9.997007E-001  0.000000E+000  0.000000E+000  0.000000E+000  0.000000E+000  0.000000E+000  4.636202E-002  0.000000E+000  0.000000E+000  0.000000E+000  0.000000E+000
  7.600000E-002  0.000000E+000  9.996855E-001  0.000000E+000  0.000000E+000  0.000000E+000  0.000000E+000  0.000000E+000  4.750706E-002  0.000000E+000  0.000000E+000  0.000000E+000  0.000000E+000
  7.700000E-002  0.000000E+000  9.996700E-001  0.000000E+000  0.000000E+000  0.000000E+000  0.000000E+000  0.000000E+000  4.868384E-002  0.000000E+000  0.000000E+000  0.000000E+000  0.000000E+000
  7.800000E-002  0.000000E+000  9.996540E-001  0.000000E+000  0.000000E+000  0.000000E+000  0.000000E+000  0.000000E+000  4.989232E-002  0.000000E+000  0.000000E+000  0.000000E+000  0.000000E+000
  7.900000E-002  0.000000E+000  9.996375E-001  0.000000E+000  0.000000E+000  0.000000E+000  0.000000E+000  0.000000E+000  5.113241E-002  0.000000E+000  0.000000E+000  0.000000E+000  0.000000E+000
  8.000000E-002  0.000000E+000  9.996206E-001  0.000000E+000  0.000000E+000  0.000000E+000  0.000000E+000  0.000000E+000  5.240402E-002  0.000000E+000  0.000000E+000  0.000000E+000  0.000000E+000
  8.100000E-002  0.000000E+000  9.996033E-001  0.000000E+000  0.000000E+000  0.000000E+000  0.000000E+000  0.000000E+000  5.370703E-002  0.000000E+000  0.000000E+000  0.000000E+000  0.000000E+000
  8.200000E-002  0.000000E+000  9.995855E-001  0.000000E+000  0.000000E+000  0.000000E+000  0.000000E+000  0.000000E+000  5.504131E-002  0.000000E+000  0.000000E+000  0.000000E+000  0.000000E+000
  8.300000E-002  0.000000E+000  9.995673E-001  0.000000E+000  0.000000E+000  0.000000E+000  0.000000E+000  0.000000E+000  5.640670E-002  0.000000E+000  0.000000E+000  0.000000E+000  0.000000E+000
  8.400000E-002  0.000000E+000  9.995486E-001  0.000000E+000  0.000000E+000  0.000000E+000  0.000000E+000  0.000000E+000  5.780304E-002  0.000000E+000  0.000000E+000  0.000000E+000  0.000000E+000
  8.500000E-002  0.000000E+000  9.995295E-001  0.000000E+000  0.000000E+000  0.000000E+000  0.000000E+000  0.000000E+000  5.923013E-002  0.000000E+000  0.000000E+000  0.000000E+000  0.000000E+000
  8.600000E-002  0.000000E+000  9.995099E-001  0.000000E+000  0.000000E+000  0.000000E+000  0.000000E+000  0.000000E+000  6.068777E-002  0.000000E+000  0.000000E+000  0.000000E+000  0.000000E+000
  8.700000E-002  0.000000E+000  9.994899E-001  0.000000E+000  0.000000E+000  0.000000E+000  0.000000E+000  0.000000E+000  6.217575E-002  0.000000E+000  0.000000E+000  0.000000E+000  0.000000E+000
  8.800000E-002  0.000000E+000  9.994694E-001  0.000000E+000  0.000000E+000  0.000000E+000  0.000000E+000  0.000000E+000  6.369381E-002  0.000000E+000  0.000000E+000  0.000000E+000  0.000000E+000
  8.820000E-002  0.000000E+000  9.994653E-001  0.000000E+000  0.000000E+000  0.000000E+000  0.000000E+000  0.000000E+000  6.400101E-002  0.000000E+000  0.000000E+000  0.000000E+000  0.000000E+000
