 FILE: 7segsprint.10

 *** Replace this line with a message to appear on all output files.                                    


        T            METOR          MEACT         MECCANG      MECCANGVEL      MESECANG      MESECANGVEL       MFTOR          MFACT         MFCCANG      MFCCANGVEL      MFSECANG      MFSECANGVEL
       (S)           (N/M)         (UNITS)         (DEG)         (DEG/S)         (DEG)         (DEG/S)         (N/M)         (UNITS)         (DEG)         (DEG/S)         (DEG)         (DEG/S)

  0.000000E+000  0.000000E+000  9.999458E-001  0.000000E+000  0.000000E+000  0.000000E+000  0.000000E+000  0.000000E+000  1.646190E-002  0.000000E+000  0.000000E+000  0.000000E+000  0.000000E+000
  1.000000E-003  0.000000E+000  9.999458E-001  0.000000E+000  0.000000E+000  0.000000E+000  0.000000E+000  0.000000E+000  1.646190E-002  0.000000E+000  0.000000E+000  0.000000E+000  0.000000E+000
  2.000000E-003  0.000000E+000  9.999458E-001  0.000000E+000  0.000000E+000  0.000000E+000  0.000000E+000  0.000000E+000  1.646190E-002  0.000000E+000  0.000000E+000  0.000000E+000  0.000000E+000
  3.000000E-003  0.000000E+000  9.999458E-001  0.000000E+000  0.000000E+000  0.000000E+000  0.000000E+000  0.000000E+000  1.646190E-002  0.000000E+000  0.000000E+000  0.000000E+000  0.000000E+000
  4.000000E-003  0.000000E+000  9.999458E-001  0.000000E+000  0.000000E+000  0.000000E+000  0.000000E+000  0.000000E+000  1.646190E-002  0.000000E+000  0.000000E+000  0.000000E+000  0.000000E+000
  5.000000E-003  0.000000E+000  9.999458E-001  0.000000E+000  0.000000E+000  0.000000E+000  0.000000E+000  0.000000E+000  1.646190E-002  0.000000E+000  0.000000E+000  0.000000E+000  0.000000E+000
  6.000000E-003  0.000000E+000  9.999458E-001  0.000000E+000  0.000000E+000  0.000000E+000  0.000000E+000  0.000000E+000  1.646190E-002  0.000000E+000  0.000000E+000  0.000000E+000  0.000000E+000
  7.000000E-003  0.000000E+000  9.999458E-001  0.000000E+000  0.000000E+000  0.000000E+000  0.000000E+000  0.000000E+000  1.646190E-002  0.000000E+000  0.000000E+000  0.000000E+000  0.000000E+000
  8.000000E-003  0.000000E+000  9.999458E-001  0.000000E+000  0.000000E+000  0.000000E+000  0.000000E+000  0.000000E+000  1.646190E-002  0.000000E+000  0.000000E+000  0.000000E+000  0.000000E+000
  9.000000E-003  0.000000E+000  9.999458E-001  0.000000E+000  0.000000E+000  0.000000E+000  0.000000E+000  0.000000E+000  1.646190E-002  0.000000E+000  0.000000E+000  0.000000E+000  0.000000E+000
  1.000000E-002  0.000000E+000  9.999458E-001  0.000000E+000  0.000000E+000  0.000000E+000  0.000000E+000  0.000000E+000  1.646190E-002  0.000000E+000  0.000000E+000  0.000000E+000  0.000000E+000
  1.100000E-002  0.000000E+000  9.999458E-001  0.000000E+000  0.000000E+000  0.000000E+000  0.000000E+000  0.000000E+000  1.646190E-002  0.000000E+000  0.000000E+000  0.000000E+000  0.000000E+000
  1.200000E-002  0.000000E+000  9.999458E-001  0.000000E+000  0.000000E+000  0.000000E+000  0.000000E+000  0.000000E+000  1.646190E-002  0.000000E+000  0.000000E+000  0.000000E+000  0.000000E+000
  1.300000E-002  0.000000E+000  9.999458E-001  0.000000E+000  0.000000E+000  0.000000E+000  0.000000E+000  0.000000E+000  1.646190E-002  0.000000E+000  0.000000E+000  0.000000E+000  0.000000E+000
  1.400000E-002  0.000000E+000  9.999458E-001  0.000000E+000  0.000000E+000  0.000000E+000  0.000000E+000  0.000000E+000  1.646190E-002  0.000000E+000  0.000000E+000  0.000000E+000  0.000000E+000
  1.500000E-002  0.000000E+000  9.999458E-001  0.000000E+000  0.000000E+000  0.000000E+000  0.000000E+000  0.000000E+000  1.646190E-002  0.000000E+000  0.000000E+000  0.000000E+000  0.000000E+000
  1.600000E-002  0.000000E+000  9.999458E-001  0.000000E+000  0.000000E+000  0.000000E+000  0.000000E+000  0.000000E+000  1.646190E-002  0.000000E+000  0.000000E+000  0.000000E+000  0.000000E+000
  1.700000E-002  0.000000E+000  9.999458E-001  0.000000E+000  0.000000E+000  0.000000E+000  0.000000E+000  0.000000E+000  1.646190E-002  0.000000E+000  0.000000E+000  0.000000E+000  0.000000E+000
  1.800000E-002  0.000000E+000  9.999458E-001  0.000000E+000  0.000000E+000  0.000000E+000  0.000000E+000  0.000000E+000  1.646190E-002  0.000000E+000  0.000000E+000  0.000000E+000  0.000000E+000
  1.900000E-002  0.000000E+000  9.999458E-001  0.000000E+000  0.000000E+000  0.000000E+000  0.000000E+000  0.000000E+000  1.646190E-002  0.000000E+000  0.000000E+000  0.000000E+000  0.000000E+000
  2.000000E-002  0.000000E+000  9.999458E-001  0.000000E+000  0.000000E+000  0.000000E+000  0.000000E+000  0.000000E+000  1.646190E-002  0.000000E+000  0.000000E+000  0.000000E+000  0.000000E+000
  2.100000E-002  0.000000E+000  9.999458E-001  0.000000E+000  0.000000E+000  0.000000E+000  0.000000E+000  0.000000E+000  1.646190E-002  0.000000E+000  0.000000E+000  0.000000E+000  0.000000E+000
  2.200000E-002  0.000000E+000  9.999458E-001  0.000000E+000  0.000000E+000  0.000000E+000  0.000000E+000  0.000000E+000  1.646190E-002  0.000000E+000  0.000000E+000  0.000000E+000  0.000000E+000
  2.300000E-002  0.000000E+000  9.999458E-001  0.000000E+000  0.000000E+000  0.000000E+000  0.000000E+000  0.000000E+000  1.646190E-002  0.000000E+000  0.000000E+000  0.000000E+000  0.000000E+000
  2.400000E-002  0.000000E+000  9.999458E-001  0.000000E+000  0.000000E+000  0.000000E+000  0.000000E+000  0.000000E+000  1.646190E-002  0.000000E+000  0.000000E+000  0.000000E+000  0.000000E+000
  2.500000E-002  0.000000E+000  9.999458E-001  0.000000E+000  0.000000E+000  0.000000E+000  0.000000E+000  0.000000E+000  1.646190E-002  0.000000E+000  0.000000E+000  0.000000E+000  0.000000E+000
  2.600000E-002  0.000000E+000  9.999458E-001  0.000000E+000  0.000000E+000  0.000000E+000  0.000000E+000  0.000000E+000  1.646190E-002  0.000000E+000  0.000000E+000  0.000000E+000  0.000000E+000
  2.700000E-002  0.000000E+000  9.999458E-001  0.000000E+000  0.000000E+000  0.000000E+000  0.000000E+000  0.000000E+000  1.646190E-002  0.000000E+000  0.000000E+000  0.000000E+000  0.000000E+000
  2.800000E-002  0.000000E+000  9.999458E-001  0.000000E+000  0.000000E+000  0.000000E+000  0.000000E+000  0.000000E+000  1.646190E-002  0.000000E+000  0.000000E+000  0.000000E+000  0.000000E+000
  2.900000E-002  0.000000E+000  9.999458E-001  0.000000E+000  0.000000E+000  0.000000E+000  0.000000E+000  0.000000E+000  1.646190E-002  0.000000E+000  0.000000E+000  0.000000E+000  0.000000E+000
  3.000000E-002  0.000000E+000  9.999458E-001  0.000000E+000  0.000000E+000  0.000000E+000  0.000000E+000  0.000000E+000  1.646190E-002  0.000000E+000  0.000000E+000  0.000000E+000  0.000000E+000
  3.100000E-002  0.000000E+000  9.999458E-001  0.000000E+000  0.000000E+000  0.000000E+000  0.000000E+000  0.000000E+000  1.646190E-002  0.000000E+000  0.000000E+000  0.000000E+000  0.000000E+000
  3.200000E-002  0.000000E+000  9.999458E-001  0.000000E+000  0.000000E+000  0.000000E+000  0.000000E+000  0.000000E+000  1.646190E-002  0.000000E+000  0.000000E+000  0.000000E+000  0.000000E+000
  3.300000E-002  0.000000E+000  9.999458E-001  0.000000E+000  0.000000E+000  0.000000E+000  0.000000E+000  0.000000E+000  1.646190E-002  0.000000E+000  0.000000E+000  0.000000E+000  0.000000E+000
  3.400000E-002  0.000000E+000  9.999458E-001  0.000000E+000  0.000000E+000  0.000000E+000  0.000000E+000  0.000000E+000  1.646190E-002  0.000000E+000  0.000000E+000  0.000000E+000  0.000000E+000
  3.500000E-002  0.000000E+000  9.999458E-001  0.000000E+000  0.000000E+000  0.000000E+000  0.000000E+000  0.000000E+000  1.646190E-002  0.000000E+000  0.000000E+000  0.000000E+000  0.000000E+000
  3.600000E-002  0.000000E+000  9.999458E-001  0.000000E+000  0.000000E+000  0.000000E+000  0.000000E+000  0.000000E+000  1.646190E-002  0.000000E+000  0.000000E+000  0.000000E+000  0.000000E+000
  3.700000E-002  0.000000E+000  9.999458E-001  0.000000E+000  0.000000E+000  0.000000E+000  0.000000E+000  0.000000E+000  1.646190E-002  0.000000E+000  0.000000E+000  0.000000E+000  0.000000E+000
  3.800000E-002  0.000000E+000  9.999458E-001  0.000000E+000  0.000000E+000  0.000000E+000  0.000000E+000  0.000000E+000  1.646190E-002  0.000000E+000  0.000000E+000  0.000000E+000  0.000000E+000
  3.900000E-002  0.000000E+000  9.999458E-001  0.000000E+000  0.000000E+000  0.000000E+000  0.000000E+000  0.000000E+000  1.646190E-002  0.000000E+000  0.000000E+000  0.000000E+000  0.000000E+000
  4.000000E-002  0.000000E+000  9.999458E-001  0.000000E+000  0.000000E+000  0.000000E+000  0.000000E+000  0.000000E+000  1.646190E-002  0.000000E+000  0.000000E+000  0.000000E+000  0.000000E+000
  4.100000E-002  0.000000E+000  9.999458E-001  0.000000E+000  0.000000E+000  0.000000E+000  0.000000E+000  0.000000E+000  1.646190E-002  0.000000E+000  0.000000E+000  0.000000E+000  0.000000E+000
  4.200000E-002  0.000000E+000  9.999458E-001  0.000000E+000  0.000000E+000  0.000000E+000  0.000000E+000  0.000000E+000  1.646190E-002  0.000000E+000  0.000000E+000  0.000000E+000  0.000000E+000
  4.300000E-002  0.000000E+000  9.999458E-001  0.000000E+000  0.000000E+000  0.000000E+000  0.000000E+000  0.000000E+000  1.646190E-002  0.000000E+000  0.000000E+000  0.000000E+000  0.000000E+000
  4.400000E-002  0.000000E+000  9.999458E-001  0.000000E+000  0.000000E+000  0.000000E+000  0.000000E+000  0.000000E+000  1.646190E-002  0.000000E+000  0.000000E+000  0.000000E+000  0.000000E+000
  4.500000E-002  0.000000E+000  9.999458E-001  0.000000E+000  0.000000E+000  0.000000E+000  0.000000E+000  0.000000E+000  1.646190E-002  0.000000E+000  0.000000E+000  0.000000E+000  0.000000E+000
  4.600000E-002  0.000000E+000  9.999458E-001  0.000000E+000  0.000000E+000  0.000000E+000  0.000000E+000  0.000000E+000  1.646190E-002  0.000000E+000  0.000000E+000  0.000000E+000  0.000000E+000
  4.700000E-002  0.000000E+000  9.999458E-001  0.000000E+000  0.000000E+000  0.000000E+000  0.000000E+000  0.000000E+000  1.646190E-002  0.000000E+000  0.000000E+000  0.000000E+000  0.000000E+000
  4.800000E-002  0.000000E+000  9.999458E-001  0.000000E+000  0.000000E+000  0.000000E+000  0.000000E+000  0.000000E+000  1.646200E-002  0.000000E+000  0.000000E+000  0.000000E+000  0.000000E+000
  4.900000E-002  0.000000E+000  9.999458E-001  0.000000E+000  0.000000E+000  0.000000E+000  0.000000E+000  0.000000E+000  1.646737E-002  0.000000E+000  0.000000E+000  0.000000E+000  0.000000E+000
  5.000000E-002  0.000000E+000  9.999458E-001  0.000000E+000  0.000000E+000  0.000000E+000  0.000000E+000  0.000000E+000  1.649014E-002  0.000000E+000  0.000000E+000  0.000000E+000  0.000000E+000
  5.100000E-002  0.000000E+000  9.999458E-001  0.000000E+000  0.000000E+000  0.000000E+000  0.000000E+000  0.000000E+000  1.654237E-002  0.000000E+000  0.000000E+000  0.000000E+000  0.000000E+000
  5.200000E-002  0.000000E+000  9.999458E-001  0.000000E+000  0.000000E+000  0.000000E+000  0.000000E+000  0.000000E+000  1.663549E-002  0.000000E+000  0.000000E+000  0.000000E+000  0.000000E+000
  5.300000E-002  0.000000E+000  9.999458E-001  0.000000E+000  0.000000E+000  0.000000E+000  0.000000E+000  0.000000E+000  1.678033E-002  0.000000E+000  0.000000E+000  0.000000E+000  0.000000E+000
  5.400000E-002  0.000000E+000  9.999458E-001  0.000000E+000  0.000000E+000  0.000000E+000  0.000000E+000  0.000000E+000  1.698708E-002  0.000000E+000  0.000000E+000  0.000000E+000  0.000000E+000
  5.500000E-002  0.000000E+000  9.999458E-001  0.000000E+000  0.000000E+000  0.000000E+000  0.000000E+000  0.000000E+000  1.726534E-002  0.000000E+000  0.000000E+000  0.000000E+000  0.000000E+000
  5.600000E-002  0.000000E+000  9.999458E-001  0.000000E+000  0.000000E+000  0.000000E+000  0.000000E+000  0.000000E+000  1.762412E-002  0.000000E+000  0.000000E+000  0.000000E+000  0.000000E+000
  5.700000E-002  0.000000E+000  9.999458E-001  0.000000E+000  0.000000E+000  0.000000E+000  0.000000E+000  0.000000E+000  1.807186E-002  0.000000E+000  0.000000E+000  0.000000E+000  0.000000E+000
  5.800000E-002  0.000000E+000  9.999458E-001  0.000000E+000  0.000000E+000  0.000000E+000  0.000000E+000  0.000000E+000  1.861640E-002  0.000000E+000  0.000000E+000  0.000000E+000  0.000000E+000
  5.900000E-002  0.000000E+000  9.999458E-001  0.000000E+000  0.000000E+000  0.000000E+000  0.000000E+000  0.000000E+000  1.926507E-002  0.000000E+000  0.000000E+000  0.000000E+000  0.000000E+000
  6.000000E-002  0.000000E+000  9.999458E-001  0.000000E+000  0.000000E+000  0.000000E+000  0.000000E+000  0.000000E+000  2.002461E-002  0.000000E+000  0.000000E+000  0.000000E+000  0.000000E+000
  6.100000E-002  0.000000E+000  9.999458E-001  0.000000E+000  0.000000E+000  0.000000E+000  0.000000E+000  0.000000E+000  2.090125E-002  0.000000E+000  0.000000E+000  0.000000E+000  0.000000E+000
  6.200000E-002  0.000000E+000  9.999458E-001  0.000000E+000  0.000000E+000  0.000000E+000  0.000000E+000  0.000000E+000  2.190069E-002  0.000000E+000  0.000000E+000  0.000000E+000  0.000000E+000
  6.300000E-002  0.000000E+000  9.999458E-001  0.000000E+000  0.000000E+000  0.000000E+000  0.000000E+000  0.000000E+000  2.302812E-002  0.000000E+000  0.000000E+000  0.000000E+000  0.000000E+000
  6.400000E-002  0.000000E+000  9.999458E-001  0.000000E+000  0.000000E+000  0.000000E+000  0.000000E+000  0.000000E+000  2.428822E-002  0.000000E+000  0.000000E+000  0.000000E+000  0.000000E+000
  6.500000E-002  0.000000E+000  9.999458E-001  0.000000E+000  0.000000E+000  0.000000E+000  0.000000E+000  0.000000E+000  2.568517E-002  0.000000E+000  0.000000E+000  0.000000E+000  0.000000E+000
  6.600000E-002  0.000000E+000  9.999458E-001  0.000000E+000  0.000000E+000  0.000000E+000  0.000000E+000  0.000000E+000  2.722269E-002  0.000000E+000  0.000000E+000  0.000000E+000  0.000000E+000
  6.700000E-002  0.000000E+000  9.999458E-001  0.000000E+000  0.000000E+000  0.000000E+000  0.000000E+000  0.000000E+000  2.890403E-002  0.000000E+000  0.000000E+000  0.000000E+000  0.000000E+000
  6.800000E-002  0.000000E+000  9.999458E-001  0.000000E+000  0.000000E+000  0.000000E+000  0.000000E+000  0.000000E+000  3.073195E-002  0.000000E+000  0.000000E+000  0.000000E+000  0.000000E+000
  6.900000E-002  0.000000E+000  9.999458E-001  0.000000E+000  0.000000E+000  0.000000E+000  0.000000E+000  0.000000E+000  3.270880E-002  0.000000E+000  0.000000E+000  0.000000E+000  0.000000E+000
  7.000000E-002  0.000000E+000  9.999458E-001  0.000000E+000  0.000000E+000  0.000000E+000  0.000000E+000  0.000000E+000  3.483647E-002  0.000000E+000  0.000000E+000  0.000000E+000  0.000000E+000
  7.100000E-002  0.000000E+000  9.999458E-001  0.000000E+000  0.000000E+000  0.000000E+000  0.000000E+000  0.000000E+000  3.711643E-002  0.000000E+000  0.000000E+000  0.000000E+000  0.000000E+000
  7.200000E-002  0.000000E+000  9.999458E-001  0.000000E+000  0.000000E+000  0.000000E+000  0.000000E+000  0.000000E+000  3.954974E-002  0.000000E+000  0.000000E+000  0.000000E+000  0.000000E+000
  7.300000E-002  0.000000E+000  9.999458E-001  0.000000E+000  0.000000E+000  0.000000E+000  0.000000E+000  0.000000E+000  4.213704E-002  0.000000E+000  0.000000E+000  0.000000E+000  0.000000E+000
  7.400000E-002  0.000000E+000  9.999458E-001  0.000000E+000  0.000000E+000  0.000000E+000  0.000000E+000  0.000000E+000  4.487859E-002  0.000000E+000  0.000000E+000  0.000000E+000  0.000000E+000
  7.500000E-002  0.000000E+000  9.999458E-001  0.000000E+000  0.000000E+000  0.000000E+000  0.000000E+000  0.000000E+000  4.777428E-002  0.000000E+000  0.000000E+000  0.000000E+000  0.000000E+000
  7.600000E-002  0.000000E+000  9.999458E-001  0.000000E+000  0.000000E+000  0.000000E+000  0.000000E+000  0.000000E+000  5.082359E-002  0.000000E+000  0.000000E+000  0.000000E+000  0.000000E+000
  7.700000E-002  0.000000E+000  9.999458E-001  0.000000E+000  0.000000E+000  0.000000E+000  0.000000E+000  0.000000E+000  5.402567E-002  0.000000E+000  0.000000E+000  0.000000E+000  0.000000E+000
  7.800000E-002  0.000000E+000  9.999458E-001  0.000000E+000  0.000000E+000  0.000000E+000  0.000000E+000  0.000000E+000  5.737932E-002  0.000000E+000  0.000000E+000  0.000000E+000  0.000000E+000
  7.900000E-002  0.000000E+000  9.999458E-001  0.000000E+000  0.000000E+000  0.000000E+000  0.000000E+000  0.000000E+000  6.088299E-002  0.000000E+000  0.000000E+000  0.000000E+000  0.000000E+000
  8.000000E-002  0.000000E+000  9.999458E-001  0.000000E+000  0.000000E+000  0.000000E+000  0.000000E+000  0.000000E+000  6.453481E-002  0.000000E+000  0.000000E+000  0.000000E+000  0.000000E+000
  8.100000E-002  0.000000E+000  9.999458E-001  0.000000E+000  0.000000E+000  0.000000E+000  0.000000E+000  0.000000E+000  6.833257E-002  0.000000E+000  0.000000E+000  0.000000E+000  0.000000E+000
  8.200000E-002  0.000000E+000  9.999458E-001  0.000000E+000  0.000000E+000  0.000000E+000  0.000000E+000  0.000000E+000  7.227379E-002  0.000000E+000  0.000000E+000  0.000000E+000  0.000000E+000
  8.300000E-002  0.000000E+000  9.999458E-001  0.000000E+000  0.000000E+000  0.000000E+000  0.000000E+000  0.000000E+000  7.635568E-002  0.000000E+000  0.000000E+000  0.000000E+000  0.000000E+000
  8.400000E-002  0.000000E+000  9.999458E-001  0.000000E+000  0.000000E+000  0.000000E+000  0.000000E+000  0.000000E+000  8.057515E-002  0.000000E+000  0.000000E+000  0.000000E+000  0.000000E+000
  8.500000E-002  0.000000E+000  9.999458E-001  0.000000E+000  0.000000E+000  0.000000E+000  0.000000E+000  0.000000E+000  8.492885E-002  0.000000E+000  0.000000E+000  0.000000E+000  0.000000E+000
  8.600000E-002  0.000000E+000  9.999458E-001  0.000000E+000  0.000000E+000  0.000000E+000  0.000000E+000  0.000000E+000  8.941318E-002  0.000000E+000  0.000000E+000  0.000000E+000  0.000000E+000
  8.700000E-002  0.000000E+000  9.999458E-001  0.000000E+000  0.000000E+000  0.000000E+000  0.000000E+000  0.000000E+000  9.402426E-002  0.000000E+000  0.000000E+000  0.000000E+000  0.000000E+000
  8.800000E-002  0.000000E+000  9.999458E-001  0.000000E+000  0.000000E+000  0.000000E+000  0.000000E+000  0.000000E+000  9.875801E-002  0.000000E+000  0.000000E+000  0.000000E+000  0.000000E+000
  8.900000E-002  0.000000E+000  9.999458E-001  0.000000E+000  0.000000E+000  0.000000E+000  0.000000E+000  0.000000E+000  1.036101E-001  0.000000E+000  0.000000E+000  0.000000E+000  0.000000E+000
  9.000000E-002  0.000000E+000  9.999458E-001  0.000000E+000  0.000000E+000  0.000000E+000  0.000000E+000  0.000000E+000  1.085759E-001  0.000000E+000  0.000000E+000  0.000000E+000  0.000000E+000
  9.100000E-002  0.000000E+000  9.999458E-001  0.000000E+000  0.000000E+000  0.000000E+000  0.000000E+000  0.000000E+000  1.136507E-001  0.000000E+000  0.000000E+000  0.000000E+000  0.000000E+000
  9.200000E-002  0.000000E+000  9.999458E-001  0.000000E+000  0.000000E+000  0.000000E+000  0.000000E+000  0.000000E+000  1.188296E-001  0.000000E+000  0.000000E+000  0.000000E+000  0.000000E+000
  9.210000E-002  0.000000E+000  9.999458E-001  0.000000E+000  0.000000E+000  0.000000E+000  0.000000E+000  0.000000E+000  1.193530E-001  0.000000E+000  0.000000E+000  0.000000E+000  0.000000E+000
