 FILE: 7segsprint.11

 *** Replace this line with a message to appear on all output files.                                    


        T             RX1            RY1            RX2            RY2            RX             RY             GRF            COP
       (S)            (N)            (N)            (N)            (N)            (N)            (N)            (N)            (M)

  0.000000E+000  0.000000E+000  0.000000E+000  0.000000E+000  0.000000E+000  0.000000E+000  0.000000E+000  0.000000E+000  0.000000E+000
  1.000000E-003  0.000000E+000  0.000000E+000 -2.958429E+003  2.131924E+003 -2.958429E+003  2.131924E+003  3.646560E+003  6.532167E-004
  2.000000E-003  0.000000E+000  0.000000E+000 -3.543296E+003  4.310712E+003 -3.543296E+003  4.310712E+003  5.580070E+003  1.111565E-003
  3.000000E-003  0.000000E+000  0.000000E+000 -2.206983E+003  4.497156E+003 -2.206983E+003  4.497156E+003  5.009509E+003  1.138848E-003
  4.000000E-003  7.307752E+002  3.002954E+002 -1.563244E+003  3.757812E+003 -8.324684E+002  4.058107E+003  4.142613E+003  7.117731E-003
  5.000000E-003  8.831125E+002  2.907948E+002 -1.558714E+003  3.059206E+003 -6.756016E+002  3.350000E+003  3.417446E+003  8.106652E-003
  6.000000E-003  9.298258E+002  2.380772E+002 -1.524456E+003  2.682099E+003 -5.946299E+002  2.920176E+003  2.980103E+003  7.671322E-003
  7.000000E-003  9.964672E+002  2.081597E+002 -1.542131E+003  2.534895E+003 -5.456637E+002  2.743055E+003  2.796802E+003  7.245247E-003
  8.000000E-003  1.056721E+003  1.951060E+002 -1.595615E+003  2.516828E+003 -5.388937E+002  2.711934E+003  2.764958E+003  6.959976E-003
  9.000000E-003  1.107695E+003  1.914994E+002 -1.652368E+003  2.555598E+003 -5.446731E+002  2.747097E+003  2.800574E+003  6.810979E-003
  1.000000E-002  1.150186E+003  1.937314E+002 -1.695516E+003  2.612220E+003 -5.453295E+002  2.805951E+003  2.858452E+003  6.785163E-003
  1.100000E-002  1.184509E+003  1.998030E+002 -1.722186E+003  2.668538E+003 -5.376771E+002  2.868341E+003  2.918300E+003  6.857514E-003
  1.200000E-002  1.211435E+003  2.081485E+002 -1.735705E+003  2.717197E+003 -5.242708E+002  2.925346E+003  2.971954E+003  6.995000E-003
  1.300000E-002  1.231925E+003  2.174910E+002 -1.740272E+003  2.756219E+003 -5.083470E+002  2.973710E+003  3.016848E+003  7.166732E-003
  1.400000E-002  1.248157E+003  2.269924E+002 -1.739420E+003  2.786922E+003 -4.912637E+002  3.013915E+003  3.053690E+003  7.350410E-003
  1.500000E-002  1.262448E+003  2.362354E+002 -1.735089E+003  2.811177E+003 -4.726408E+002  3.047412E+003  3.083847E+003  7.534550E-003
  1.600000E-002  1.274098E+003  2.450930E+002 -1.727836E+003  2.830182E+003 -4.537390E+002  3.075275E+003  3.108568E+003  7.715185E-003
  1.700000E-002  1.285804E+003  2.535870E+002 -1.718354E+003  2.845622E+003 -4.325498E+002  3.099209E+003  3.129249E+003  7.891490E-003
  1.800000E-002  1.296047E+003  2.617786E+002 -1.706479E+003  2.857856E+003 -4.104326E+002  3.119635E+003  3.146518E+003  8.064581E-003
  1.900000E-002  1.306339E+003  2.697265E+002 -1.692406E+003  2.867537E+003 -3.860661E+002  3.137263E+003  3.160928E+003  8.235469E-003
  2.000000E-002  1.315897E+003  2.774724E+002 -1.676129E+003  2.874839E+003 -3.602318E+002  3.152312E+003  3.172828E+003  8.404884E-003
  2.100000E-002  1.324804E+003  2.850404E+002 -1.657696E+003  2.879887E+003 -3.328915E+002  3.164927E+003  3.182386E+003  8.573451E-003
  2.200000E-002  1.332993E+003  2.924431E+002 -1.637175E+003  2.882751E+003 -3.041811E+002  3.175194E+003  3.189731E+003  8.741542E-003
  2.300000E-002  1.340385E+003  2.996857E+002 -1.614642E+003  2.883468E+003 -2.742567E+002  3.183154E+003  3.194947E+003  8.909432E-003
  2.400000E-002  1.346927E+003  3.067698E+002 -1.590183E+003  2.882062E+003 -2.432560E+002  3.188832E+003  3.198097E+003  9.077346E-003
  2.500000E-002  1.352580E+003  3.136950E+002 -1.563888E+003  2.878548E+003 -2.113077E+002  3.192243E+003  3.199229E+003  9.245494E-003
  2.600000E-002  1.357318E+003  3.204604E+002 -1.535851E+003  2.872935E+003 -1.785330E+002  3.193395E+003  3.198382E+003  9.414094E-003
  2.700000E-002  1.361117E+003  3.270644E+002 -1.506164E+003  2.865223E+003 -1.450471E+002  3.192287E+003  3.195581E+003  9.583385E-003
  2.800000E-002  1.363957E+003  3.335053E+002 -1.474920E+003  2.855405E+003 -1.109631E+002  3.188910E+003  3.190840E+003  9.753641E-003
  2.900000E-002  1.365814E+003  3.397814E+002 -1.442207E+003  2.843461E+003 -7.639310E+001  3.183242E+003  3.184159E+003  9.925173E-003
  3.000000E-002  1.366667E+003  3.458907E+002 -1.408114E+003  2.829363E+003 -4.144641E+001  3.175254E+003  3.175524E+003  1.009834E-002
  3.100000E-002  1.366493E+003  3.518309E+002 -1.372724E+003  2.813071E+003 -6.230929E+000  3.164902E+003  3.164908E+003  1.027355E-002
  3.200000E-002  1.365266E+003  3.575988E+002 -1.336123E+003  2.794534E+003  2.914350E+001  3.152133E+003  3.152268E+003  1.045126E-002
  3.300000E-002  1.362958E+003  3.631905E+002 -1.298396E+003  2.773692E+003  6.456156E+001  3.136882E+003  3.137547E+003  1.063196E-002
  3.400000E-002  1.359537E+003  3.686012E+002 -1.259630E+003  2.750473E+003  9.990675E+001  3.119074E+003  3.120674E+003  1.081622E-002
  3.500000E-002  1.354968E+003  3.738252E+002 -1.219912E+003  2.724795E+003  1.350565E+002  3.098620E+003  3.101562E+003  1.100468E-002
  3.600000E-002  1.349214E+003  3.788559E+002 -1.179329E+003  2.696566E+003  1.698845E+002  3.075422E+003  3.080111E+003  1.119806E-002
  3.700000E-002  1.342005E+003  3.836814E+002 -1.137920E+003  2.665565E+003  2.040851E+002  3.049246E+003  3.056068E+003  1.139753E-002
  3.800000E-002  1.333798E+003  3.882824E+002 -1.095792E+003  2.631675E+003  2.380059E+002  3.019958E+003  3.029322E+003  1.160369E-002
  3.900000E-002  1.325351E+003  3.926961E+002 -1.053500E+003  2.595836E+003  2.718505E+002  2.988532E+003  3.000871E+003  1.181472E-002
  4.000000E-002  1.315723E+003  3.969508E+002 -1.011043E+003  2.557843E+003  3.046800E+002  2.954794E+003  2.970461E+003  1.203298E-002
  4.100000E-002  1.305000E+003  4.010259E+002 -9.684068E+002  2.517295E+003  3.365935E+002  2.918321E+003  2.937668E+003  1.226028E-002
  4.200000E-002  1.293211E+003  4.049043E+002 -9.256985E+002  2.474028E+003  3.675121E+002  2.878932E+003  2.902295E+003  1.249788E-002
  4.300000E-002  1.280379E+003  4.085762E+002 -8.830517E+002  2.427951E+003  3.973278E+002  2.836527E+003  2.864220E+003  1.274713E-002
  4.400000E-002  1.266539E+003  4.120354E+002 -8.406111E+002  2.379004E+003  4.259275E+002  2.791039E+003  2.823352E+003  1.300954E-002
  4.500000E-002  1.251723E+003  4.152774E+002 -7.985292E+002  2.327140E+003  4.531938E+002  2.742417E+003  2.779611E+003  1.328681E-002
  4.600000E-002  1.235985E+003  4.182981E+002 -7.569640E+002  2.272323E+003  4.790206E+002  2.690621E+003  2.732930E+003  1.358082E-002
  4.700000E-002  1.218803E+003  4.211097E+002 -7.161882E+002  2.214842E+003  5.026150E+002  2.635952E+003  2.683442E+003  1.389330E-002
  4.800000E-002  1.209171E+003  4.240095E+002 -6.782992E+002  2.160628E+003  5.308713E+002  2.584637E+003  2.638593E+003  1.419716E-002
  4.900000E-002  1.190027E+003  4.266560E+002 -6.397889E+002  2.098916E+003  5.502380E+002  2.525572E+003  2.584817E+003  1.455275E-002
  5.000000E-002  1.170664E+003  4.289298E+002 -6.020299E+002  2.032739E+003  5.686345E+002  2.461668E+003  2.526491E+003  1.493803E-002
  5.100000E-002  1.150703E+003  4.308872E+002 -5.654454E+002  1.962978E+003  5.852574E+002  2.393866E+003  2.464370E+003  1.535483E-002
  5.200000E-002  1.130223E+003  4.325630E+002 -5.302662E+002  1.889985E+003  5.999566E+002  2.322548E+003  2.398787E+003  1.580681E-002
  5.300000E-002  1.109999E+003  4.339843E+002 -4.967674E+002  1.814307E+003  6.132313E+002  2.248291E+003  2.330422E+003  1.629540E-002
  5.400000E-002  1.090037E+003  4.351890E+002 -4.651773E+002  1.736442E+003  6.248600E+002  2.171631E+003  2.259741E+003  1.682389E-002
  5.500000E-002  1.070307E+003  4.362020E+002 -4.356198E+002  1.656623E+003  6.346868E+002  2.092825E+003  2.186948E+003  1.739727E-002
  5.600000E-002  1.050786E+003  4.370352E+002 -4.081612E+002  1.574977E+003  6.426245E+002  2.012012E+003  2.112146E+003  1.802159E-002
  5.700000E-002  1.031433E+003  4.376924E+002 -3.828208E+002  1.491592E+003  6.486123E+002  1.929284E+003  2.035396E+003  1.870394E-002
  5.800000E-002  1.012167E+003  4.381732E+002 -3.595705E+002  1.406541E+003  6.525961E+002  1.844714E+003  1.956745E+003  1.945270E-002
  5.900000E-002  9.928622E+002  4.384742E+002 -3.383309E+002  1.319898E+003  6.545313E+002  1.758373E+003  1.876242E+003  2.027777E-002
  6.000000E-002  9.733380E+002  4.385905E+002 -3.189666E+002  1.231751E+003  6.543714E+002  1.670341E+003  1.793946E+003  2.119100E-002
  6.100000E-002  9.533482E+002  4.385165E+002 -3.012797E+002  1.142201E+003  6.520686E+002  1.580717E+003  1.709930E+003  2.220661E-002
  6.200000E-002  9.325775E+002  4.382472E+002 -2.850030E+002  1.051372E+003  6.475745E+002  1.489619E+003  1.624290E+003  2.334185E-002
  6.300000E-002  9.106358E+002  4.377793E+002 -2.697944E+002  9.594162E+002  6.408414E+002  1.397196E+003  1.537151E+003  2.461785E-002
  6.400000E-002  8.870530E+002  4.371120E+002 -2.552305E+002  8.665234E+002  6.318225E+002  1.303635E+003  1.448677E+003  2.606058E-002
  6.500000E-002  8.612750E+002  4.362483E+002 -2.408024E+002  7.729349E+002  6.204726E+002  1.209183E+003  1.359084E+003  2.770214E-002
  6.600000E-002  8.326630E+002  4.351965E+002 -2.259145E+002  6.789669E+002  6.067485E+002  1.114163E+003  1.268662E+003  2.958214E-002
  6.700000E-002  8.004980E+002  4.339706E+002 -2.098869E+002  5.850417E+002  5.906112E+002  1.019012E+003  1.177798E+003  3.174929E-002
  6.800000E-002  7.639987E+002  4.325916E+002 -1.919689E+002  4.917338E+002  5.720298E+002  9.243254E+002  1.087012E+003  3.426253E-002
  6.900000E-002  7.223581E+002  4.310867E+002 -1.713721E+002  3.998366E+002  5.509860E+002  8.309233E+002  9.970051E+002  3.719100E-002
  7.000000E-002  6.748230E+002  4.294864E+002 -1.473427E+002  3.104596E+002  5.274803E+002  7.399460E+002  9.087110E+002  4.061066E-002
  7.100000E-002  6.208380E+002  4.278175E+002 -1.193175E+002  2.251861E+002  5.015205E+002  6.530036E+002  8.233690E+002  4.459308E-002
  7.200000E-002  5.603705E+002  4.260897E+002 -8.721059E+001  1.462581E+002  4.731599E+002  5.723479E+002  7.426051E+002  4.917834E-002
  7.300000E-002  4.944533E+002  4.242532E+002 -5.195766E+001  7.684163E+001  4.424956E+002  5.010948E+002  6.685046E+002  5.431690E-002
  7.400000E-002  4.261921E+002  4.221107E+002 -1.658206E+001  2.147094E+001  4.096101E+002  4.435817E+002  6.037757E+002  5.975243E-002
  7.500000E-002  3.709144E+002  4.189621E+002  0.000000E+000  0.000000E+000  3.709144E+002  4.189621E+002  5.595594E+002  6.395100E-002
  7.600000E-002  3.322543E+002  4.130082E+002  0.000000E+000  0.000000E+000  3.322543E+002  4.130082E+002  5.300648E+002  6.654935E-002
  7.700000E-002  3.003118E+002  4.039252E+002  0.000000E+000  0.000000E+000  3.003118E+002  4.039252E+002  5.033316E+002  6.854195E-002
  7.800000E-002  2.754321E+002  3.916960E+002  0.000000E+000  0.000000E+000  2.754321E+002  3.916960E+002  4.788409E+002  6.986564E-002
  7.900000E-002  2.576062E+002  3.763837E+002  0.000000E+000  0.000000E+000  2.576062E+002  3.763837E+002  4.560983E+002  7.048134E-002
  8.000000E-002  2.465211E+002  3.581212E+002  0.000000E+000  0.000000E+000  2.465211E+002  3.581212E+002  4.347683E+002  7.035097E-002
  8.100000E-002  2.416028E+002  3.370949E+002  0.000000E+000  0.000000E+000  2.416028E+002  3.370949E+002  4.147347E+002  6.941858E-002
  8.200000E-002  2.420938E+002  3.135312E+002  0.000000E+000  0.000000E+000  2.420938E+002  3.135312E+002  3.961202E+002  6.759949E-002
  8.300000E-002  2.471115E+002  2.876857E+002  0.000000E+000  0.000000E+000  2.471115E+002  2.876857E+002  3.792455E+002  6.478627E-002
  8.400000E-002  2.557126E+002  2.598345E+002  0.000000E+000  0.000000E+000  2.557126E+002  2.598345E+002  3.645585E+002  6.087089E-002
  8.500000E-002  2.669423E+002  2.302668E+002  0.000000E+000  0.000000E+000  2.669423E+002  2.302668E+002  3.525351E+002  5.578317E-002
  8.600000E-002  2.798861E+002  1.992781E+002  0.000000E+000  0.000000E+000  2.798861E+002  1.992781E+002  3.435812E+002  4.953335E-002
  8.700000E-002  2.936919E+002  1.671645E+002  0.000000E+000  0.000000E+000  2.936919E+002  1.671645E+002  3.379332E+002  4.224469E-002
  8.800000E-002  3.075833E+002  1.342169E+002  0.000000E+000  0.000000E+000  3.075833E+002  1.342169E+002  3.355915E+002  3.415424E-002
  8.900000E-002  3.208302E+002  1.007184E+002  0.000000E+000  0.000000E+000  3.208302E+002  1.007184E+002  3.362680E+002  2.557746E-002
  9.000000E-002  3.326044E+002  6.694409E+001  0.000000E+000  0.000000E+000  3.326044E+002  6.694409E+001  3.392745E+002  1.684902E-002
  9.100000E-002  3.399259E+002  3.317616E+001  0.000000E+000  0.000000E+000  3.399259E+002  3.317616E+001  3.415411E+002  8.293941E-003
  9.200000E-002  6.965919E-001  5.635893E-003  0.000000E+000  0.000000E+000  6.965919E-001  5.635893E-003  6.966147E-001  6.905465E-004
  9.210000E-002  0.000000E+000  0.000000E+000  0.000000E+000  0.000000E+000  0.000000E+000  0.000000E+000  0.000000E+000  0.000000E+000
