 FILE: 7segsprint.10

 *** Replace this line with a message to appear on all output files.                                    


        T            METOR          MEACT         MECCANG      MECCANGVEL      MESECANG      MESECANGVEL       MFTOR          MFACT         MFCCANG      MFCCANGVEL      MFSECANG      MFSECANGVEL
       (S)           (N/M)         (UNITS)         (DEG)         (DEG/S)         (DEG)         (DEG/S)         (N/M)         (UNITS)         (DEG)         (DEG/S)         (DEG)         (DEG/S)

  0.000000E+000  0.000000E+000  9.975707E-001  0.000000E+000  0.000000E+000  0.000000E+000  0.000000E+000  0.000000E+000  1.946454E-002  0.000000E+000  0.000000E+000  0.000000E+000  0.000000E+000
  1.000000E-003  0.000000E+000  9.975707E-001  0.000000E+000  0.000000E+000  0.000000E+000  0.000000E+000  0.000000E+000  1.946454E-002  0.000000E+000  0.000000E+000  0.000000E+000  0.000000E+000
  2.000000E-003  0.000000E+000  9.975707E-001  0.000000E+000  0.000000E+000  0.000000E+000  0.000000E+000  0.000000E+000  1.946454E-002  0.000000E+000  0.000000E+000  0.000000E+000  0.000000E+000
  3.000000E-003  0.000000E+000  9.975707E-001  0.000000E+000  0.000000E+000  0.000000E+000  0.000000E+000  0.000000E+000  1.946454E-002  0.000000E+000  0.000000E+000  0.000000E+000  0.000000E+000
  4.000000E-003  0.000000E+000  9.975707E-001  0.000000E+000  0.000000E+000  0.000000E+000  0.000000E+000  0.000000E+000  1.946454E-002  0.000000E+000  0.000000E+000  0.000000E+000  0.000000E+000
  5.000000E-003  0.000000E+000  9.975707E-001  0.000000E+000  0.000000E+000  0.000000E+000  0.000000E+000  0.000000E+000  1.946454E-002  0.000000E+000  0.000000E+000  0.000000E+000  0.000000E+000
  6.000000E-003  0.000000E+000  9.975707E-001  0.000000E+000  0.000000E+000  0.000000E+000  0.000000E+000  0.000000E+000  1.946454E-002  0.000000E+000  0.000000E+000  0.000000E+000  0.000000E+000
  7.000000E-003  0.000000E+000  9.975707E-001  0.000000E+000  0.000000E+000  0.000000E+000  0.000000E+000  0.000000E+000  1.946454E-002  0.000000E+000  0.000000E+000  0.000000E+000  0.000000E+000
  8.000000E-003  0.000000E+000  9.975707E-001  0.000000E+000  0.000000E+000  0.000000E+000  0.000000E+000  0.000000E+000  1.946454E-002  0.000000E+000  0.000000E+000  0.000000E+000  0.000000E+000
  9.000000E-003  0.000000E+000  9.975707E-001  0.000000E+000  0.000000E+000  0.000000E+000  0.000000E+000  0.000000E+000  1.946454E-002  0.000000E+000  0.000000E+000  0.000000E+000  0.000000E+000
  1.000000E-002  0.000000E+000  9.975707E-001  0.000000E+000  0.000000E+000  0.000000E+000  0.000000E+000  0.000000E+000  1.946454E-002  0.000000E+000  0.000000E+000  0.000000E+000  0.000000E+000
  1.100000E-002  0.000000E+000  9.975707E-001  0.000000E+000  0.000000E+000  0.000000E+000  0.000000E+000  0.000000E+000  1.946454E-002  0.000000E+000  0.000000E+000  0.000000E+000  0.000000E+000
  1.200000E-002  0.000000E+000  9.975707E-001  0.000000E+000  0.000000E+000  0.000000E+000  0.000000E+000  0.000000E+000  1.946454E-002  0.000000E+000  0.000000E+000  0.000000E+000  0.000000E+000
  1.300000E-002  0.000000E+000  9.975707E-001  0.000000E+000  0.000000E+000  0.000000E+000  0.000000E+000  0.000000E+000  1.946454E-002  0.000000E+000  0.000000E+000  0.000000E+000  0.000000E+000
  1.400000E-002  0.000000E+000  9.975707E-001  0.000000E+000  0.000000E+000  0.000000E+000  0.000000E+000  0.000000E+000  1.946454E-002  0.000000E+000  0.000000E+000  0.000000E+000  0.000000E+000
  1.500000E-002  0.000000E+000  9.975707E-001  0.000000E+000  0.000000E+000  0.000000E+000  0.000000E+000  0.000000E+000  1.946454E-002  0.000000E+000  0.000000E+000  0.000000E+000  0.000000E+000
  1.600000E-002  0.000000E+000  9.975707E-001  0.000000E+000  0.000000E+000  0.000000E+000  0.000000E+000  0.000000E+000  1.946454E-002  0.000000E+000  0.000000E+000  0.000000E+000  0.000000E+000
  1.700000E-002  0.000000E+000  9.975707E-001  0.000000E+000  0.000000E+000  0.000000E+000  0.000000E+000  0.000000E+000  1.946454E-002  0.000000E+000  0.000000E+000  0.000000E+000  0.000000E+000
  1.800000E-002  0.000000E+000  9.975707E-001  0.000000E+000  0.000000E+000  0.000000E+000  0.000000E+000  0.000000E+000  1.946454E-002  0.000000E+000  0.000000E+000  0.000000E+000  0.000000E+000
  1.900000E-002  0.000000E+000  9.975707E-001  0.000000E+000  0.000000E+000  0.000000E+000  0.000000E+000  0.000000E+000  1.946454E-002  0.000000E+000  0.000000E+000  0.000000E+000  0.000000E+000
  2.000000E-002  0.000000E+000  9.975707E-001  0.000000E+000  0.000000E+000  0.000000E+000  0.000000E+000  0.000000E+000  1.946454E-002  0.000000E+000  0.000000E+000  0.000000E+000  0.000000E+000
  2.100000E-002  0.000000E+000  9.975707E-001  0.000000E+000  0.000000E+000  0.000000E+000  0.000000E+000  0.000000E+000  1.946454E-002  0.000000E+000  0.000000E+000  0.000000E+000  0.000000E+000
  2.200000E-002  0.000000E+000  9.975707E-001  0.000000E+000  0.000000E+000  0.000000E+000  0.000000E+000  0.000000E+000  1.946454E-002  0.000000E+000  0.000000E+000  0.000000E+000  0.000000E+000
  2.300000E-002  0.000000E+000  9.975707E-001  0.000000E+000  0.000000E+000  0.000000E+000  0.000000E+000  0.000000E+000  1.946454E-002  0.000000E+000  0.000000E+000  0.000000E+000  0.000000E+000
  2.400000E-002  0.000000E+000  9.975707E-001  0.000000E+000  0.000000E+000  0.000000E+000  0.000000E+000  0.000000E+000  1.946454E-002  0.000000E+000  0.000000E+000  0.000000E+000  0.000000E+000
  2.500000E-002  0.000000E+000  9.975707E-001  0.000000E+000  0.000000E+000  0.000000E+000  0.000000E+000  0.000000E+000  1.946454E-002  0.000000E+000  0.000000E+000  0.000000E+000  0.000000E+000
  2.600000E-002  0.000000E+000  9.975707E-001  0.000000E+000  0.000000E+000  0.000000E+000  0.000000E+000  0.000000E+000  1.946454E-002  0.000000E+000  0.000000E+000  0.000000E+000  0.000000E+000
  2.700000E-002  0.000000E+000  9.975707E-001  0.000000E+000  0.000000E+000  0.000000E+000  0.000000E+000  0.000000E+000  1.946454E-002  0.000000E+000  0.000000E+000  0.000000E+000  0.000000E+000
  2.800000E-002  0.000000E+000  9.975707E-001  0.000000E+000  0.000000E+000  0.000000E+000  0.000000E+000  0.000000E+000  1.946454E-002  0.000000E+000  0.000000E+000  0.000000E+000  0.000000E+000
  2.900000E-002  0.000000E+000  9.975707E-001  0.000000E+000  0.000000E+000  0.000000E+000  0.000000E+000  0.000000E+000  1.946454E-002  0.000000E+000  0.000000E+000  0.000000E+000  0.000000E+000
  3.000000E-002  0.000000E+000  9.975707E-001  0.000000E+000  0.000000E+000  0.000000E+000  0.000000E+000  0.000000E+000  1.946454E-002  0.000000E+000  0.000000E+000  0.000000E+000  0.000000E+000
  3.100000E-002  0.000000E+000  9.975707E-001  0.000000E+000  0.000000E+000  0.000000E+000  0.000000E+000  0.000000E+000  1.946454E-002  0.000000E+000  0.000000E+000  0.000000E+000  0.000000E+000
  3.200000E-002  0.000000E+000  9.975707E-001  0.000000E+000  0.000000E+000  0.000000E+000  0.000000E+000  0.000000E+000  1.946454E-002  0.000000E+000  0.000000E+000  0.000000E+000  0.000000E+000
  3.300000E-002  0.000000E+000  9.975707E-001  0.000000E+000  0.000000E+000  0.000000E+000  0.000000E+000  0.000000E+000  1.946454E-002  0.000000E+000  0.000000E+000  0.000000E+000  0.000000E+000
  3.400000E-002  0.000000E+000  9.975707E-001  0.000000E+000  0.000000E+000  0.000000E+000  0.000000E+000  0.000000E+000  1.946454E-002  0.000000E+000  0.000000E+000  0.000000E+000  0.000000E+000
  3.500000E-002  0.000000E+000  9.975707E-001  0.000000E+000  0.000000E+000  0.000000E+000  0.000000E+000  0.000000E+000  1.946454E-002  0.000000E+000  0.000000E+000  0.000000E+000  0.000000E+000
  3.600000E-002  0.000000E+000  9.975707E-001  0.000000E+000  0.000000E+000  0.000000E+000  0.000000E+000  0.000000E+000  1.946454E-002  0.000000E+000  0.000000E+000  0.000000E+000  0.000000E+000
  3.700000E-002  0.000000E+000  9.975707E-001  0.000000E+000  0.000000E+000  0.000000E+000  0.000000E+000  0.000000E+000  1.946454E-002  0.000000E+000  0.000000E+000  0.000000E+000  0.000000E+000
  3.800000E-002  0.000000E+000  9.975707E-001  0.000000E+000  0.000000E+000  0.000000E+000  0.000000E+000  0.000000E+000  1.946454E-002  0.000000E+000  0.000000E+000  0.000000E+000  0.000000E+000
  3.900000E-002  0.000000E+000  9.975707E-001  0.000000E+000  0.000000E+000  0.000000E+000  0.000000E+000  0.000000E+000  1.946454E-002  0.000000E+000  0.000000E+000  0.000000E+000  0.000000E+000
  4.000000E-002  0.000000E+000  9.975707E-001  0.000000E+000  0.000000E+000  0.000000E+000  0.000000E+000  0.000000E+000  1.946454E-002  0.000000E+000  0.000000E+000  0.000000E+000  0.000000E+000
  4.100000E-002  0.000000E+000  9.975707E-001  0.000000E+000  0.000000E+000  0.000000E+000  0.000000E+000  0.000000E+000  1.946454E-002  0.000000E+000  0.000000E+000  0.000000E+000  0.000000E+000
  4.200000E-002  0.000000E+000  9.975707E-001  0.000000E+000  0.000000E+000  0.000000E+000  0.000000E+000  0.000000E+000  1.946454E-002  0.000000E+000  0.000000E+000  0.000000E+000  0.000000E+000
  4.300000E-002  0.000000E+000  9.975707E-001  0.000000E+000  0.000000E+000  0.000000E+000  0.000000E+000  0.000000E+000  1.946454E-002  0.000000E+000  0.000000E+000  0.000000E+000  0.000000E+000
  4.400000E-002  0.000000E+000  9.975707E-001  0.000000E+000  0.000000E+000  0.000000E+000  0.000000E+000  0.000000E+000  1.946454E-002  0.000000E+000  0.000000E+000  0.000000E+000  0.000000E+000
  4.500000E-002  0.000000E+000  9.975707E-001  0.000000E+000  0.000000E+000  0.000000E+000  0.000000E+000  0.000000E+000  1.946454E-002  0.000000E+000  0.000000E+000  0.000000E+000  0.000000E+000
  4.600000E-002  0.000000E+000  9.975707E-001  0.000000E+000  0.000000E+000  0.000000E+000  0.000000E+000  0.000000E+000  1.946454E-002  0.000000E+000  0.000000E+000  0.000000E+000  0.000000E+000
  4.700000E-002  0.000000E+000  9.975707E-001  0.000000E+000  0.000000E+000  0.000000E+000  0.000000E+000  0.000000E+000  1.946454E-002  0.000000E+000  0.000000E+000  0.000000E+000  0.000000E+000
  4.800000E-002  0.000000E+000  9.975707E-001  0.000000E+000  0.000000E+000  0.000000E+000  0.000000E+000  0.000000E+000  1.946454E-002  0.000000E+000  0.000000E+000  0.000000E+000  0.000000E+000
  4.900000E-002  0.000000E+000  9.975707E-001  0.000000E+000  0.000000E+000  0.000000E+000  0.000000E+000  0.000000E+000  1.946454E-002  0.000000E+000  0.000000E+000  0.000000E+000  0.000000E+000
  5.000000E-002  0.000000E+000  9.975707E-001  0.000000E+000  0.000000E+000  0.000000E+000  0.000000E+000  0.000000E+000  1.946454E-002  0.000000E+000  0.000000E+000  0.000000E+000  0.000000E+000
  5.100000E-002  0.000000E+000  9.975707E-001  0.000000E+000  0.000000E+000  0.000000E+000  0.000000E+000  0.000000E+000  1.946454E-002  0.000000E+000  0.000000E+000  0.000000E+000  0.000000E+000
  5.200000E-002  0.000000E+000  9.975707E-001  0.000000E+000  0.000000E+000  0.000000E+000  0.000000E+000  0.000000E+000  1.946454E-002  0.000000E+000  0.000000E+000  0.000000E+000  0.000000E+000
  5.300000E-002  0.000000E+000  9.975707E-001  0.000000E+000  0.000000E+000  0.000000E+000  0.000000E+000  0.000000E+000  1.946454E-002  0.000000E+000  0.000000E+000  0.000000E+000  0.000000E+000
  5.400000E-002  0.000000E+000  9.975707E-001  0.000000E+000  0.000000E+000  0.000000E+000  0.000000E+000  0.000000E+000  1.946454E-002  0.000000E+000  0.000000E+000  0.000000E+000  0.000000E+000
  5.500000E-002  0.000000E+000  9.975707E-001  0.000000E+000  0.000000E+000  0.000000E+000  0.000000E+000  0.000000E+000  1.946454E-002  0.000000E+000  0.000000E+000  0.000000E+000  0.000000E+000
  5.600000E-002  0.000000E+000  9.975707E-001  0.000000E+000  0.000000E+000  0.000000E+000  0.000000E+000  0.000000E+000  1.946454E-002  0.000000E+000  0.000000E+000  0.000000E+000  0.000000E+000
  5.700000E-002  0.000000E+000  9.975707E-001  0.000000E+000  0.000000E+000  0.000000E+000  0.000000E+000  0.000000E+000  1.946454E-002  0.000000E+000  0.000000E+000  0.000000E+000  0.000000E+000
  5.800000E-002  0.000000E+000  9.975707E-001  0.000000E+000  0.000000E+000  0.000000E+000  0.000000E+000  0.000000E+000  1.946454E-002  0.000000E+000  0.000000E+000  0.000000E+000  0.000000E+000
  5.900000E-002  0.000000E+000  9.975707E-001  0.000000E+000  0.000000E+000  0.000000E+000  0.000000E+000  0.000000E+000  1.946454E-002  0.000000E+000  0.000000E+000  0.000000E+000  0.000000E+000
  6.000000E-002  0.000000E+000  9.975707E-001  0.000000E+000  0.000000E+000  0.000000E+000  0.000000E+000  0.000000E+000  1.946454E-002  0.000000E+000  0.000000E+000  0.000000E+000  0.000000E+000
  6.100000E-002  0.000000E+000  9.975707E-001  0.000000E+000  0.000000E+000  0.000000E+000  0.000000E+000  0.000000E+000  1.946454E-002  0.000000E+000  0.000000E+000  0.000000E+000  0.000000E+000
  6.200000E-002  0.000000E+000  9.975707E-001  0.000000E+000  0.000000E+000  0.000000E+000  0.000000E+000  0.000000E+000  1.946454E-002  0.000000E+000  0.000000E+000  0.000000E+000  0.000000E+000
  6.300000E-002  0.000000E+000  9.975707E-001  0.000000E+000  0.000000E+000  0.000000E+000  0.000000E+000  0.000000E+000  1.946454E-002  0.000000E+000  0.000000E+000  0.000000E+000  0.000000E+000
  6.400000E-002  0.000000E+000  9.975707E-001  0.000000E+000  0.000000E+000  0.000000E+000  0.000000E+000  0.000000E+000  1.946454E-002  0.000000E+000  0.000000E+000  0.000000E+000  0.000000E+000
  6.500000E-002  0.000000E+000  9.975707E-001  0.000000E+000  0.000000E+000  0.000000E+000  0.000000E+000  0.000000E+000  1.946454E-002  0.000000E+000  0.000000E+000  0.000000E+000  0.000000E+000
  6.600000E-002  0.000000E+000  9.975707E-001  0.000000E+000  0.000000E+000  0.000000E+000  0.000000E+000  0.000000E+000  1.946454E-002  0.000000E+000  0.000000E+000  0.000000E+000  0.000000E+000
  6.700000E-002  0.000000E+000  9.975707E-001  0.000000E+000  0.000000E+000  0.000000E+000  0.000000E+000  0.000000E+000  1.946454E-002  0.000000E+000  0.000000E+000  0.000000E+000  0.000000E+000
  6.800000E-002  0.000000E+000  9.975707E-001  0.000000E+000  0.000000E+000  0.000000E+000  0.000000E+000  0.000000E+000  1.946454E-002  0.000000E+000  0.000000E+000  0.000000E+000  0.000000E+000
  6.900000E-002  0.000000E+000  9.975707E-001  0.000000E+000  0.000000E+000  0.000000E+000  0.000000E+000  0.000000E+000  1.946482E-002  0.000000E+000  0.000000E+000  0.000000E+000  0.000000E+000
  7.000000E-002  0.000000E+000  9.975707E-001  0.000000E+000  0.000000E+000  0.000000E+000  0.000000E+000  0.000000E+000  1.947010E-002  0.000000E+000  0.000000E+000  0.000000E+000  0.000000E+000
  7.100000E-002  0.000000E+000  9.975707E-001  0.000000E+000  0.000000E+000  0.000000E+000  0.000000E+000  0.000000E+000  1.948852E-002  0.000000E+000  0.000000E+000  0.000000E+000  0.000000E+000
  7.200000E-002  0.000000E+000  9.975707E-001  0.000000E+000  0.000000E+000  0.000000E+000  0.000000E+000  0.000000E+000  1.952809E-002  0.000000E+000  0.000000E+000  0.000000E+000  0.000000E+000
  7.300000E-002  0.000000E+000  9.975707E-001  0.000000E+000  0.000000E+000  0.000000E+000  0.000000E+000  0.000000E+000  1.959650E-002  0.000000E+000  0.000000E+000  0.000000E+000  0.000000E+000
  7.400000E-002  0.000000E+000  9.975707E-001  0.000000E+000  0.000000E+000  0.000000E+000  0.000000E+000  0.000000E+000  1.970120E-002  0.000000E+000  0.000000E+000  0.000000E+000  0.000000E+000
  7.500000E-002  0.000000E+000  9.975707E-001  0.000000E+000  0.000000E+000  0.000000E+000  0.000000E+000  0.000000E+000  1.984936E-002  0.000000E+000  0.000000E+000  0.000000E+000  0.000000E+000
  7.600000E-002  0.000000E+000  9.975707E-001  0.000000E+000  0.000000E+000  0.000000E+000  0.000000E+000  0.000000E+000  2.004789E-002  0.000000E+000  0.000000E+000  0.000000E+000  0.000000E+000
  7.700000E-002  0.000000E+000  9.975707E-001  0.000000E+000  0.000000E+000  0.000000E+000  0.000000E+000  0.000000E+000  2.030344E-002  0.000000E+000  0.000000E+000  0.000000E+000  0.000000E+000
  7.800000E-002  0.000000E+000  9.975707E-001  0.000000E+000  0.000000E+000  0.000000E+000  0.000000E+000  0.000000E+000  2.062238E-002  0.000000E+000  0.000000E+000  0.000000E+000  0.000000E+000
  7.900000E-002  0.000000E+000  9.975706E-001  0.000000E+000  0.000000E+000  0.000000E+000  0.000000E+000  0.000000E+000  2.101087E-002  0.000000E+000  0.000000E+000  0.000000E+000  0.000000E+000
  8.000000E-002  0.000000E+000  9.975697E-001  0.000000E+000  0.000000E+000  0.000000E+000  0.000000E+000  0.000000E+000  2.147477E-002  0.000000E+000  0.000000E+000  0.000000E+000  0.000000E+000
  8.100000E-002  0.000000E+000  9.975678E-001  0.000000E+000  0.000000E+000  0.000000E+000  0.000000E+000  0.000000E+000  2.201973E-002  0.000000E+000  0.000000E+000  0.000000E+000  0.000000E+000
  8.200000E-002  0.000000E+000  9.975642E-001  0.000000E+000  0.000000E+000  0.000000E+000  0.000000E+000  0.000000E+000  2.265113E-002  0.000000E+000  0.000000E+000  0.000000E+000  0.000000E+000
  8.300000E-002  0.000000E+000  9.975585E-001  0.000000E+000  0.000000E+000  0.000000E+000  0.000000E+000  0.000000E+000  2.337412E-002  0.000000E+000  0.000000E+000  0.000000E+000  0.000000E+000
  8.400000E-002  0.000000E+000  9.975504E-001  0.000000E+000  0.000000E+000  0.000000E+000  0.000000E+000  0.000000E+000  2.419359E-002  0.000000E+000  0.000000E+000  0.000000E+000  0.000000E+000
  8.500000E-002  0.000000E+000  9.975393E-001  0.000000E+000  0.000000E+000  0.000000E+000  0.000000E+000  0.000000E+000  2.511422E-002  0.000000E+000  0.000000E+000  0.000000E+000  0.000000E+000
  8.600000E-002  0.000000E+000  9.975248E-001  0.000000E+000  0.000000E+000  0.000000E+000  0.000000E+000  0.000000E+000  2.614045E-002  0.000000E+000  0.000000E+000  0.000000E+000  0.000000E+000
  8.610000E-002  0.000000E+000  9.975231E-001  0.000000E+000  0.000000E+000  0.000000E+000  0.000000E+000  0.000000E+000  2.624905E-002  0.000000E+000  0.000000E+000  0.000000E+000  0.000000E+000
