 FILE: 7segsprint.11

 *** Replace this line with a message to appear on all output files.                                    


        T             RX1            RY1            RX2            RY2            RX             RY             GRF            COP
       (S)            (N)            (N)            (N)            (N)            (N)            (N)            (N)            (M)

  0.000000E+000  0.000000E+000  0.000000E+000 -5.069499E-012  3.113987E-012 -5.069499E-012  3.113987E-012  5.949516E-012 -7.263658E-018
  1.000000E-003  0.000000E+000  0.000000E+000 -3.485258E+003  2.211868E+003 -3.485258E+003  2.211868E+003  4.127879E+003  6.772759E-004
  2.000000E-003  0.000000E+000  0.000000E+000 -3.912137E+003  4.439322E+003 -3.912137E+003  4.439322E+003  5.917127E+003  1.207313E-003
  3.000000E-003 -1.397520E+003  2.150593E+001 -2.165381E+003  4.539548E+003 -3.562901E+003  4.561054E+003  5.787700E+003  1.401081E-003
  4.000000E-003  1.003657E+003  3.100733E+002 -1.741314E+003  3.644752E+003 -7.376578E+002  3.954825E+003  4.023031E+003  7.608403E-003
  5.000000E-003  1.060615E+003  2.866908E+002 -1.697726E+003  2.952652E+003 -6.371114E+002  3.239343E+003  3.301402E+003  8.358780E-003
  6.000000E-003  1.074408E+003  2.304649E+002 -1.639116E+003  2.584079E+003 -5.647084E+002  2.814544E+003  2.870637E+003  7.811397E-003
  7.000000E-003  1.126153E+003  1.997592E+002 -1.651226E+003  2.446987E+003 -5.250734E+002  2.646746E+003  2.698327E+003  7.319922E-003
  8.000000E-003  1.180025E+003  1.861820E+002 -1.706919E+003  2.436950E+003 -5.268943E+002  2.623132E+003  2.675526E+003  6.986358E-003
  9.000000E-003  1.229171E+003  1.820043E+002 -1.767900E+003  2.481758E+003 -5.387291E+002  2.663762E+003  2.717694E+003  6.800933E-003
  1.000000E-002  1.271959E+003  1.837271E+002 -1.815145E+003  2.543163E+003 -5.431866E+002  2.726890E+003  2.780464E+003  6.750215E-003
  1.100000E-002  1.307440E+003  1.894188E+002 -1.845265E+003  2.603260E+003 -5.378254E+002  2.792679E+003  2.843996E+003  6.807615E-003
  1.200000E-002  1.335623E+003  1.974735E+002 -1.861870E+003  2.654940E+003 -5.262472E+002  2.852413E+003  2.900551E+003  6.935962E-003
  1.300000E-002  1.357598E+003  2.065303E+002 -1.869657E+003  2.696659E+003 -5.120585E+002  2.903190E+003  2.948002E+003  7.099925E-003
  1.400000E-002  1.375103E+003  2.156674E+002 -1.872051E+003  2.729473E+003 -4.969475E+002  2.945141E+003  2.986773E+003  7.274937E-003
  1.500000E-002  1.389877E+003  2.244327E+002 -1.870976E+003  2.755285E+003 -4.810985E+002  2.979718E+003  3.018307E+003  7.448326E-003
  1.600000E-002  1.403222E+003  2.327071E+002 -1.867328E+003  2.775909E+003 -4.641063E+002  3.008616E+003  3.044202E+003  7.615795E-003
  1.700000E-002  1.415889E+003  2.405359E+002 -1.861449E+003  2.792693E+003 -4.455599E+002  3.033229E+003  3.065779E+003  7.777297E-003
  1.800000E-002  1.428182E+003  2.480104E+002 -1.853423E+003  2.806497E+003 -4.252407E+002  3.054507E+003  3.083965E+003  7.934236E-003
  1.900000E-002  1.440131E+003  2.552127E+002 -1.843247E+003  2.817798E+003 -4.031166E+002  3.073011E+003  3.099339E+003  8.088104E-003
  2.000000E-002  1.451631E+003  2.621998E+002 -1.830906E+003  2.826844E+003 -3.792746E+002  3.089044E+003  3.112240E+003  8.240036E-003
  2.100000E-002  1.462542E+003  2.690062E+002 -1.816400E+003  2.833755E+003 -3.538580E+002  3.102761E+003  3.122874E+003  8.390790E-003
  2.200000E-002  1.472729E+003  2.756518E+002 -1.799755E+003  2.838596E+003 -3.270257E+002  3.114248E+003  3.131371E+003  8.540854E-003
  2.300000E-002  1.482085E+003  2.821481E+002 -1.781016E+003  2.841415E+003 -2.989306E+002  3.123563E+003  3.137834E+003  8.690568E-003
  2.400000E-002  1.490531E+003  2.885032E+002 -1.760242E+003  2.842252E+003 -2.697113E+002  3.130755E+003  3.142351E+003  8.840200E-003
  2.500000E-002  1.498012E+003  2.947241E+002 -1.737502E+003  2.841149E+003 -2.394908E+002  3.135873E+003  3.145004E+003  8.989999E-003
  2.600000E-002  1.504493E+003  3.008174E+002 -1.712871E+003  2.838147E+003 -2.083780E+002  3.138965E+003  3.145874E+003  9.140216E-003
  2.700000E-002  1.509956E+003  3.067906E+002 -1.686426E+003  2.833288E+003 -1.764701E+002  3.140078E+003  3.145033E+003  9.291118E-003
  2.800000E-002  1.514392E+003  3.126511E+002 -1.658247E+003  2.826605E+003 -1.438547E+002  3.139256E+003  3.142550E+003  9.442993E-003
  2.900000E-002  1.517802E+003  3.184069E+002 -1.628414E+003  2.818130E+003 -1.106114E+002  3.136537E+003  3.138486E+003  9.596152E-003
  3.000000E-002  1.520190E+003  3.240658E+002 -1.597007E+003  2.807884E+003 -7.681715E+001  3.131949E+003  3.132891E+003  9.750930E-003
  3.100000E-002  1.521574E+003  3.296356E+002 -1.564108E+003  2.795879E+003 -4.253401E+001  3.125514E+003  3.125804E+003  9.907693E-003
  3.200000E-002  1.522035E+003  3.351259E+002 -1.529755E+003  2.782069E+003 -7.720040E+000  3.117195E+003  3.117204E+003  1.006703E-002
  3.300000E-002  1.521337E+003  3.405463E+002 -1.494048E+003  2.766492E+003  2.728881E+001  3.107038E+003  3.107158E+003  1.022930E-002
  3.400000E-002  1.519728E+003  3.458920E+002 -1.457149E+003  2.749191E+003  6.257841E+001  3.095083E+003  3.095715E+003  1.039451E-002
  3.500000E-002  1.517184E+003  3.511693E+002 -1.419047E+003  2.730004E+003  9.813747E+001  3.081173E+003  3.082736E+003  1.056359E-002
  3.600000E-002  1.513685E+003  3.563806E+002 -1.379832E+003  2.708894E+003  1.338527E+002  3.065274E+003  3.068195E+003  1.073703E-002
  3.700000E-002  1.509227E+003  3.615262E+002 -1.339580E+003  2.685781E+003  1.696468E+002  3.047308E+003  3.052026E+003  1.091546E-002
  3.800000E-002  1.503801E+003  3.666042E+002 -1.298366E+003  2.660564E+003  2.054354E+002  3.027168E+003  3.034131E+003  1.109958E-002
  3.900000E-002  1.497392E+003  3.716098E+002 -1.256265E+003  2.633122E+003  2.411267E+002  3.004732E+003  3.014392E+003  1.129014E-002
  4.000000E-002  1.489981E+003  3.765360E+002 -1.213361E+003  2.603321E+003  2.766199E+002  2.979857E+003  2.992669E+003  1.148801E-002
  4.100000E-002  1.478226E+003  3.813289E+002 -1.168913E+003  2.569346E+003  3.093127E+002  2.950674E+003  2.966842E+003  1.170012E-002
  4.200000E-002  1.469023E+003  3.858925E+002 -1.123944E+003  2.532547E+003  3.450789E+002  2.918440E+003  2.938770E+003  1.191790E-002
  4.300000E-002  1.457920E+003  3.903786E+002 -1.078821E+003  2.493708E+003  3.790991E+002  2.884087E+003  2.908896E+003  1.214496E-002
  4.400000E-002  1.445712E+003  3.947659E+002 -1.033388E+003  2.452149E+003  4.123235E+002  2.846914E+003  2.876618E+003  1.238386E-002
  4.500000E-002  1.432320E+003  3.990233E+002 -9.877080E+002  2.407525E+003  4.446124E+002  2.806549E+003  2.841548E+003  1.263641E-002
  4.600000E-002  1.417717E+003  4.031249E+002 -9.419041E+002  2.359615E+003  4.758127E+002  2.762740E+003  2.803414E+003  1.290440E-002
  4.700000E-002  1.401885E+003  4.070499E+002 -8.961300E+002  2.308255E+003  5.057549E+002  2.715304E+003  2.762004E+003  1.318982E-002
  4.800000E-002  1.384816E+003  4.107804E+002 -8.505556E+002  2.253311E+003  5.342609E+002  2.664092E+003  2.717134E+003  1.349494E-002
  4.900000E-002  1.366508E+003  4.142999E+002 -8.053625E+002  2.194676E+003  5.611454E+002  2.608976E+003  2.668640E+003  1.382239E-002
  5.000000E-002  1.346957E+003  4.175931E+002 -7.607405E+002  2.132255E+003  5.862164E+002  2.549848E+003  2.616367E+003  1.417521E-002
  5.100000E-002  1.326160E+003  4.206451E+002 -7.168836E+002  2.065971E+003  6.092760E+002  2.486616E+003  2.560171E+003  1.455699E-002
  5.200000E-002  1.304107E+003  4.234417E+002 -6.739864E+002  1.995761E+003  6.301210E+002  2.419202E+003  2.499919E+003  1.497190E-002
  5.300000E-002  1.280781E+003  4.259687E+002 -6.322392E+002  1.921575E+003  6.485422E+002  2.347543E+003  2.435481E+003  1.542495E-002
  5.400000E-002  1.256144E+003  4.282122E+002 -5.918227E+002  1.843377E+003  6.643210E+002  2.271590E+003  2.366736E+003  1.592208E-002
  5.500000E-002  1.230169E+003  4.301580E+002 -5.529037E+002  1.761155E+003  6.772657E+002  2.191314E+003  2.293588E+003  1.647039E-002
  5.600000E-002  1.234941E+003  4.317612E+002 -5.171513E+002  1.679884E+003  7.177898E+002  2.111645E+003  2.230306E+003  1.696851E-002
  5.700000E-002  1.202936E+003  4.339903E+002 -4.862039E+002  1.604708E+003  7.167321E+002  2.038698E+003  2.161017E+003  1.757281E-002
  5.800000E-002  1.175997E+003  4.359685E+002 -4.550032E+002  1.519535E+003  7.209938E+002  1.955504E+003  2.084185E+003  1.827243E-002
  5.900000E-002  1.149764E+003  4.374285E+002 -4.251557E+002  1.429014E+003  7.246085E+002  1.866442E+003  2.002165E+003  1.905376E-002
  6.000000E-002  1.123469E+003  4.384757E+002 -3.970875E+002  1.334883E+003  7.263817E+002  1.773359E+003  1.916359E+003  1.992423E-002
  6.100000E-002  1.096730E+003  4.391841E+002 -3.708766E+002  1.238009E+003  7.258532E+002  1.677193E+003  1.827523E+003  2.089679E-002
  6.200000E-002  1.069178E+003  4.395908E+002 -3.464132E+002  1.138911E+003  7.227652E+002  1.578502E+003  1.736104E+003  2.198836E-002
  6.300000E-002  1.040393E+003  4.397138E+002 -3.234455E+002  1.037970E+003  7.169474E+002  1.477683E+003  1.642426E+003  2.322016E-002
  6.400000E-002  1.009870E+003  4.395625E+002 -3.015953E+002  9.355276E+002  7.082742E+002  1.375090E+003  1.546779E+003  2.461865E-002
  6.500000E-002  9.770053E+002  4.391441E+002 -2.803606E+002  8.319555E+002  6.966448E+002  1.271100E+003  1.449485E+003  2.621669E-002
  6.600000E-002  9.410866E+002  4.384675E+002 -2.591160E+002  7.276991E+002  6.819706E+002  1.166167E+003  1.350936E+003  2.805511E-002
  6.700000E-002  9.012890E+002  4.375461E+002 -2.371178E+002  6.233332E+002  6.641712E+002  1.060879E+003  1.251634E+003  3.018422E-002
  6.800000E-002  8.566668E+002  4.363999E+002 -2.135347E+002  5.196628E+002  6.431320E+002  9.560627E+002  1.152248E+003  3.266500E-002
  6.900000E-002  8.062525E+002  4.350605E+002 -1.874928E+002  4.177963E+002  6.187597E+002  8.528568E+002  1.053674E+003  3.556881E-002
  7.000000E-002  7.491696E+002  4.335642E+002 -1.581651E+002  3.192370E+002  5.910045E+002  7.528012E+002  9.570768E+002  3.897381E-002
  7.100000E-002  6.848391E+002  4.319369E+002 -1.249906E+002  2.260887E+002  5.598485E+002  6.580256E+002  8.639607E+002  4.295193E-002
  7.200000E-002  6.134145E+002  4.301647E+002 -8.815640E+001  1.414240E+002  5.252581E+002  5.715887E+002  7.762794E+002  4.753537E-002
  7.300000E-002  5.367218E+002  4.281302E+002 -4.957089E+001  6.981604E+001  4.871509E+002  4.979462E+002  6.966107E+002  5.264002E-002
  7.400000E-002  4.600974E+002  4.254622E+002 -1.484506E+001  1.817984E+001  4.452524E+002  4.436420E+002  6.285443E+002  5.789802E-002
  7.500000E-002  3.978252E+002  4.211686E+002  0.000000E+000  0.000000E+000  3.978252E+002  4.211686E+002  5.793513E+002  6.214406E-002
  7.600000E-002  3.522259E+002  4.135253E+002  0.000000E+000  0.000000E+000  3.522259E+002  4.135253E+002  5.432000E+002  6.507630E-002
  7.700000E-002  3.150403E+002  4.021430E+002  0.000000E+000  0.000000E+000  3.150403E+002  4.021430E+002  5.108516E+002  6.729174E-002
  7.800000E-002  2.865378E+002  3.870334E+002  0.000000E+000  0.000000E+000  2.865378E+002  3.870334E+002  4.815587E+002  6.870225E-002
  7.900000E-002  2.665346E+002  3.683135E+002  0.000000E+000  0.000000E+000  2.665346E+002  3.683135E+002  4.546377E+002  6.925000E-002
  8.000000E-002  2.544428E+002  3.461928E+002  0.000000E+000  0.000000E+000  2.544428E+002  3.461928E+002  4.296401E+002  6.887741E-002
  8.100000E-002  2.492826E+002  3.209733E+002  0.000000E+000  0.000000E+000  2.492826E+002  3.209733E+002  4.064058E+002  6.751004E-002
  8.200000E-002  2.497270E+002  2.930909E+002  0.000000E+000  0.000000E+000  2.497270E+002  2.930909E+002  3.850530E+002  6.506337E-002
  8.300000E-002  2.548358E+002  2.631646E+002  0.000000E+000  0.000000E+000  2.548358E+002  2.631646E+002  3.663289E+002  6.140533E-002
  8.400000E-002  2.633398E+002  2.317468E+002  0.000000E+000  0.000000E+000  2.633398E+002  2.317468E+002  3.507912E+002  5.646888E-002
  8.500000E-002  2.739142E+002  1.992425E+002  0.000000E+000  0.000000E+000  2.739142E+002  1.992425E+002  3.387131E+002  5.027907E-002
  8.600000E-002  2.854442E+002  1.659957E+002  0.000000E+000  0.000000E+000  2.854442E+002  1.659957E+002  3.302014E+002  4.296818E-002
  8.700000E-002  2.969737E+002  1.323059E+002  0.000000E+000  0.000000E+000  2.969737E+002  1.323059E+002  3.251126E+002  3.478277E-002
  8.800000E-002  3.076611E+002  9.842615E+001  0.000000E+000  0.000000E+000  3.076611E+002  9.842615E+001  3.230217E+002  2.604256E-002
  8.900000E-002  3.165703E+002  6.456345E+001  0.000000E+000  0.000000E+000  3.165703E+002  6.456345E+001  3.230870E+002  1.707859E-002
  9.000000E-002  3.206300E+002  3.089988E+001  0.000000E+000  0.000000E+000  3.206300E+002  3.089988E+001  3.221155E+002  8.197737E-003
  9.100000E-002  0.000000E+000  0.000000E+000  0.000000E+000  0.000000E+000  0.000000E+000  0.000000E+000  0.000000E+000  0.000000E+000
