 FILE: 7segsprint.11

 *** Replace this line with a message to appear on all output files.                                    


        T             RX1            RY1            RX2            RY2            RX             RY             GRF            COP
       (S)            (N)            (N)            (N)            (N)            (N)            (N)            (N)            (M)

  0.000000E+000  0.000000E+000  0.000000E+000 -6.733112E-019  2.088832E-012 -6.733112E-019  2.088832E-012  2.088832E-012 -1.387779E-017
  1.000000E-003  0.000000E+000  0.000000E+000 -6.669309E+002  1.933373E+003 -6.669309E+002  1.933373E+003  2.045172E+003  1.008409E-003
  2.000000E-003  0.000000E+000  0.000000E+000 -2.263289E+003  3.673254E+003 -2.263289E+003  3.673254E+003  4.314542E+003  1.622151E-003
  3.000000E-003 -1.476018E+003  1.368728E+001 -3.684291E+003  4.610892E+003 -5.160309E+003  4.624579E+003  6.929323E+003  1.815462E-003
  4.000000E-003  1.088059E+003  7.689528E+001 -2.722462E+003  3.767110E+003 -1.634403E+003  3.844005E+003  4.177039E+003  3.611769E-003
  5.000000E-003  1.348311E+003  1.194265E+002 -2.036058E+003  3.091089E+003 -6.877474E+002  3.210515E+003  3.283353E+003  5.071197E-003
  6.000000E-003  1.195119E+003  1.336754E+002 -1.805653E+003  2.811243E+003 -6.105337E+002  2.944919E+003  3.007540E+003  5.709748E-003
  7.000000E-003  1.125500E+003  1.320040E+002 -1.756470E+003  2.700091E+003 -6.309707E+002  2.832095E+003  2.901531E+003  5.815664E-003
  8.000000E-003  1.140665E+003  1.255293E+002 -1.791364E+003  2.686685E+003 -6.506989E+002  2.812215E+003  2.886514E+003  5.688531E-003
  9.000000E-003  1.190503E+003  1.201688E+002 -1.859692E+003  2.728993E+003 -6.691886E+002  2.849162E+003  2.926694E+003  5.523534E-003
  1.000000E-002  1.252235E+003  1.181954E+002 -1.925407E+003  2.791533E+003 -6.731712E+002  2.909729E+003  2.986583E+003  5.423190E-003
  1.100000E-002  1.310207E+003  1.197450E+002 -1.970550E+003  2.853297E+003 -6.603429E+002  2.973042E+003  3.045494E+003  5.407851E-003
  1.200000E-002  1.354538E+003  1.239142E+002 -1.992651E+003  2.905615E+003 -6.381131E+002  3.029529E+003  3.096003E+003  5.458007E-003
  1.300000E-002  1.382974E+003  1.295310E+002 -1.997499E+003  2.947041E+003 -6.145246E+002  3.076572E+003  3.137345E+003  5.545588E-003
  1.400000E-002  1.399300E+003  1.356183E+002 -1.992494E+003  2.979255E+003 -5.931941E+002  3.114873E+003  3.170854E+003  5.648029E-003
  1.500000E-002  1.409409E+003  1.415711E+002 -1.983225E+003  3.004744E+003 -5.738164E+002  3.146315E+003  3.198213E+003  5.751591E-003
  1.600000E-002  1.418110E+003  1.471279E+002 -1.972770E+003  3.025731E+003 -5.546605E+002  3.172859E+003  3.220975E+003  5.849945E-003
  1.700000E-002  1.428024E+003  1.522534E+002 -1.962275E+003  3.043765E+003 -5.342509E+002  3.196019E+003  3.240364E+003  5.941530E-003
  1.800000E-002  1.439952E+003  1.570182E+002 -1.951786E+003  3.059697E+003 -5.118342E+002  3.216716E+003  3.257182E+003  6.027187E-003
  1.900000E-002  1.453662E+003  1.615161E+002 -1.940907E+003  3.073854E+003 -4.872451E+002  3.235370E+003  3.271854E+003  6.108525E-003
  2.000000E-002  1.468552E+003  1.658235E+002 -1.929202E+003  3.086269E+003 -4.606504E+002  3.252092E+003  3.284555E+003  6.187036E-003
  2.100000E-002  1.484023E+003  1.699876E+002 -1.916367E+003  3.096864E+003 -4.323431E+002  3.266851E+003  3.295336E+003  6.263755E-003
  2.200000E-002  1.499639E+003  1.740303E+002 -1.902258E+003  3.105554E+003 -4.026193E+002  3.279585E+003  3.304206E+003  6.339256E-003
  2.300000E-002  1.515139E+003  1.779575E+002 -1.886861E+003  3.112290E+003 -3.717218E+002  3.290247E+003  3.311179E+003  6.413790E-003
  2.400000E-002  1.530397E+003  1.817669E+002 -1.870226E+003  3.117056E+003 -3.398290E+002  3.298823E+003  3.316281E+003  6.487429E-003
  2.500000E-002  1.545371E+003  1.854538E+002 -1.852433E+003  3.119862E+003 -3.070617E+002  3.305315E+003  3.319548E+003  6.560186E-003
  2.600000E-002  1.560055E+003  1.890142E+002 -1.833558E+003  3.120719E+003 -2.735030E+002  3.309733E+003  3.321014E+003  6.632079E-003
  2.700000E-002  1.574446E+003  1.924454E+002 -1.813662E+003  3.119635E+003 -2.392157E+002  3.312080E+003  3.320708E+003  6.703159E-003
  2.800000E-002  1.588536E+003  1.957459E+002 -1.792793E+003  3.116608E+003 -2.042563E+002  3.312354E+003  3.318645E+003  6.773513E-003
  2.900000E-002  1.602299E+003  1.989153E+002 -1.770981E+003  3.111620E+003 -1.686828E+002  3.310535E+003  3.314830E+003  6.843261E-003
  3.000000E-002  1.615692E+003  2.019531E+002 -1.748251E+003  3.104643E+003 -1.325590E+002  3.306596E+003  3.309252E+003  6.912544E-003
  3.100000E-002  1.628661E+003  2.048591E+002 -1.724616E+003  3.095635E+003 -9.595479E+001  3.300494E+003  3.301889E+003  6.981525E-003
  3.200000E-002  1.641142E+003  2.076324E+002 -1.700088E+003  3.084547E+003 -5.894561E+001  3.292179E+003  3.292707E+003  7.050375E-003
  3.300000E-002  1.653061E+003  2.102716E+002 -1.674674E+003  3.071319E+003 -2.161270E+001  3.281590E+003  3.281661E+003  7.119275E-003
  3.400000E-002  1.664338E+003  2.127744E+002 -1.648381E+003  3.055884E+003  1.595622E+001  3.268658E+003  3.268697E+003  7.188416E-003
  3.500000E-002  1.674887E+003  2.151381E+002 -1.621216E+003  3.038169E+003  5.367080E+001  3.253307E+003  3.253750E+003  7.257994E-003
  3.600000E-002  1.684613E+003  2.173592E+002 -1.593184E+003  3.018099E+003  9.142921E+001  3.235458E+003  3.236749E+003  7.328215E-003
  3.700000E-002  1.693417E+003  2.194333E+002 -1.564293E+003  2.995595E+003  1.291240E+002  3.215028E+003  3.217620E+003  7.399294E-003
  3.800000E-002  1.701196E+003  2.213556E+002 -1.534551E+003  2.970578E+003  1.666446E+002  3.191933E+003  3.196280E+003  7.471454E-003
  3.900000E-002  1.707852E+003  2.231205E+002 -1.503968E+003  2.942964E+003  2.038839E+002  3.166084E+003  3.172642E+003  7.544935E-003
  4.000000E-002  1.713293E+003  2.247221E+002 -1.472549E+003  2.912664E+003  2.407443E+002  3.137386E+003  3.146609E+003  7.620005E-003
  4.100000E-002  1.717434E+003  2.261542E+002 -1.440296E+003  2.879582E+003  2.771377E+002  3.105736E+003  3.118077E+003  7.696969E-003
  4.200000E-002  1.720189E+003  2.274107E+002 -1.407209E+003  2.843616E+003  3.129797E+002  3.071027E+003  3.086934E+003  7.776171E-003
  4.300000E-002  1.721467E+003  2.284853E+002 -1.373286E+003  2.804664E+003  3.481804E+002  3.033150E+003  3.053068E+003  7.857998E-003
  4.400000E-002  1.721167E+003  2.293718E+002 -1.338528E+003  2.762627E+003  3.826390E+002  2.991999E+003  3.016367E+003  7.942877E-003
  4.500000E-002  1.719180E+003  2.300638E+002 -1.302938E+003  2.717413E+003  4.162423E+002  2.947477E+003  2.976723E+003  8.031276E-003
  4.600000E-002  1.715395E+003  2.305547E+002 -1.266527E+003  2.668938E+003  4.488675E+002  2.899492E+003  2.934031E+003  8.123711E-003
  4.700000E-002  1.709695E+003  2.308382E+002 -1.229308E+003  2.617122E+003  4.803865E+002  2.847960E+003  2.888191E+003  8.220764E-003
  4.800000E-002  1.701965E+003  2.309077E+002 -1.191297E+003  2.561891E+003  5.106675E+002  2.792799E+003  2.839103E+003  8.323094E-003
  4.900000E-002  1.692087E+003  2.307569E+002 -1.152513E+003  2.503176E+003  5.395736E+002  2.733933E+003  2.786670E+003  8.431460E-003
  5.000000E-002  1.679940E+003  2.303798E+002 -1.112977E+003  2.440912E+003  5.669631E+002  2.671291E+003  2.730796E+003  8.546744E-003
  5.100000E-002  1.665404E+003  2.297705E+002 -1.072713E+003  2.375035E+003  5.926906E+002  2.604806E+003  2.671384E+003  8.669976E-003
  5.200000E-002  1.648353E+003  2.289237E+002 -1.031746E+003  2.305487E+003  6.166066E+002  2.534411E+003  2.608341E+003  8.802376E-003
  5.300000E-002  1.628657E+003  2.278342E+002 -9.901023E+002  2.232210E+003  6.385550E+002  2.460044E+003  2.541568E+003  8.945389E-003
  5.400000E-002  1.606833E+003  2.264974E+002 -9.478870E+002  2.155329E+003  6.589462E+002  2.381826E+003  2.471296E+003  9.099656E-003
  5.500000E-002  1.583333E+003  2.249127E+002 -9.053766E+002  2.075369E+003  6.779564E+002  2.300282E+003  2.398108E+003  9.264925E-003
  5.600000E-002  1.558048E+003  2.230879E+002 -8.627413E+002  1.992638E+003  6.953065E+002  2.215725E+003  2.322260E+003  9.442330E-003
  5.700000E-002  1.530908E+003  2.210355E+002 -8.200779E+002  1.907283E+003  7.108302E+002  2.128318E+003  2.243885E+003  9.633783E-003
  5.800000E-002  1.501842E+003  2.187685E+002 -7.774520E+002  1.819385E+003  7.243900E+002  2.038153E+003  2.163056E+003  9.841766E-003
  5.900000E-002  1.470775E+003  2.162985E+002 -7.349141E+002  1.728995E+003  7.358604E+002  1.945293E+003  2.079821E+003  1.006926E-002
  6.000000E-002  1.437626E+003  2.136355E+002 -6.925075E+002  1.636167E+003  7.451186E+002  1.849802E+003  1.994234E+003  1.031976E-002
  6.100000E-002  1.402311E+003  2.107880E+002 -6.502696E+002  1.540968E+003  7.520411E+002  1.751756E+003  1.906362E+003  1.059737E-002
  6.200000E-002  1.364736E+003  2.077644E+002 -6.082273E+002  1.443482E+003  7.565085E+002  1.651247E+003  1.816293E+003  1.090699E-002
  6.300000E-002  1.324799E+003  2.045733E+002 -5.663903E+002  1.343806E+003  7.584089E+002  1.548379E+003  1.724141E+003  1.125452E-002
  6.400000E-002  1.282382E+003  2.012241E+002 -5.247455E+002  1.242047E+003  7.576364E+002  1.443271E+003  1.630045E+003  1.164721E-002
  6.500000E-002  1.237341E+003  1.977273E+002 -4.832531E+002  1.138335E+003  7.540874E+002  1.336062E+003  1.534180E+003  1.209400E-002
  6.600000E-002  1.189501E+003  1.940945E+002 -4.418428E+002  1.032827E+003  7.476587E+002  1.226921E+003  1.436778E+003  1.260587E-002
  6.700000E-002  1.138657E+003  1.903384E+002 -4.004090E+002  9.257295E+002  7.382477E+002  1.116068E+003  1.338139E+003  1.319643E-002
  6.800000E-002  1.084561E+003  1.864734E+002 -3.588073E+002  8.173133E+002  7.257535E+002  1.003787E+003  1.238671E+003  1.388232E-002
  6.900000E-002  1.026932E+003  1.825155E+002 -3.168530E+002  7.079469E+002  7.100786E+002  8.904624E+002  1.138918E+003  1.468372E-002
  7.000000E-002  9.654578E+002  1.784822E+002 -2.743244E+002  5.981417E+002  6.911334E+002  7.766239E+002  1.039620E+003  1.562426E-002
  7.100000E-002  8.998192E+002  1.743933E+002 -2.309735E+002  4.886107E+002  6.688458E+002  6.630040E+002  9.417690E+002  1.672995E-002
  7.200000E-002  8.297271E+002  1.702706E+002 -1.865513E+002  3.803472E+002  6.431758E+002  5.506178E+002  8.466729E+002  1.802593E-002
  7.300000E-002  7.549939E+002  1.661381E+002 -1.408610E+002  2.747297E+002  6.141330E+002  4.408678E+002  7.559919E+002  1.952889E-002
  7.400000E-002  6.756593E+002  1.620206E+002 -9.386446E+001  1.736676E+002  5.817948E+002  3.356882E+002  6.716932E+002  2.123388E-002
  7.500000E-002  5.922098E+002  1.579406E+002 -4.589113E+001  7.980641E+001  5.463187E+002  2.377470E+002  5.958085E+002  2.309787E-002
  7.600000E-002  5.068967E+002  1.539087E+002  0.000000E+000  0.000000E+000  5.068967E+002  1.539087E+002  5.297472E+002  2.505316E-002
  7.700000E-002  4.465844E+002  1.498006E+002  0.000000E+000  0.000000E+000  4.465844E+002  1.498006E+002  4.710391E+002  2.742274E-002
  7.800000E-002  3.922306E+002  1.450447E+002  0.000000E+000  0.000000E+000  3.922306E+002  1.450447E+002  4.181899E+002  2.990683E-002
  7.900000E-002  3.456750E+002  1.390139E+002  0.000000E+000  0.000000E+000  3.456750E+002  1.390139E+002  3.725803E+002  3.217135E-002
  8.000000E-002  3.080986E+002  1.312116E+002  0.000000E+000  0.000000E+000  3.080986E+002  1.312116E+002  3.348749E+002  3.378391E-002
  8.100000E-002  2.799656E+002  1.212736E+002  0.000000E+000  0.000000E+000  2.799656E+002  1.212736E+002  3.051033E+002  3.427122E-002
  8.200000E-002  2.611132E+002  1.089531E+002  0.000000E+000  0.000000E+000  2.611132E+002  1.089531E+002  2.829326E+002  3.320143E-002
  8.300000E-002  2.508703E+002  9.410594E+001  0.000000E+000  0.000000E+000  2.508703E+002  9.410594E+001  2.679400E+002  3.028090E-002
  8.400000E-002  2.481805E+002  7.667746E+001  0.000000E+000  0.000000E+000  2.481805E+002  7.667746E+001  2.597556E+002  2.544951E-002
  8.500000E-002  2.516709E+002  5.669114E+001  0.000000E+000  0.000000E+000  2.516709E+002  5.669114E+001  2.579769E+002  1.894500E-002
  8.600000E-002  2.593072E+002  3.424179E+001  0.000000E+000  0.000000E+000  2.593072E+002  3.424179E+001  2.615583E+002  1.128557E-002
  8.700000E-002  2.544508E+002  9.534940E+000  0.000000E+000  0.000000E+000  2.544508E+002  9.534940E+000  2.546294E+002  3.227650E-003
  8.740000E-002  0.000000E+000  0.000000E+000  0.000000E+000  0.000000E+000  0.000000E+000  0.000000E+000  0.000000E+000  0.000000E+000
