 FILE: 7segsprint.11

 *** Replace this line with a message to appear on all output files.                                    


        T             RX1            RY1            RX2            RY2            RX             RY             GRF            COP
       (S)            (N)            (N)            (N)            (N)            (N)            (N)            (N)            (M)

  0.000000E+000  0.000000E+000  0.000000E+000  0.000000E+000  0.000000E+000  0.000000E+000  0.000000E+000  0.000000E+000  0.000000E+000
  1.000000E-003  0.000000E+000  0.000000E+000  7.732619E+001  2.058348E+003  7.732619E+001  2.058348E+003  2.059800E+003  3.678849E-005
  2.000000E-003  0.000000E+000  0.000000E+000 -1.398326E+003  2.720729E+003 -1.398326E+003  2.720729E+003  3.059033E+003  2.005861E-004
  3.000000E-003  0.000000E+000  0.000000E+000 -1.416988E+003  3.958112E+003 -1.416988E+003  3.958112E+003  4.204105E+003  4.072269E-004
  4.000000E-003 -1.445289E+003  1.056059E+002 -3.993450E+002  3.477513E+003 -1.844634E+003  3.583119E+003  4.030064E+003  2.653812E-003
  5.000000E-003  1.583319E+002  1.715511E+002 -5.968219E+002  2.935560E+003 -4.384900E+002  3.107111E+003  3.137900E+003  5.013493E-003
  6.000000E-003  1.714701E+002  1.523560E+002 -6.826411E+002  2.549887E+003 -5.111709E+002  2.702243E+003  2.750166E+003  5.077901E-003
  7.000000E-003  2.220614E+002  1.324190E+002 -7.461234E+002  2.385477E+003 -5.240620E+002  2.517896E+003  2.571855E+003  4.787903E-003
  8.000000E-003  2.483491E+002  1.193546E+002 -7.849392E+002  2.305214E+003 -5.365901E+002  2.424569E+003  2.483236E+003  4.546426E-003
  9.000000E-003  2.933446E+002  1.101458E+002 -8.146759E+002  2.275223E+003 -5.213313E+002  2.385369E+003  2.441674E+003  4.340254E-003
  1.000000E-002  3.547776E+002  1.050084E+002 -8.659987E+002  2.335126E+003 -5.112211E+002  2.440134E+003  2.493111E+003  4.123244E-003
  1.100000E-002  3.778642E+002  1.055645E+002 -9.092115E+002  2.430162E+003 -5.313473E+002  2.535727E+003  2.590799E+003  4.031922E-003
  1.200000E-002  3.675747E+002  1.101297E+002 -9.023827E+002  2.454984E+003 -5.348080E+002  2.565114E+003  2.620273E+003  4.152120E-003
  1.300000E-002  3.949159E+002  1.149606E+002 -8.908416E+002  2.452190E+003 -4.959258E+002  2.567150E+003  2.614613E+003  4.319719E-003
  1.400000E-002  4.395479E+002  1.200049E+002 -9.123471E+002  2.506088E+003 -4.727992E+002  2.626093E+003  2.668315E+003  4.406154E-003
  1.500000E-002  4.430746E+002  1.271367E+002 -9.263326E+002  2.566342E+003 -4.832580E+002  2.693478E+003  2.736488E+003  4.530718E-003
  1.600000E-002  4.319305E+002  1.348813E+002 -9.098201E+002  2.569918E+003 -4.778896E+002  2.704799E+003  2.746692E+003  4.749839E-003
  1.700000E-002  4.454101E+002  1.409479E+002 -8.952669E+002  2.556871E+003 -4.498569E+002  2.697819E+003  2.735068E+003  4.949139E-003
  1.800000E-002  4.707900E+002  1.463477E+002 -9.033633E+002  2.585468E+003 -4.325733E+002  2.731815E+003  2.765852E+003  5.061255E-003
  1.900000E-002  4.720889E+002  1.528905E+002 -9.038665E+002  2.616520E+003 -4.317776E+002  2.769410E+003  2.802867E+003  5.194921E-003
  2.000000E-002  4.767238E+002  1.597901E+002 -8.956920E+002  2.633824E+003 -4.189683E+002  2.793614E+003  2.824857E+003  5.359656E-003
  2.100000E-002  4.784824E+002  1.661002E+002 -8.785671E+002  2.628171E+003 -4.000847E+002  2.794272E+003  2.822768E+003  5.544881E-003
  2.200000E-002  4.883623E+002  1.714803E+002 -8.661080E+002  2.625393E+003 -3.777457E+002  2.796873E+003  2.822267E+003  5.699486E-003
  2.300000E-002  4.971805E+002  1.768409E+002 -8.579912E+002  2.635661E+003 -3.608107E+002  2.812502E+003  2.835552E+003  5.828089E-003
  2.400000E-002  5.003543E+002  1.826093E+002 -8.457779E+002  2.644810E+003 -3.454237E+002  2.827419E+003  2.848441E+003  5.967806E-003
  2.500000E-002  5.021934E+002  1.883028E+002 -8.281227E+002  2.643736E+003 -3.259293E+002  2.832039E+003  2.850732E+003  6.123657E-003
  2.600000E-002  5.062158E+002  1.935830E+002 -8.098547E+002  2.639279E+003 -3.036389E+002  2.832862E+003  2.849088E+003  6.274238E-003
  2.700000E-002  5.106572E+002  1.987035E+002 -7.927538E+002  2.638355E+003 -2.820967E+002  2.837058E+003  2.851049E+003  6.412481E-003
  2.800000E-002  5.115597E+002  2.038655E+002 -7.732115E+002  2.635152E+003 -2.616518E+002  2.839017E+003  2.851049E+003  6.555409E-003
  2.900000E-002  5.130258E+002  2.089165E+002 -7.524231E+002  2.630127E+003 -2.393973E+002  2.839043E+003  2.849119E+003  6.698679E-003
  3.000000E-002  5.104705E+002  2.137302E+002 -7.279578E+002  2.616857E+003 -2.174873E+002  2.830587E+003  2.838930E+003  6.852892E-003
  3.100000E-002  5.117420E+002  2.182198E+002 -7.048714E+002  2.605827E+003 -1.931294E+002  2.824046E+003  2.830642E+003  6.993863E-003
  3.200000E-002  5.150561E+002  2.229274E+002 -6.843400E+002  2.604764E+003 -1.692839E+002  2.827691E+003  2.832754E+003  7.117589E-003
  3.300000E-002  5.110743E+002  2.279478E+002 -6.589075E+002  2.596373E+003 -1.478332E+002  2.824321E+003  2.828187E+003  7.265807E-003
  3.400000E-002  5.046372E+002  2.325010E+002 -6.292571E+002  2.574271E+003 -1.246200E+002  2.806772E+003  2.809538E+003  7.434570E-003
  3.500000E-002  5.035980E+002  2.365291E+002 -6.027485E+002  2.556586E+003 -9.915049E+001  2.793115E+003  2.794874E+003  7.579386E-003
  3.600000E-002  5.043221E+002  2.408816E+002 -5.790382E+002  2.550750E+003 -7.471618E+001  2.791631E+003  2.792631E+003  7.703211E-003
  3.700000E-002  5.013028E+002  2.457749E+002 -5.526871E+002  2.543576E+003 -5.138426E+001  2.789351E+003  2.789824E+003  7.844726E-003
  3.800000E-002  4.939269E+002  2.505094E+002 -5.222615E+002  2.523569E+003 -2.833458E+001  2.774078E+003  2.774223E+003  8.016005E-003
  3.900000E-002  4.887218E+002  2.546910E+002 -4.922037E+002  2.499543E+003 -3.481835E+000  2.754234E+003  2.754236E+003  8.184427E-003
  4.000000E-002  4.865388E+002  2.588303E+002 -4.643323E+002  2.482193E+003  2.220641E+001  2.741023E+003  2.741113E+003  8.334142E-003
  4.100000E-002  4.812956E+002  2.632822E+002 -4.355488E+002  2.465159E+003  4.574680E+001  2.728441E+003  2.728824E+003  8.492476E-003
  4.200000E-002  4.759518E+002  2.677760E+002 -4.061547E+002  2.445902E+003  6.979714E+001  2.713678E+003  2.714575E+003  8.659376E-003
  4.300000E-002  4.696971E+002  2.721909E+002 -3.762633E+002  2.423270E+003  9.343375E+001  2.695461E+003  2.697080E+003  8.835720E-003
  4.400000E-002  4.631208E+002  2.764720E+002 -3.462672E+002  2.397869E+003  1.168536E+002  2.674341E+003  2.676893E+003  9.018931E-003
  4.500000E-002  4.564989E+002  2.806519E+002 -3.164138E+002  2.370704E+003  1.400850E+002  2.651356E+003  2.655054E+003  9.207396E-003
  4.600000E-002  4.496629E+002  2.847729E+002 -2.867169E+002  2.341904E+003  1.629460E+002  2.626677E+003  2.631726E+003  9.402467E-003
  4.700000E-002  4.425665E+002  2.888363E+002 -2.572160E+002  2.311173E+003  1.853505E+002  2.600009E+003  2.606607E+003  9.605837E-003
  4.800000E-002  4.355200E+002  2.928353E+002 -2.280865E+002  2.278672E+003  2.074335E+002  2.571508E+003  2.579861E+003  9.817405E-003
  4.900000E-002  4.313223E+002  2.968705E+002 -2.001170E+002  2.248622E+003  2.312053E+002  2.545492E+003  2.555971E+003  1.002399E-002
  5.000000E-002  4.249296E+002  3.010807E+002 -1.722505E+002  2.216539E+003  2.526791E+002  2.517620E+003  2.530268E+003  1.024793E-002
  5.100000E-002  4.156104E+002  3.051390E+002 -1.444060E+002  2.177298E+003  2.712044E+002  2.482437E+003  2.497207E+003  1.050210E-002
  5.200000E-002  4.110513E+002  3.089310E+002 -1.182144E+002  2.138685E+003  2.928369E+002  2.447616E+003  2.465072E+003  1.075054E-002
  5.300000E-002  4.119829E+002  3.130082E+002 -9.378098E+001  2.107760E+003  3.182019E+002  2.420768E+003  2.441592E+003  1.097761E-002
  5.400000E-002  4.049851E+002  3.175106E+002 -6.915451E+001  2.070609E+003  3.358306E+002  2.388120E+003  2.411617E+003  1.125457E-002
  5.500000E-002  3.905473E+002  3.214751E+002 -4.494731E+001  2.017091E+003  3.456000E+002  2.338566E+003  2.363965E+003  1.160552E-002
  5.600000E-002  3.835408E+002  3.245427E+002 -2.316523E+001  1.960250E+003  3.603756E+002  2.284793E+003  2.313039E+003  1.195594E-002
  5.700000E-002  3.913570E+002  3.277382E+002 -3.971355E+000  1.918812E+003  3.873856E+002  2.246550E+003  2.279705E+003  1.223352E-002
  5.800000E-002  3.908556E+002  3.319817E+002  1.475161E+001  1.877792E+003  4.056072E+002  2.209774E+003  2.246691E+003  1.255825E-002
  5.900000E-002  3.766261E+002  3.360441E+002  3.227760E+001  1.818881E+003  4.089037E+002  2.154925E+003  2.193377E+003  1.300586E-002
  6.000000E-002  3.707349E+002  3.389384E+002  4.689780E+001  1.754364E+003  4.176327E+002  2.093302E+003  2.134556E+003  1.346552E-002
  6.100000E-002  3.804574E+002  3.417124E+002  5.923302E+001  1.701508E+003  4.396904E+002  2.043220E+003  2.089995E+003  1.385279E-002
  6.200000E-002  3.926239E+002  3.454638E+002  7.023343E+001  1.658134E+003  4.628573E+002  2.003597E+003  2.056366E+003  1.422292E-002
  6.300000E-002  3.871503E+002  3.499337E+002  7.944036E+001  1.602981E+003  4.665906E+002  1.952915E+003  2.007880E+003  1.474555E-002
  6.400000E-002  3.888036E+002  3.533974E+002  8.579990E+001  1.543858E+003  4.746035E+002  1.897256E+003  1.955717E+003  1.528095E-002
  6.500000E-002  3.742089E+002  3.569637E+002  8.933069E+001  1.467094E+003  4.635396E+002  1.824058E+003  1.882035E+003  1.603415E-002
  6.600000E-002  3.794607E+002  3.586658E+002  9.005586E+001  1.392835E+003  4.695166E+002  1.751501E+003  1.813339E+003  1.671718E-002
  6.700000E-002  4.084500E+002  3.605971E+002  8.987002E+001  1.337692E+003  4.983200E+002  1.698289E+003  1.769890E+003  1.721715E-002
  6.800000E-002  4.113842E+002  3.646883E+002  8.754047E+001  1.275550E+003  4.989246E+002  1.640238E+003  1.714441E+003  1.797581E-002
  6.900000E-002  4.022171E+002  3.678603E+002  8.199215E+001  1.199707E+003  4.842093E+002  1.567567E+003  1.640648E+003  1.895067E-002
  7.000000E-002  4.165986E+002  3.693264E+002  7.493677E+001  1.128950E+003  4.915353E+002  1.498276E+003  1.576844E+003  1.980044E-002
  7.100000E-002  4.459484E+002  3.712629E+002  6.723520E+001  1.069528E+003  5.131836E+002  1.440791E+003  1.529456E+003  2.052663E-002
  7.200000E-002  4.500522E+002  3.750844E+002  5.722282E+001  1.002802E+003  5.072750E+002  1.377886E+003  1.468298E+003  2.161042E-002
  7.300000E-002  4.391107E+002  3.780600E+002  4.496122E+001  9.240380E+002  4.840720E+002  1.302098E+003  1.389167E+003  2.303438E-002
  7.400000E-002  4.525188E+002  3.787375E+002  3.263408E+001  8.493386E+002  4.851528E+002  1.228076E+003  1.320433E+003  2.428974E-002
  7.500000E-002  4.810021E+002  3.797220E+002  2.047734E+001  7.831449E+002  5.014794E+002  1.162867E+003  1.266389E+003  2.540586E-002
  7.600000E-002  4.847183E+002  3.827321E+002  7.260795E+000  7.126292E+002  4.919791E+002  1.095361E+003  1.200775E+003  2.702222E-002
  7.700000E-002  4.696229E+002  3.852606E+002 -6.071248E+000  6.345936E+002  4.635516E+002  1.019854E+003  1.120260E+003  2.917308E-002
  7.800000E-002  4.735103E+002  3.853795E+002 -1.760909E+001  5.604201E+002  4.559012E+002  9.457996E+002  1.049944E+003  3.115379E-002
  7.900000E-002  4.853772E+002  3.855854E+002 -2.750964E+001  4.976302E+002  4.578676E+002  8.832156E+002  9.948429E+002  3.291328E-002
  8.000000E-002  4.672570E+002  3.892944E+002 -3.688109E+001  4.392344E+002  4.303759E+002  8.285288E+002  9.336399E+002  3.542372E-002
  8.100000E-002  4.445299E+002  3.938311E+002 -4.442764E+001  3.795620E+002  4.001023E+002  7.733930E+002  8.707575E+002  3.843828E-002
  8.200000E-002  4.390102E+002  3.974597E+002 -4.891928E+001  3.192219E+002  3.900910E+002  7.166816E+002  8.159678E+002  4.140760E-002
  8.300000E-002  4.097995E+002  4.031454E+002 -5.038056E+001  2.571426E+002  3.594189E+002  6.602879E+002  7.517727E+002  4.559088E-002
  8.400000E-002  3.730260E+002  4.079824E+002 -4.768372E+001  1.972019E+002  3.253423E+002  6.051843E+002  6.870922E+002  5.047866E-002
  8.500000E-002  3.494823E+002  4.137017E+002 -4.039962E+001  1.382326E+002  3.090827E+002  5.519343E+002  6.325848E+002  5.558348E-002
  8.600000E-002  2.990749E+002  4.232409E+002 -2.724254E+001  7.687805E+001  2.718324E+002  5.001190E+002  5.692204E+002  6.316416E-002
  8.700000E-002  2.406947E+002  4.304033E+002 -6.845024E+000  1.625865E+001  2.338497E+002  4.466619E+002  5.041751E+002  7.246684E-002
  8.800000E-002  1.981205E+002  4.380506E+002  0.000000E+000  0.000000E+000  1.981205E+002  4.380506E+002  4.807703E+002  7.732555E-002
  8.900000E-002  1.589981E+002  4.476843E+002  0.000000E+000  0.000000E+000  1.589981E+002  4.476843E+002  4.750807E+002  7.997211E-002
  9.000000E-002  1.246582E+002  4.545591E+002  0.000000E+000  0.000000E+000  1.246582E+002  4.545591E+002  4.713424E+002  8.184386E-002
  9.100000E-002  7.152330E+001  4.621215E+002  0.000000E+000  0.000000E+000  7.152330E+001  4.621215E+002  4.676236E+002  8.386693E-002
  9.200000E-002  2.303712E+001  4.653455E+002  0.000000E+000  0.000000E+000  2.303712E+001  4.653455E+002  4.659153E+002  8.476154E-002
  9.300000E-002  2.185015E+000  4.655322E+002  0.000000E+000  0.000000E+000  2.185015E+000  4.655322E+002  4.655373E+002  8.486433E-002
  9.400000E-002 -1.165896E+001  4.644196E+002  0.000000E+000  0.000000E+000 -1.165896E+001  4.644196E+002  4.645660E+002  8.483849E-002
  9.500000E-002 -2.105397E+001  4.593851E+002  0.000000E+000  0.000000E+000 -2.105397E+001  4.593851E+002  4.598673E+002  8.477620E-002
  9.600000E-002 -2.553804E+001  4.531453E+002  0.000000E+000  0.000000E+000 -2.553804E+001  4.531453E+002  4.538644E+002  8.473073E-002
  9.700000E-002 -2.462609E+001  4.462906E+002  0.000000E+000  0.000000E+000 -2.462609E+001  4.462906E+002  4.469695E+002  8.473627E-002
  9.800000E-002 -2.737051E+001  4.393981E+002  0.000000E+000  0.000000E+000 -2.737051E+001  4.393981E+002  4.402498E+002  8.470100E-002
  9.900000E-002 -2.895695E+001  4.289555E+002  0.000000E+000  0.000000E+000 -2.895695E+001  4.289555E+002  4.299318E+002  8.467247E-002
  1.000000E-001 -1.915710E+001  4.160998E+002  0.000000E+000  0.000000E+000 -1.915710E+001  4.160998E+002  4.165406E+002  8.477536E-002
  1.010000E-001 -4.528877E+000  4.039598E+002  0.000000E+000  0.000000E+000 -4.528877E+000  4.039598E+002  4.039852E+002  8.485979E-002
  1.020000E-001 -4.963859E+000  3.943891E+002  0.000000E+000  0.000000E+000 -4.963859E+000  3.943891E+002  3.944203E+002  8.485835E-002
  1.030000E-001 -9.474813E+000  3.816149E+002  0.000000E+000  0.000000E+000 -9.474813E+000  3.816149E+002  3.817325E+002  8.483890E-002
  1.040000E-001  3.010738E+000  3.635461E+002  0.000000E+000  0.000000E+000  3.010738E+000  3.635461E+002  3.635585E+002  8.486208E-002
  1.050000E-001  2.276592E+001  3.456160E+002  0.000000E+000  0.000000E+000  2.276592E+001  3.456160E+002  3.463650E+002  8.468137E-002
  1.060000E-001  4.247167E+001  3.279218E+002  0.000000E+000  0.000000E+000  4.247167E+001  3.279218E+002  3.306608E+002  8.416175E-002
  1.070000E-001  6.063193E+001  3.098685E+002  0.000000E+000  0.000000E+000  6.063193E+001  3.098685E+002  3.157447E+002  8.328510E-002
  1.080000E-001  6.583930E+001  2.940669E+002  0.000000E+000  0.000000E+000  6.583930E+001  2.940669E+002  3.013472E+002  8.281396E-002
  1.090000E-001  6.134007E+001  2.767760E+002  0.000000E+000  0.000000E+000  6.134007E+001  2.767760E+002  2.834917E+002  8.285360E-002
  1.100000E-001  6.874546E+001  2.558577E+002  0.000000E+000  0.000000E+000  6.874546E+001  2.558577E+002  2.649323E+002  8.195690E-002
  1.110000E-001  8.644966E+001  2.344011E+002  0.000000E+000  0.000000E+000  8.644966E+001  2.344011E+002  2.498348E+002  7.962082E-002
  1.120000E-001  9.384850E+001  2.145026E+002  0.000000E+000  0.000000E+000  9.384850E+001  2.145026E+002  2.341344E+002  7.774724E-002
  1.130000E-001  9.221976E+001  1.941992E+002  0.000000E+000  0.000000E+000  9.221976E+001  1.941992E+002  2.149833E+002  7.665807E-002
  1.140000E-001  9.596911E+001  1.712264E+002  0.000000E+000  0.000000E+000  9.596911E+001  1.712264E+002  1.962869E+002  7.402728E-002
  1.150000E-001  1.066436E+002  1.470063E+002  0.000000E+000  0.000000E+000  1.066436E+002  1.470063E+002  1.816141E+002  6.869025E-002
  1.160000E-001  1.152890E+002  1.237818E+002  0.000000E+000  0.000000E+000  1.152890E+002  1.237818E+002  1.691552E+002  6.209774E-002
  1.170000E-001  1.145003E+002  1.004997E+002  0.000000E+000  0.000000E+000  1.145003E+002  1.004997E+002  1.523500E+002  5.597856E-002
  1.180000E-001  1.114742E+002  7.552897E+001  0.000000E+000  0.000000E+000  1.114742E+002  7.552897E+001  1.346519E+002  4.759860E-002
  1.190000E-001  1.141984E+002  4.995167E+001  0.000000E+000  0.000000E+000  1.141984E+002  4.995167E+001  1.246453E+002  3.400619E-002
  1.200000E-001  1.133855E+002  2.446138E+001  0.000000E+000  0.000000E+000  1.133855E+002  2.446138E+001  1.159941E+002  1.789425E-002
  1.210000E-001  0.000000E+000  0.000000E+000  0.000000E+000  0.000000E+000  0.000000E+000  0.000000E+000  0.000000E+000  0.000000E+000
