 FILE: 7segsprint.11

 *** Replace this line with a message to appear on all output files.                                    


        T             RX1            RY1            RX2            RY2            RX             RY             GRF            COP
       (S)            (N)            (N)            (N)            (N)            (N)            (N)            (N)            (M)

  0.000000E+000  0.000000E+000  0.000000E+000 -3.344623E-012  2.750399E-012 -3.344623E-012  2.750399E-012  4.330265E-012 -8.814576E-018
  1.000000E-003  0.000000E+000  0.000000E+000 -3.447901E+003  2.669610E+003 -3.447901E+003  2.669610E+003  4.360600E+003  8.468622E-004
  2.000000E-003  0.000000E+000  0.000000E+000 -3.866795E+003  4.825926E+003 -3.866795E+003  4.825926E+003  6.183984E+003  1.279162E-003
  3.000000E-003  8.686744E+002  1.528612E+002 -2.317913E+003  4.121821E+003 -1.449239E+003  4.274683E+003  4.513669E+003  4.113834E-003
  4.000000E-003  1.135279E+003  2.006887E+002 -1.954880E+003  3.092080E+003 -8.196016E+002  3.292769E+003  3.393239E+003  6.147888E-003
  5.000000E-003  1.142789E+003  1.765567E+002 -1.837387E+003  2.691870E+003 -6.945979E+002  2.868427E+003  2.951328E+003  6.211924E-003
  6.000000E-003  1.203264E+003  1.642072E+002 -1.857475E+003  2.605345E+003 -6.542113E+002  2.769552E+003  2.845771E+003  6.072683E-003
  7.000000E-003  1.270739E+003  1.615099E+002 -1.923902E+003  2.639716E+003 -6.531637E+002  2.801226E+003  2.876367E+003  5.979044E-003
  8.000000E-003  1.331762E+003  1.646054E+002 -1.985406E+003  2.704037E+003 -6.536443E+002  2.868642E+003  2.942169E+003  5.987375E-003
  9.000000E-003  1.381975E+003  1.711293E+002 -2.028805E+003  2.765737E+003 -6.468302E+002  2.936866E+003  3.007253E+003  6.081664E-003
  1.000000E-002  1.421273E+003  1.793973E+002 -2.056318E+003  2.817035E+003 -6.350457E+002  2.996432E+003  3.062987E+003  6.226384E-003
  1.100000E-002  1.452261E+003  1.883205E+002 -2.072919E+003  2.858565E+003 -6.206578E+002  3.046885E+003  3.109458E+003  6.393360E-003
  1.200000E-002  1.478021E+003  1.973297E+002 -2.082360E+003  2.892753E+003 -6.043386E+002  3.090083E+003  3.148625E+003  6.566821E-003
  1.300000E-002  1.500836E+003  2.061891E+002 -2.086810E+003  2.921659E+003 -5.859742E+002  3.127848E+003  3.182263E+003  6.739805E-003
  1.400000E-002  1.522002E+003  2.148265E+002 -2.087381E+003  2.946593E+003 -5.653791E+002  3.161419E+003  3.211577E+003  6.909897E-003
  1.500000E-002  1.542104E+003  2.232327E+002 -2.084611E+003  2.968286E+003 -5.425066E+002  3.191519E+003  3.237299E+003  7.076587E-003
  1.600000E-002  1.561335E+003  2.314167E+002 -2.078772E+003  2.987130E+003 -5.174366E+002  3.218546E+003  3.259874E+003  7.240034E-003
  1.700000E-002  1.579707E+003  2.393904E+002 -2.070021E+003  3.003334E+003 -4.903134E+002  3.242725E+003  3.279584E+003  7.400578E-003
  1.800000E-002  1.597170E+003  2.471641E+002 -2.058470E+003  3.017024E+003 -4.613003E+002  3.264188E+003  3.296622E+003  7.558586E-003
  1.900000E-002  1.613658E+003  2.547463E+002 -2.044220E+003  3.028281E+003 -4.305616E+002  3.283027E+003  3.311141E+003  7.714405E-003
  2.000000E-002  1.629114E+003  2.621440E+002 -2.027368E+003  3.037170E+003 -3.982532E+002  3.299314E+003  3.323263E+003  7.868349E-003
  2.100000E-002  1.643489E+003  2.693628E+002 -2.008015E+003  3.043743E+003 -3.645262E+002  3.313106E+003  3.333099E+003  8.020704E-003
  2.200000E-002  1.656743E+003  2.764077E+002 -1.986270E+003  3.048050E+003 -3.295267E+002  3.324458E+003  3.340750E+003  8.171733E-003
  2.300000E-002  1.668849E+003  2.832831E+002 -1.962242E+003  3.050133E+003 -2.933931E+002  3.333416E+003  3.346303E+003  8.321686E-003
  2.400000E-002  1.679789E+003  2.899929E+002 -1.936044E+003  3.050030E+003 -2.562552E+002  3.340023E+003  3.349839E+003  8.470809E-003
  2.500000E-002  1.689558E+003  2.965406E+002 -1.907788E+003  3.047770E+003 -2.182307E+002  3.344310E+003  3.351423E+003  8.619352E-003
  2.600000E-002  1.698157E+003  3.029294E+002 -1.877587E+003  3.043374E+003 -1.794294E+002  3.346304E+003  3.351111E+003  8.767569E-003
  2.700000E-002  1.705598E+003  3.091618E+002 -1.845552E+003  3.036859E+003 -1.399541E+002  3.346020E+003  3.348946E+003  8.915717E-003
  2.800000E-002  1.711882E+003  3.152399E+002 -1.811798E+003  3.028231E+003 -9.991640E+001  3.343471E+003  3.344963E+003  9.064061E-003
  2.900000E-002  1.717019E+003  3.211648E+002 -1.776437E+003  3.017490E+003 -5.941805E+001  3.338655E+003  3.339184E+003  9.212875E-003
  3.000000E-002  1.721015E+003  3.269373E+002 -1.739582E+003  3.004627E+003 -1.856676E+001  3.331565E+003  3.331616E+003  9.362455E-003
  3.100000E-002  1.723871E+003  3.325571E+002 -1.701340E+003  2.989619E+003  2.253134E+001  3.322176E+003  3.322253E+003  9.513121E-003
  3.200000E-002  1.725587E+003  3.380233E+002 -1.661816E+003  2.972430E+003  6.377024E+001  3.310454E+003  3.311068E+003  9.665230E-003
  3.300000E-002  1.726158E+003  3.433335E+002 -1.621115E+003  2.953012E+003  1.050430E+002  3.296345E+003  3.298019E+003  9.819174E-003
  3.400000E-002  1.725571E+003  3.484846E+002 -1.579333E+003  2.931301E+003  1.462380E+002  3.279785E+003  3.283044E+003  9.975392E-003
  3.500000E-002  1.723815E+003  3.534721E+002 -1.536570E+003  2.907221E+003  1.872451E+002  3.260693E+003  3.266065E+003  1.013437E-002
  3.600000E-002  1.720867E+003  3.582904E+002 -1.492920E+003  2.880683E+003  2.279468E+002  3.238973E+003  3.246984E+003  1.029666E-002
  3.700000E-002  1.716706E+003  3.629327E+002 -1.448479E+003  2.851587E+003  2.682272E+002  3.214519E+003  3.225691E+003  1.046286E-002
  3.800000E-002  1.711308E+003  3.673908E+002 -1.403343E+003  2.819825E+003  3.079647E+002  3.187216E+003  3.202060E+003  1.063366E-002
  3.900000E-002  1.704640E+003  3.716560E+002 -1.357614E+003  2.785287E+003  3.470263E+002  3.156943E+003  3.175959E+003  1.080979E-002
  4.000000E-002  1.696668E+003  3.757184E+002 -1.311397E+003  2.747862E+003  3.852713E+002  3.123581E+003  3.147251E+003  1.099208E-002
  4.100000E-002  1.687355E+003  3.795679E+002 -1.264807E+003  2.707445E+003  4.225482E+002  3.087012E+003  3.115797E+003  1.118144E-002
  4.200000E-002  1.676661E+003  3.831943E+002 -1.217964E+003  2.663934E+003  4.586969E+002  3.047128E+003  3.081460E+003  1.137888E-002
  4.300000E-002  1.664549E+003  3.865877E+002 -1.170992E+003  2.617233E+003  4.935577E+002  3.003821E+003  3.044099E+003  1.158557E-002
  4.400000E-002  1.650992E+003  3.897384E+002 -1.124019E+003  2.567249E+003  5.269724E+002  2.956987E+003  3.003577E+003  1.180281E-002
  4.500000E-002  1.635960E+003  3.926368E+002 -1.077179E+003  2.513892E+003  5.587806E+002  2.906529E+003  2.959755E+003  1.203210E-002
  4.600000E-002  1.619425E+003  3.952737E+002 -1.030608E+003  2.457084E+003  5.888164E+002  2.852358E+003  2.912499E+003  1.227513E-002
  4.700000E-002  1.601354E+003  3.976401E+002 -9.844491E+002  2.396754E+003  6.169048E+002  2.794394E+003  2.861680E+003  1.253386E-002
  4.800000E-002  1.581714E+003  3.997280E+002 -9.388440E+002  2.332843E+003  6.428704E+002  2.732571E+003  2.807174E+003  1.281053E-002
  4.900000E-002  1.560468E+003  4.015296E+002 -8.939343E+002  2.265294E+003  6.665336E+002  2.666823E+003  2.748857E+003  1.310775E-002
  5.000000E-002  1.537571E+003  4.030374E+002 -8.498568E+002  2.194058E+003  6.877142E+002  2.597095E+003  2.686607E+003  1.342860E-002
  5.100000E-002  1.512969E+003  4.042441E+002 -8.067416E+002  2.119092E+003  7.062277E+002  2.523336E+003  2.620302E+003  1.377669E-002
  5.200000E-002  1.486593E+003  4.051425E+002 -7.647086E+002  2.040358E+003  7.218847E+002  2.445501E+003  2.549822E+003  1.415632E-002
  5.300000E-002  1.458430E+003  4.057259E+002 -7.238664E+002  1.957839E+003  7.345641E+002  2.363565E+003  2.475080E+003  1.457247E-002
  5.400000E-002  1.429393E+003  4.060001E+002 -6.844439E+002  1.871908E+003  7.449495E+002  2.277908E+003  2.396625E+003  1.502771E-002
  5.500000E-002  1.399617E+003  4.059959E+002 -6.466971E+002  1.783120E+003  7.529197E+002  2.189116E+003  2.314977E+003  1.552609E-002
  5.600000E-002  1.368993E+003  4.057349E+002 -6.107295E+002  1.691723E+003  7.582640E+002  2.097458E+003  2.230312E+003  1.607412E-002
  5.700000E-002  1.337421E+003  4.052290E+002 -5.765576E+002  1.597841E+003  7.608639E+002  2.003070E+003  2.142709E+003  1.667990E-002
  5.800000E-002  1.304763E+003  4.044855E+002 -5.441316E+002  1.501564E+003  7.606311E+002  1.906050E+003  2.052215E+003  1.735332E-002
  5.900000E-002  1.270835E+003  4.035100E+002 -5.133364E+002  1.402978E+003  7.574988E+002  1.806488E+003  1.958878E+003  1.810644E-002
  6.000000E-002  1.235373E+003  4.023079E+002 -4.839853E+002  1.302178E+003  7.513878E+002  1.704486E+003  1.862755E+003  1.895424E-002
  6.100000E-002  1.198048E+003  4.008854E+002 -4.558102E+002  1.199287E+003  7.422376E+002  1.600172E+003  1.763935E+003  1.991529E-002
  6.200000E-002  1.158427E+003  3.992511E+002 -4.284508E+002  1.094455E+003  7.299763E+002  1.493706E+003  1.662535E+003  2.101310E-002
  6.300000E-002  1.115989E+003  3.974165E+002 -4.014428E+002  9.878827E+002  7.145457E+002  1.385299E+003  1.558727E+003  2.227755E-002
  6.400000E-002  1.070089E+003  3.953976E+002 -3.742073E+002  8.798362E+002  6.958821E+002  1.275234E+003  1.452747E+003  2.374713E-002
  6.500000E-002  1.019979E+003  3.932162E+002 -3.460419E+002  7.706798E+002  6.739371E+002  1.163896E+003  1.344933E+003  2.547164E-002
  6.600000E-002  9.647857E+002  3.909010E+002 -3.161192E+002  6.609226E+002  6.486665E+002  1.051824E+003  1.235759E+003  2.751597E-002
  6.700000E-002  9.035526E+002  3.884889E+002 -2.834998E+002  5.512860E+002  6.200528E+002  9.397749E+002  1.125896E+003  2.996430E-002
  6.800000E-002  8.352835E+002  3.860245E+002 -2.471777E+002  4.428045E+002  5.881058E+002  8.288289E+002  1.016280E+003  3.292471E-002
  6.900000E-002  7.590742E+002  3.835555E+002 -2.061966E+002  3.369823E+002  5.528776E+002  7.205378E+002  9.082117E+002  3.653113E-002
  7.000000E-002  6.743882E+002  3.811224E+002 -1.599307E+002  2.360609E+002  5.144574E+002  6.171833E+002  8.034810E+002  4.093585E-002
  7.100000E-002  5.816309E+002  3.787283E+002 -1.086303E+002  1.433425E+002  4.730006E+002  5.220708E+002  7.044768E+002  4.627725E-002
  7.200000E-002  4.832630E+002  3.762548E+002 -5.457739E+001  6.372794E+001  4.286856E+002  4.399828E+002  6.142933E+002  5.258390E-002
  7.300000E-002  3.860400E+002  3.732801E+002 -4.533345E+000  4.638570E+000  3.815066E+002  3.779187E+002  5.370008E+002  5.953025E-002
  7.400000E-002  3.242587E+002  3.677745E+002  0.000000E+000  0.000000E+000  3.242587E+002  3.677745E+002  4.903079E+002  6.422303E-002
  7.500000E-002  2.751287E+002  3.583832E+002  0.000000E+000  0.000000E+000  2.751287E+002  3.583832E+002  4.518123E+002  6.791485E-002
  7.600000E-002  2.361974E+002  3.451045E+002  0.000000E+000  0.000000E+000  2.361974E+002  3.451045E+002  4.181941E+002  7.065538E-002
  7.700000E-002  2.077121E+002  3.279120E+002  0.000000E+000  0.000000E+000  2.077121E+002  3.279120E+002  3.881631E+002  7.232912E-002
  7.800000E-002  1.893450E+002  3.069315E+002  0.000000E+000  0.000000E+000  1.893450E+002  3.069315E+002  3.606362E+002  7.286853E-002
  7.900000E-002  1.802835E+002  2.824103E+002  0.000000E+000  0.000000E+000  1.802835E+002  2.824103E+002  3.350488E+002  7.216690E-002
  8.000000E-002  1.793469E+002  2.546865E+002  0.000000E+000  0.000000E+000  1.793469E+002  2.546865E+002  3.114972E+002  7.000272E-002
  8.100000E-002  1.851123E+002  2.241613E+002  0.000000E+000  0.000000E+000  1.851123E+002  2.241613E+002  2.907144E+002  6.601681E-002
  8.200000E-002  1.960394E+002  1.912743E+002  0.000000E+000  0.000000E+000  1.960394E+002  1.912743E+002  2.738929E+002  5.979063E-002
  8.300000E-002  2.105804E+002  1.564816E+002  0.000000E+000  0.000000E+000  2.105804E+002  1.564816E+002  2.623559E+002  5.106528E-002
  8.400000E-002  2.272632E+002  1.202353E+002  0.000000E+000  0.000000E+000  2.272632E+002  1.202353E+002  2.571091E+002  4.003709E-002
  8.500000E-002  2.447175E+002  8.296676E+001  0.000000E+000  0.000000E+000  2.447175E+002  8.296676E+001  2.583992E+002  2.748862E-002
  8.600000E-002  2.614165E+002  4.507674E+001  0.000000E+000  0.000000E+000  2.614165E+002  4.507674E+001  2.652744E+002  1.454735E-002
  8.700000E-002  2.535751E+002  6.995073E+000  0.000000E+000  0.000000E+000  2.535751E+002  6.995073E+000  2.536716E+002  2.360506E-003
  8.720000E-002  0.000000E+000  0.000000E+000  0.000000E+000  0.000000E+000  0.000000E+000  0.000000E+000  0.000000E+000  0.000000E+000
