 FILE: 7segsprint.10

 *** Replace this line with a message to appear on all output files.                                    


        T            METOR          MEACT         MECCANG      MECCANGVEL      MESECANG      MESECANGVEL       MFTOR          MFACT         MFCCANG      MFCCANGVEL      MFSECANG      MFSECANGVEL
       (S)           (N/M)         (UNITS)         (DEG)         (DEG/S)         (DEG)         (DEG/S)         (N/M)         (UNITS)         (DEG)         (DEG/S)         (DEG)         (DEG/S)

  0.000000E+000  0.000000E+000  9.992192E-001  0.000000E+000  0.000000E+000  0.000000E+000  0.000000E+000  0.000000E+000  9.653175E-003  0.000000E+000  0.000000E+000  0.000000E+000  0.000000E+000
  1.000000E-003  0.000000E+000  9.992192E-001  0.000000E+000  0.000000E+000  0.000000E+000  0.000000E+000  0.000000E+000  9.653175E-003  0.000000E+000  0.000000E+000  0.000000E+000  0.000000E+000
  2.000000E-003  0.000000E+000  9.992192E-001  0.000000E+000  0.000000E+000  0.000000E+000  0.000000E+000  0.000000E+000  9.653175E-003  0.000000E+000  0.000000E+000  0.000000E+000  0.000000E+000
  3.000000E-003  0.000000E+000  9.992192E-001  0.000000E+000  0.000000E+000  0.000000E+000  0.000000E+000  0.000000E+000  9.653175E-003  0.000000E+000  0.000000E+000  0.000000E+000  0.000000E+000
  4.000000E-003  0.000000E+000  9.992192E-001  0.000000E+000  0.000000E+000  0.000000E+000  0.000000E+000  0.000000E+000  9.653175E-003  0.000000E+000  0.000000E+000  0.000000E+000  0.000000E+000
  5.000000E-003  0.000000E+000  9.992192E-001  0.000000E+000  0.000000E+000  0.000000E+000  0.000000E+000  0.000000E+000  9.653175E-003  0.000000E+000  0.000000E+000  0.000000E+000  0.000000E+000
  6.000000E-003  0.000000E+000  9.992192E-001  0.000000E+000  0.000000E+000  0.000000E+000  0.000000E+000  0.000000E+000  9.653175E-003  0.000000E+000  0.000000E+000  0.000000E+000  0.000000E+000
  7.000000E-003  0.000000E+000  9.992192E-001  0.000000E+000  0.000000E+000  0.000000E+000  0.000000E+000  0.000000E+000  9.653175E-003  0.000000E+000  0.000000E+000  0.000000E+000  0.000000E+000
  8.000000E-003  0.000000E+000  9.992192E-001  0.000000E+000  0.000000E+000  0.000000E+000  0.000000E+000  0.000000E+000  9.653175E-003  0.000000E+000  0.000000E+000  0.000000E+000  0.000000E+000
  9.000000E-003  0.000000E+000  9.992192E-001  0.000000E+000  0.000000E+000  0.000000E+000  0.000000E+000  0.000000E+000  9.653175E-003  0.000000E+000  0.000000E+000  0.000000E+000  0.000000E+000
  1.000000E-002  0.000000E+000  9.992192E-001  0.000000E+000  0.000000E+000  0.000000E+000  0.000000E+000  0.000000E+000  9.653175E-003  0.000000E+000  0.000000E+000  0.000000E+000  0.000000E+000
  1.100000E-002  0.000000E+000  9.992192E-001  0.000000E+000  0.000000E+000  0.000000E+000  0.000000E+000  0.000000E+000  9.653175E-003  0.000000E+000  0.000000E+000  0.000000E+000  0.000000E+000
  1.200000E-002  0.000000E+000  9.992192E-001  0.000000E+000  0.000000E+000  0.000000E+000  0.000000E+000  0.000000E+000  9.653175E-003  0.000000E+000  0.000000E+000  0.000000E+000  0.000000E+000
  1.300000E-002  0.000000E+000  9.992192E-001  0.000000E+000  0.000000E+000  0.000000E+000  0.000000E+000  0.000000E+000  9.653175E-003  0.000000E+000  0.000000E+000  0.000000E+000  0.000000E+000
  1.400000E-002  0.000000E+000  9.992192E-001  0.000000E+000  0.000000E+000  0.000000E+000  0.000000E+000  0.000000E+000  9.653175E-003  0.000000E+000  0.000000E+000  0.000000E+000  0.000000E+000
  1.500000E-002  0.000000E+000  9.992192E-001  0.000000E+000  0.000000E+000  0.000000E+000  0.000000E+000  0.000000E+000  9.653175E-003  0.000000E+000  0.000000E+000  0.000000E+000  0.000000E+000
  1.600000E-002  0.000000E+000  9.992192E-001  0.000000E+000  0.000000E+000  0.000000E+000  0.000000E+000  0.000000E+000  9.653175E-003  0.000000E+000  0.000000E+000  0.000000E+000  0.000000E+000
  1.700000E-002  0.000000E+000  9.992192E-001  0.000000E+000  0.000000E+000  0.000000E+000  0.000000E+000  0.000000E+000  9.653175E-003  0.000000E+000  0.000000E+000  0.000000E+000  0.000000E+000
  1.800000E-002  0.000000E+000  9.992192E-001  0.000000E+000  0.000000E+000  0.000000E+000  0.000000E+000  0.000000E+000  9.653175E-003  0.000000E+000  0.000000E+000  0.000000E+000  0.000000E+000
  1.900000E-002  0.000000E+000  9.992192E-001  0.000000E+000  0.000000E+000  0.000000E+000  0.000000E+000  0.000000E+000  9.653175E-003  0.000000E+000  0.000000E+000  0.000000E+000  0.000000E+000
  2.000000E-002  0.000000E+000  9.992192E-001  0.000000E+000  0.000000E+000  0.000000E+000  0.000000E+000  0.000000E+000  9.653175E-003  0.000000E+000  0.000000E+000  0.000000E+000  0.000000E+000
  2.100000E-002  0.000000E+000  9.992192E-001  0.000000E+000  0.000000E+000  0.000000E+000  0.000000E+000  0.000000E+000  9.653175E-003  0.000000E+000  0.000000E+000  0.000000E+000  0.000000E+000
  2.200000E-002  0.000000E+000  9.992192E-001  0.000000E+000  0.000000E+000  0.000000E+000  0.000000E+000  0.000000E+000  9.653175E-003  0.000000E+000  0.000000E+000  0.000000E+000  0.000000E+000
  2.300000E-002  0.000000E+000  9.992192E-001  0.000000E+000  0.000000E+000  0.000000E+000  0.000000E+000  0.000000E+000  9.653175E-003  0.000000E+000  0.000000E+000  0.000000E+000  0.000000E+000
  2.400000E-002  0.000000E+000  9.992192E-001  0.000000E+000  0.000000E+000  0.000000E+000  0.000000E+000  0.000000E+000  9.653175E-003  0.000000E+000  0.000000E+000  0.000000E+000  0.000000E+000
  2.500000E-002  0.000000E+000  9.992192E-001  0.000000E+000  0.000000E+000  0.000000E+000  0.000000E+000  0.000000E+000  9.653175E-003  0.000000E+000  0.000000E+000  0.000000E+000  0.000000E+000
  2.600000E-002  0.000000E+000  9.992192E-001  0.000000E+000  0.000000E+000  0.000000E+000  0.000000E+000  0.000000E+000  9.653175E-003  0.000000E+000  0.000000E+000  0.000000E+000  0.000000E+000
  2.700000E-002  0.000000E+000  9.992192E-001  0.000000E+000  0.000000E+000  0.000000E+000  0.000000E+000  0.000000E+000  9.653175E-003  0.000000E+000  0.000000E+000  0.000000E+000  0.000000E+000
  2.800000E-002  0.000000E+000  9.992192E-001  0.000000E+000  0.000000E+000  0.000000E+000  0.000000E+000  0.000000E+000  9.653175E-003  0.000000E+000  0.000000E+000  0.000000E+000  0.000000E+000
  2.900000E-002  0.000000E+000  9.992192E-001  0.000000E+000  0.000000E+000  0.000000E+000  0.000000E+000  0.000000E+000  9.653175E-003  0.000000E+000  0.000000E+000  0.000000E+000  0.000000E+000
  3.000000E-002  0.000000E+000  9.992192E-001  0.000000E+000  0.000000E+000  0.000000E+000  0.000000E+000  0.000000E+000  9.653175E-003  0.000000E+000  0.000000E+000  0.000000E+000  0.000000E+000
  3.100000E-002  0.000000E+000  9.992192E-001  0.000000E+000  0.000000E+000  0.000000E+000  0.000000E+000  0.000000E+000  9.653175E-003  0.000000E+000  0.000000E+000  0.000000E+000  0.000000E+000
  3.200000E-002  0.000000E+000  9.992192E-001  0.000000E+000  0.000000E+000  0.000000E+000  0.000000E+000  0.000000E+000  9.653175E-003  0.000000E+000  0.000000E+000  0.000000E+000  0.000000E+000
  3.300000E-002  0.000000E+000  9.992192E-001  0.000000E+000  0.000000E+000  0.000000E+000  0.000000E+000  0.000000E+000  9.653175E-003  0.000000E+000  0.000000E+000  0.000000E+000  0.000000E+000
  3.400000E-002  0.000000E+000  9.992192E-001  0.000000E+000  0.000000E+000  0.000000E+000  0.000000E+000  0.000000E+000  9.653175E-003  0.000000E+000  0.000000E+000  0.000000E+000  0.000000E+000
  3.500000E-002  0.000000E+000  9.992192E-001  0.000000E+000  0.000000E+000  0.000000E+000  0.000000E+000  0.000000E+000  9.653175E-003  0.000000E+000  0.000000E+000  0.000000E+000  0.000000E+000
  3.600000E-002  0.000000E+000  9.992192E-001  0.000000E+000  0.000000E+000  0.000000E+000  0.000000E+000  0.000000E+000  9.653175E-003  0.000000E+000  0.000000E+000  0.000000E+000  0.000000E+000
  3.700000E-002  0.000000E+000  9.992192E-001  0.000000E+000  0.000000E+000  0.000000E+000  0.000000E+000  0.000000E+000  9.653175E-003  0.000000E+000  0.000000E+000  0.000000E+000  0.000000E+000
  3.800000E-002  0.000000E+000  9.992192E-001  0.000000E+000  0.000000E+000  0.000000E+000  0.000000E+000  0.000000E+000  9.653175E-003  0.000000E+000  0.000000E+000  0.000000E+000  0.000000E+000
  3.900000E-002  0.000000E+000  9.992192E-001  0.000000E+000  0.000000E+000  0.000000E+000  0.000000E+000  0.000000E+000  9.653175E-003  0.000000E+000  0.000000E+000  0.000000E+000  0.000000E+000
  4.000000E-002  0.000000E+000  9.992192E-001  0.000000E+000  0.000000E+000  0.000000E+000  0.000000E+000  0.000000E+000  9.653175E-003  0.000000E+000  0.000000E+000  0.000000E+000  0.000000E+000
  4.100000E-002  0.000000E+000  9.992192E-001  0.000000E+000  0.000000E+000  0.000000E+000  0.000000E+000  0.000000E+000  9.653175E-003  0.000000E+000  0.000000E+000  0.000000E+000  0.000000E+000
  4.200000E-002  0.000000E+000  9.992192E-001  0.000000E+000  0.000000E+000  0.000000E+000  0.000000E+000  0.000000E+000  9.653175E-003  0.000000E+000  0.000000E+000  0.000000E+000  0.000000E+000
  4.300000E-002  0.000000E+000  9.992192E-001  0.000000E+000  0.000000E+000  0.000000E+000  0.000000E+000  0.000000E+000  9.653175E-003  0.000000E+000  0.000000E+000  0.000000E+000  0.000000E+000
  4.400000E-002  0.000000E+000  9.992192E-001  0.000000E+000  0.000000E+000  0.000000E+000  0.000000E+000  0.000000E+000  9.653175E-003  0.000000E+000  0.000000E+000  0.000000E+000  0.000000E+000
  4.500000E-002  0.000000E+000  9.992192E-001  0.000000E+000  0.000000E+000  0.000000E+000  0.000000E+000  0.000000E+000  9.653175E-003  0.000000E+000  0.000000E+000  0.000000E+000  0.000000E+000
  4.600000E-002  0.000000E+000  9.992192E-001  0.000000E+000  0.000000E+000  0.000000E+000  0.000000E+000  0.000000E+000  9.653175E-003  0.000000E+000  0.000000E+000  0.000000E+000  0.000000E+000
  4.700000E-002  0.000000E+000  9.992190E-001  0.000000E+000  0.000000E+000  0.000000E+000  0.000000E+000  0.000000E+000  9.653175E-003  0.000000E+000  0.000000E+000  0.000000E+000  0.000000E+000
  4.800000E-002  0.000000E+000  9.992173E-001  0.000000E+000  0.000000E+000  0.000000E+000  0.000000E+000  0.000000E+000  9.653175E-003  0.000000E+000  0.000000E+000  0.000000E+000  0.000000E+000
  4.900000E-002  0.000000E+000  9.992119E-001  0.000000E+000  0.000000E+000  0.000000E+000  0.000000E+000  0.000000E+000  9.653175E-003  0.000000E+000  0.000000E+000  0.000000E+000  0.000000E+000
  5.000000E-002  0.000000E+000  9.992007E-001  0.000000E+000  0.000000E+000  0.000000E+000  0.000000E+000  0.000000E+000  9.653175E-003  0.000000E+000  0.000000E+000  0.000000E+000  0.000000E+000
  5.100000E-002  0.000000E+000  9.991818E-001  0.000000E+000  0.000000E+000  0.000000E+000  0.000000E+000  0.000000E+000  9.653175E-003  0.000000E+000  0.000000E+000  0.000000E+000  0.000000E+000
  5.200000E-002  0.000000E+000  9.991532E-001  0.000000E+000  0.000000E+000  0.000000E+000  0.000000E+000  0.000000E+000  9.653175E-003  0.000000E+000  0.000000E+000  0.000000E+000  0.000000E+000
  5.300000E-002  0.000000E+000  9.991130E-001  0.000000E+000  0.000000E+000  0.000000E+000  0.000000E+000  0.000000E+000  9.653175E-003  0.000000E+000  0.000000E+000  0.000000E+000  0.000000E+000
  5.400000E-002  0.000000E+000  9.990593E-001  0.000000E+000  0.000000E+000  0.000000E+000  0.000000E+000  0.000000E+000  9.653175E-003  0.000000E+000  0.000000E+000  0.000000E+000  0.000000E+000
  5.500000E-002  0.000000E+000  9.989903E-001  0.000000E+000  0.000000E+000  0.000000E+000  0.000000E+000  0.000000E+000  9.653175E-003  0.000000E+000  0.000000E+000  0.000000E+000  0.000000E+000
  5.600000E-002  0.000000E+000  9.989042E-001  0.000000E+000  0.000000E+000  0.000000E+000  0.000000E+000  0.000000E+000  9.653175E-003  0.000000E+000  0.000000E+000  0.000000E+000  0.000000E+000
  5.700000E-002  0.000000E+000  9.987992E-001  0.000000E+000  0.000000E+000  0.000000E+000  0.000000E+000  0.000000E+000  9.653175E-003  0.000000E+000  0.000000E+000  0.000000E+000  0.000000E+000
  5.800000E-002  0.000000E+000  9.986736E-001  0.000000E+000  0.000000E+000  0.000000E+000  0.000000E+000  0.000000E+000  9.653175E-003  0.000000E+000  0.000000E+000  0.000000E+000  0.000000E+000
  5.900000E-002  0.000000E+000  9.985258E-001  0.000000E+000  0.000000E+000  0.000000E+000  0.000000E+000  0.000000E+000  9.653175E-003  0.000000E+000  0.000000E+000  0.000000E+000  0.000000E+000
  6.000000E-002  0.000000E+000  9.983540E-001  0.000000E+000  0.000000E+000  0.000000E+000  0.000000E+000  0.000000E+000  9.653175E-003  0.000000E+000  0.000000E+000  0.000000E+000  0.000000E+000
  6.100000E-002  0.000000E+000  9.981568E-001  0.000000E+000  0.000000E+000  0.000000E+000  0.000000E+000  0.000000E+000  9.653175E-003  0.000000E+000  0.000000E+000  0.000000E+000  0.000000E+000
  6.200000E-002  0.000000E+000  9.979326E-001  0.000000E+000  0.000000E+000  0.000000E+000  0.000000E+000  0.000000E+000  9.653175E-003  0.000000E+000  0.000000E+000  0.000000E+000  0.000000E+000
  6.300000E-002  0.000000E+000  9.976798E-001  0.000000E+000  0.000000E+000  0.000000E+000  0.000000E+000  0.000000E+000  9.653175E-003  0.000000E+000  0.000000E+000  0.000000E+000  0.000000E+000
  6.400000E-002  0.000000E+000  9.973970E-001  0.000000E+000  0.000000E+000  0.000000E+000  0.000000E+000  0.000000E+000  9.653175E-003  0.000000E+000  0.000000E+000  0.000000E+000  0.000000E+000
  6.500000E-002  0.000000E+000  9.970827E-001  0.000000E+000  0.000000E+000  0.000000E+000  0.000000E+000  0.000000E+000  9.653175E-003  0.000000E+000  0.000000E+000  0.000000E+000  0.000000E+000
  6.600000E-002  0.000000E+000  9.967356E-001  0.000000E+000  0.000000E+000  0.000000E+000  0.000000E+000  0.000000E+000  9.653175E-003  0.000000E+000  0.000000E+000  0.000000E+000  0.000000E+000
  6.700000E-002  0.000000E+000  9.963542E-001  0.000000E+000  0.000000E+000  0.000000E+000  0.000000E+000  0.000000E+000  9.653175E-003  0.000000E+000  0.000000E+000  0.000000E+000  0.000000E+000
  6.800000E-002  0.000000E+000  9.959373E-001  0.000000E+000  0.000000E+000  0.000000E+000  0.000000E+000  0.000000E+000  9.653175E-003  0.000000E+000  0.000000E+000  0.000000E+000  0.000000E+000
  6.900000E-002  0.000000E+000  9.954836E-001  0.000000E+000  0.000000E+000  0.000000E+000  0.000000E+000  0.000000E+000  9.653175E-003  0.000000E+000  0.000000E+000  0.000000E+000  0.000000E+000
  7.000000E-002  0.000000E+000  9.949918E-001  0.000000E+000  0.000000E+000  0.000000E+000  0.000000E+000  0.000000E+000  9.653175E-003  0.000000E+000  0.000000E+000  0.000000E+000  0.000000E+000
  7.100000E-002  0.000000E+000  9.944606E-001  0.000000E+000  0.000000E+000  0.000000E+000  0.000000E+000  0.000000E+000  9.653175E-003  0.000000E+000  0.000000E+000  0.000000E+000  0.000000E+000
  7.200000E-002  0.000000E+000  9.938891E-001  0.000000E+000  0.000000E+000  0.000000E+000  0.000000E+000  0.000000E+000  9.653175E-003  0.000000E+000  0.000000E+000  0.000000E+000  0.000000E+000
  7.300000E-002  0.000000E+000  9.932759E-001  0.000000E+000  0.000000E+000  0.000000E+000  0.000000E+000  0.000000E+000  9.653175E-003  0.000000E+000  0.000000E+000  0.000000E+000  0.000000E+000
  7.400000E-002  0.000000E+000  9.926200E-001  0.000000E+000  0.000000E+000  0.000000E+000  0.000000E+000  0.000000E+000  9.653175E-003  0.000000E+000  0.000000E+000  0.000000E+000  0.000000E+000
  7.500000E-002  0.000000E+000  9.919203E-001  0.000000E+000  0.000000E+000  0.000000E+000  0.000000E+000  0.000000E+000  9.653175E-003  0.000000E+000  0.000000E+000  0.000000E+000  0.000000E+000
  7.600000E-002  0.000000E+000  9.911758E-001  0.000000E+000  0.000000E+000  0.000000E+000  0.000000E+000  0.000000E+000  9.653175E-003  0.000000E+000  0.000000E+000  0.000000E+000  0.000000E+000
  7.700000E-002  0.000000E+000  9.903855E-001  0.000000E+000  0.000000E+000  0.000000E+000  0.000000E+000  0.000000E+000  9.653175E-003  0.000000E+000  0.000000E+000  0.000000E+000  0.000000E+000
  7.800000E-002  0.000000E+000  9.895484E-001  0.000000E+000  0.000000E+000  0.000000E+000  0.000000E+000  0.000000E+000  9.653175E-003  0.000000E+000  0.000000E+000  0.000000E+000  0.000000E+000
  7.900000E-002  0.000000E+000  9.886636E-001  0.000000E+000  0.000000E+000  0.000000E+000  0.000000E+000  0.000000E+000  9.653175E-003  0.000000E+000  0.000000E+000  0.000000E+000  0.000000E+000
  8.000000E-002  0.000000E+000  9.877302E-001  0.000000E+000  0.000000E+000  0.000000E+000  0.000000E+000  0.000000E+000  9.653175E-003  0.000000E+000  0.000000E+000  0.000000E+000  0.000000E+000
  8.100000E-002  0.000000E+000  9.867474E-001  0.000000E+000  0.000000E+000  0.000000E+000  0.000000E+000  0.000000E+000  9.653175E-003  0.000000E+000  0.000000E+000  0.000000E+000  0.000000E+000
  8.200000E-002  0.000000E+000  9.857143E-001  0.000000E+000  0.000000E+000  0.000000E+000  0.000000E+000  0.000000E+000  9.653175E-003  0.000000E+000  0.000000E+000  0.000000E+000  0.000000E+000
  8.300000E-002  0.000000E+000  9.846300E-001  0.000000E+000  0.000000E+000  0.000000E+000  0.000000E+000  0.000000E+000  9.653175E-003  0.000000E+000  0.000000E+000  0.000000E+000  0.000000E+000
  8.400000E-002  0.000000E+000  9.834940E-001  0.000000E+000  0.000000E+000  0.000000E+000  0.000000E+000  0.000000E+000  9.653175E-003  0.000000E+000  0.000000E+000  0.000000E+000  0.000000E+000
  8.500000E-002  0.000000E+000  9.823053E-001  0.000000E+000  0.000000E+000  0.000000E+000  0.000000E+000  0.000000E+000  9.653175E-003  0.000000E+000  0.000000E+000  0.000000E+000  0.000000E+000
