 FILE: 7segsprint.11

 *** Replace this line with a message to appear on all output files.                                    


        T             RX1            RY1            RX2            RY2            RX             RY             GRF            COP
       (S)            (N)            (N)            (N)            (N)            (N)            (N)            (N)            (M)

  0.000000E+000  0.000000E+000  0.000000E+000 -9.539655E-019  2.167315E-012 -9.539655E-019  2.167315E-012  2.167315E-012 -1.387779E-017
  1.000000E-003  0.000000E+000  0.000000E+000 -1.068382E+003  2.051170E+003 -1.068382E+003  2.051170E+003  2.312734E+003  1.428521E-003
  2.000000E-003  0.000000E+000  0.000000E+000 -3.646606E+003  4.016752E+003 -3.646606E+003  4.016752E+003  5.425130E+003  2.078570E-003
  3.000000E-003  6.626810E+002  2.445669E+001 -5.051002E+003  4.924455E+003 -4.388322E+003  4.948911E+003  6.614309E+003  2.684667E-003
  4.000000E-003  2.265895E+003  1.068812E+002 -3.370507E+003  3.769670E+003 -1.104612E+003  3.876552E+003  4.030858E+003  4.902955E-003
  5.000000E-003  2.001433E+003  1.544680E+002 -2.577408E+003  3.109194E+003 -5.759741E+002  3.263662E+003  3.314097E+003  6.477484E-003
  6.000000E-003  1.672224E+003  1.641673E+002 -2.316658E+003  2.822070E+003 -6.444338E+002  2.986237E+003  3.054981E+003  7.039847E-003
  7.000000E-003  1.605437E+003  1.567462E+002 -2.242698E+003  2.689580E+003 -6.372602E+002  2.846327E+003  2.916792E+003  7.072210E-003
  8.000000E-003  1.637435E+003  1.461019E+002 -2.285055E+003  2.680948E+003 -6.476203E+002  2.827050E+003  2.900280E+003  6.836559E-003
  9.000000E-003  1.710532E+003  1.386948E+002 -2.375224E+003  2.739604E+003 -6.646917E+002  2.878299E+003  2.954051E+003  6.587003E-003
  1.000000E-002  1.798100E+003  1.364879E+002 -2.460405E+003  2.818019E+003 -6.623048E+002  2.954507E+003  3.027831E+003  6.449334E-003
  1.100000E-002  1.877323E+003  1.389245E+002 -2.516980E+003  2.890853E+003 -6.396566E+002  3.029777E+003  3.096564E+003  6.430872E-003
  1.200000E-002  1.934614E+003  1.443676E+002 -2.544353E+003  2.949450E+003 -6.097393E+002  3.093818E+003  3.153330E+003  6.492131E-003
  1.300000E-002  1.969433E+003  1.511216E+002 -2.551874E+003  2.993748E+003 -5.824408E+002  3.144870E+003  3.198350E+003  6.591840E-003
  1.400000E-002  1.989750E+003  1.579845E+002 -2.549205E+003  3.026887E+003 -5.594544E+002  3.184872E+003  3.233635E+003  6.702079E-003
  1.500000E-002  2.004602E+003  1.643596E+002 -2.542724E+003  3.052546E+003 -5.381212E+002  3.216906E+003  3.261604E+003  6.808523E-003
  1.600000E-002  2.019834E+003  1.701032E+002 -2.535497E+003  3.073708E+003 -5.156635E+002  3.243811E+003  3.284543E+003  6.906238E-003
  1.700000E-002  2.037738E+003  1.753059E+002 -2.528363E+003  3.092207E+003 -4.906243E+002  3.267513E+003  3.304142E+003  6.995455E-003
  1.800000E-002  2.058372E+003  1.801246E+002 -2.521023E+003  3.108834E+003 -4.626510E+002  3.288958E+003  3.321339E+003  7.078443E-003
  1.900000E-002  2.080861E+003  1.846937E+002 -2.512838E+003  3.123717E+003 -4.319768E+002  3.308411E+003  3.336493E+003  7.157632E-003
  2.000000E-002  2.104215E+003  1.890966E+002 -2.503255E+003  3.136700E+003 -3.990400E+002  3.325797E+003  3.349651E+003  7.234783E-003
  2.100000E-002  2.127674E+003  1.933713E+002 -2.491954E+003  3.147587E+003 -3.642805E+002  3.340958E+003  3.360759E+003  7.310858E-003
  2.200000E-002  2.150779E+003  1.975261E+002 -2.478831E+003  3.156247E+003 -3.280518E+002  3.353773E+003  3.369779E+003  7.386220E-003
  2.300000E-002  2.173310E+003  2.015563E+002 -2.463917E+003  3.162633E+003 -2.906062E+002  3.364190E+003  3.376718E+003  7.460902E-003
  2.400000E-002  2.195184E+003  2.054539E+002 -2.447303E+003  3.166757E+003 -2.521182E+002  3.372211E+003  3.381623E+003  7.534818E-003
  2.500000E-002  2.216380E+003  2.092126E+002 -2.429089E+003  3.168655E+003 -2.127089E+002  3.377868E+003  3.384558E+003  7.607892E-003
  2.600000E-002  2.236880E+003  2.128288E+002 -2.409364E+003  3.168364E+003 -1.724843E+002  3.381193E+003  3.385590E+003  7.680096E-003
  2.700000E-002  2.256656E+003  2.163014E+002 -2.388194E+003  3.165911E+003 -1.315380E+002  3.382213E+003  3.384770E+003  7.751462E-003
  2.800000E-002  2.275665E+003  2.196299E+002 -2.365628E+003  3.161305E+003 -8.996317E+001  3.380935E+003  3.382131E+003  7.822066E-003
  2.900000E-002  2.293845E+003  2.228141E+002 -2.341702E+003  3.154536E+003 -4.785682E+001  3.377351E+003  3.377690E+003  7.892013E-003
  3.000000E-002  2.311123E+003  2.258533E+002 -2.316443E+003  3.145584E+003 -5.320220E+000  3.371437E+003  3.371442E+003  7.961426E-003
  3.100000E-002  2.327413E+003  2.287461E+002 -2.289868E+003  3.134410E+003  3.754489E+001  3.363156E+003  3.363366E+003  8.030446E-003
  3.200000E-002  2.342619E+003  2.314902E+002 -2.261987E+003  3.120964E+003  8.063223E+001  3.352454E+003  3.353424E+003  8.099229E-003
  3.300000E-002  2.356638E+003  2.340827E+002 -2.232799E+003  3.105179E+003  1.238385E+002  3.339262E+003  3.341557E+003  8.167952E-003
  3.400000E-002  2.369352E+003  2.365200E+002 -2.202298E+003  3.086977E+003  1.670535E+002  3.323497E+003  3.327692E+003  8.236819E-003
  3.500000E-002  2.380631E+003  2.387977E+002 -2.170467E+003  3.066264E+003  2.101647E+002  3.305062E+003  3.311737E+003  8.306055E-003
  3.600000E-002  2.390336E+003  2.409106E+002 -2.137280E+003  3.042936E+003  2.530559E+002  3.283846E+003  3.293582E+003  8.375919E-003
  3.700000E-002  2.398313E+003  2.428531E+002 -2.102708E+003  3.016876E+003  2.956056E+002  3.259729E+003  3.273105E+003  8.446698E-003
  3.800000E-002  2.404399E+003  2.446186E+002 -2.066715E+003  2.987964E+003  3.376841E+002  3.232582E+003  3.250172E+003  8.518707E-003
  3.900000E-002  2.408417E+003  2.462001E+002 -2.029266E+003  2.956073E+003  3.791514E+002  3.202273E+003  3.224641E+003  8.592292E-003
  4.000000E-002  2.410183E+003  2.475899E+002 -1.990327E+003  2.921080E+003  4.198559E+002  3.168670E+003  3.196365E+003  8.667828E-003
  4.100000E-002  2.409504E+003  2.487801E+002 -1.949869E+003  2.882868E+003  4.596345E+002  3.131648E+003  3.165199E+003  8.745720E-003
  4.200000E-002  2.406183E+003  2.497625E+002 -1.907866E+003  2.841322E+003  4.983167E+002  3.091084E+003  3.130994E+003  8.826421E-003
  4.300000E-002  2.400024E+003  2.505290E+002 -1.864295E+003  2.796335E+003  5.357296E+002  3.046864E+003  3.093604E+003  8.910434E-003
  4.400000E-002  2.390835E+003  2.510716E+002 -1.819136E+003  2.747803E+003  5.716992E+002  2.998874E+003  3.052882E+003  8.998335E-003
  4.500000E-002  2.378420E+003  2.513826E+002 -1.772373E+003  2.695626E+003  6.060475E+002  2.947009E+003  3.008680E+003  9.090779E-003
  4.600000E-002  2.362584E+003  2.514546E+002 -1.723996E+003  2.639715E+003  6.385881E+002  2.891170E+003  2.960854E+003  9.188517E-003
  4.700000E-002  2.343129E+003  2.512805E+002 -1.674003E+003  2.579991E+003  6.691256E+002  2.831272E+003  2.909266E+003  9.292409E-003
  4.800000E-002  2.319857E+003  2.508538E+002 -1.622399E+003  2.516384E+003  6.974580E+002  2.767238E+003  2.853779E+003  9.403455E-003
  4.900000E-002  2.292572E+003  2.501685E+002 -1.569194E+003  2.448832E+003  7.233786E+002  2.699000E+003  2.794258E+003  9.522833E-003
  5.000000E-002  2.261077E+003  2.492194E+002 -1.514401E+003  2.377279E+003  7.466757E+002  2.626498E+003  2.730571E+003  9.651943E-003
  5.100000E-002  2.225172E+003  2.480020E+002 -1.458042E+003  2.301677E+003  7.671302E+002  2.549679E+003  2.662583E+003  9.792457E-003
  5.200000E-002  2.184655E+003  2.465126E+002 -1.400140E+003  2.221985E+003  7.845151E+002  2.468498E+003  2.590163E+003  9.946390E-003
  5.300000E-002  2.139932E+003  2.447485E+002 -1.340805E+003  2.138302E+003  7.991266E+002  2.383051E+003  2.513471E+003  1.011512E-002
  5.400000E-002  2.091811E+003  2.427101E+002 -1.280431E+003  2.051184E+003  8.113804E+002  2.293894E+003  2.433164E+003  1.029865E-002
  5.500000E-002  2.040254E+003  2.404066E+002 -1.219291E+003  1.961017E+003  8.209627E+002  2.201424E+003  2.349520E+003  1.049884E-002
  5.600000E-002  1.985232E+003  2.378539E+002 -1.157549E+003  1.868012E+003  8.276830E+002  2.105866E+003  2.262683E+003  1.071856E-002
  5.700000E-002  1.926699E+003  2.350704E+002 -1.095309E+003  1.772301E+003  8.313898E+002  2.007372E+003  2.172729E+003  1.096162E-002
  5.800000E-002  1.864606E+003  2.320747E+002 -1.032650E+003  1.673977E+003  8.319558E+002  1.906052E+003  2.079708E+003  1.123277E-002
  5.900000E-002  1.798899E+003  2.288852E+002 -9.696277E+002  1.573118E+003  8.292716E+002  1.802003E+003  1.983660E+003  1.153789E-002
  6.000000E-002  1.729522E+003  2.255207E+002 -9.062820E+002  1.469806E+003  8.232403E+002  1.695327E+003  1.884637E+003  1.188425E-002
  6.100000E-002  1.656412E+003  2.220011E+002 -8.426376E+002  1.364135E+003  8.137747E+002  1.586136E+003  1.782710E+003  1.228098E-002
  6.200000E-002  1.579495E+003  2.183482E+002 -7.786998E+002  1.256218E+003  8.007956E+002  1.474566E+003  1.677981E+003  1.273969E-002
  6.300000E-002  1.498682E+003  2.145862E+002 -7.144510E+002  1.146203E+003  7.842314E+002  1.360789E+003  1.570594E+003  1.327532E-002
  6.400000E-002  1.413866E+003  2.107427E+002 -6.498465E+002  1.034280E+003  7.640192E+002  1.245023E+003  1.460756E+003  1.390735E-002
  6.500000E-002  1.324919E+003  2.068489E+002 -5.848117E+002  9.207092E+002  7.401071E+002  1.127558E+003  1.348757E+003  1.466145E-002
  6.600000E-002  1.231701E+003  2.029408E+002 -5.192401E+002  8.058476E+002  7.124606E+002  1.008788E+003  1.235012E+003  1.557186E-002
  6.700000E-002  1.134069E+003  1.990596E+002 -4.529968E+002  6.901957E+002  6.810720E+002  8.892553E+002  1.120105E+003  1.668459E-002
  6.800000E-002  1.031904E+003  1.952527E+002 -3.859297E+002  5.744574E+002  6.459747E+002  7.697101E+002  1.004857E+003  1.806182E-002
  6.900000E-002  9.251645E+002  1.915742E+002 -3.178998E+002  4.596262E+002  6.072647E+002  6.512004E+002  8.904113E+002  1.978736E-002
  7.000000E-002  8.139763E+002  1.880851E+002 -2.488498E+002  3.471090E+002  5.651265E+002  5.351941E+002  7.783320E+002  2.197216E-002
  7.100000E-002  6.988121E+002  1.848516E+002 -1.789464E+002  2.389025E+002  5.198657E+002  4.237541E+002  6.706921E+002  2.475659E-002
  7.200000E-002  5.808062E+002  1.819395E+002 -1.088706E+002  1.378488E+002  4.719356E+002  3.197883E+002  5.700770E+002  2.830135E-002
  7.300000E-002  4.623233E+002  1.794007E+002 -4.039401E+001  4.800685E+001  4.219293E+002  2.274076E+002  4.793105E+002  3.275813E-002
  7.400000E-002  3.639594E+002  1.772327E+002  0.000000E+000  0.000000E+000  3.639594E+002  1.772327E+002  4.048183E+002  3.801166E-002
  7.500000E-002  2.995300E+002  1.749381E+002  0.000000E+000  0.000000E+000  2.995300E+002  1.749381E+002  3.468740E+002  4.378626E-002
  7.600000E-002  2.433224E+002  1.716910E+002  0.000000E+000  0.000000E+000  2.433224E+002  1.716910E+002  2.977979E+002  5.005465E-002
  7.700000E-002  1.966988E+002  1.668979E+002  0.000000E+000  0.000000E+000  1.966988E+002  1.668979E+002  2.579638E+002  5.617008E-002
  7.800000E-002  1.603186E+002  1.601030E+002  0.000000E+000  0.000000E+000  1.603186E+002  1.601030E+002  2.265723E+002  6.134806E-002
  7.900000E-002  1.341934E+002  1.509544E+002  0.000000E+000  0.000000E+000  1.341934E+002  1.509544E+002  2.019780E+002  6.488526E-002
  8.000000E-002  1.177743E+002  1.391913E+002  0.000000E+000  0.000000E+000  1.177743E+002  1.391913E+002  1.823321E+002  6.627498E-002
  8.100000E-002  1.100667E+002  1.246358E+002  0.000000E+000  0.000000E+000  1.100667E+002  1.246358E+002  1.662792E+002  6.507317E-002
  8.200000E-002  1.097683E+002  1.071867E+002  0.000000E+000  0.000000E+000  1.097683E+002  1.071867E+002  1.534212E+002  6.065246E-002
  8.300000E-002  1.154062E+002  8.681331E+001  0.000000E+000  0.000000E+000  1.154062E+002  8.681331E+001  1.444131E+002  5.218763E-002
  8.400000E-002  1.254324E+002  6.354848E+001  0.000000E+000  0.000000E+000  1.254324E+002  6.354848E+001  1.406119E+002  3.923413E-002
  8.500000E-002  1.381020E+002  3.748231E+001  0.000000E+000  0.000000E+000  1.381020E+002  3.748231E+001  1.430982E+002  2.273849E-002
  8.600000E-002  1.426304E+002  8.782186E+000  0.000000E+000  0.000000E+000  1.426304E+002  8.782186E+000  1.429005E+002  5.334666E-003
  8.630000E-002  0.000000E+000  0.000000E+000  0.000000E+000  0.000000E+000  0.000000E+000  0.000000E+000  0.000000E+000  0.000000E+000
