 FILE: 7segsprint.10

 *** Replace this line with a message to appear on all output files.                                    


        T            METOR          MEACT         MECCANG      MECCANGVEL      MESECANG      MESECANGVEL       MFTOR          MFACT         MFCCANG      MFCCANGVEL      MFSECANG      MFSECANGVEL
       (S)           (N/M)         (UNITS)         (DEG)         (DEG/S)         (DEG)         (DEG/S)         (N/M)         (UNITS)         (DEG)         (DEG/S)         (DEG)         (DEG/S)

  0.000000E+000  0.000000E+000  9.999526E-001  0.000000E+000  0.000000E+000  0.000000E+000  0.000000E+000  0.000000E+000  1.457036E-003  0.000000E+000  0.000000E+000  0.000000E+000  0.000000E+000
  1.000000E-003  0.000000E+000  9.999526E-001  0.000000E+000  0.000000E+000  0.000000E+000  0.000000E+000  0.000000E+000  1.457036E-003  0.000000E+000  0.000000E+000  0.000000E+000  0.000000E+000
  2.000000E-003  0.000000E+000  9.999526E-001  0.000000E+000  0.000000E+000  0.000000E+000  0.000000E+000  0.000000E+000  1.457036E-003  0.000000E+000  0.000000E+000  0.000000E+000  0.000000E+000
  3.000000E-003  0.000000E+000  9.999526E-001  0.000000E+000  0.000000E+000  0.000000E+000  0.000000E+000  0.000000E+000  1.457036E-003  0.000000E+000  0.000000E+000  0.000000E+000  0.000000E+000
  4.000000E-003  0.000000E+000  9.999526E-001  0.000000E+000  0.000000E+000  0.000000E+000  0.000000E+000  0.000000E+000  1.457036E-003  0.000000E+000  0.000000E+000  0.000000E+000  0.000000E+000
  5.000000E-003  0.000000E+000  9.999526E-001  0.000000E+000  0.000000E+000  0.000000E+000  0.000000E+000  0.000000E+000  1.457036E-003  0.000000E+000  0.000000E+000  0.000000E+000  0.000000E+000
  6.000000E-003  0.000000E+000  9.999526E-001  0.000000E+000  0.000000E+000  0.000000E+000  0.000000E+000  0.000000E+000  1.457036E-003  0.000000E+000  0.000000E+000  0.000000E+000  0.000000E+000
  7.000000E-003  0.000000E+000  9.999526E-001  0.000000E+000  0.000000E+000  0.000000E+000  0.000000E+000  0.000000E+000  1.457036E-003  0.000000E+000  0.000000E+000  0.000000E+000  0.000000E+000
  8.000000E-003  0.000000E+000  9.999526E-001  0.000000E+000  0.000000E+000  0.000000E+000  0.000000E+000  0.000000E+000  1.457036E-003  0.000000E+000  0.000000E+000  0.000000E+000  0.000000E+000
  9.000000E-003  0.000000E+000  9.999526E-001  0.000000E+000  0.000000E+000  0.000000E+000  0.000000E+000  0.000000E+000  1.457036E-003  0.000000E+000  0.000000E+000  0.000000E+000  0.000000E+000
  1.000000E-002  0.000000E+000  9.999526E-001  0.000000E+000  0.000000E+000  0.000000E+000  0.000000E+000  0.000000E+000  1.457036E-003  0.000000E+000  0.000000E+000  0.000000E+000  0.000000E+000
  1.100000E-002  0.000000E+000  9.999526E-001  0.000000E+000  0.000000E+000  0.000000E+000  0.000000E+000  0.000000E+000  1.457036E-003  0.000000E+000  0.000000E+000  0.000000E+000  0.000000E+000
  1.200000E-002  0.000000E+000  9.999526E-001  0.000000E+000  0.000000E+000  0.000000E+000  0.000000E+000  0.000000E+000  1.457036E-003  0.000000E+000  0.000000E+000  0.000000E+000  0.000000E+000
  1.300000E-002  0.000000E+000  9.999526E-001  0.000000E+000  0.000000E+000  0.000000E+000  0.000000E+000  0.000000E+000  1.457036E-003  0.000000E+000  0.000000E+000  0.000000E+000  0.000000E+000
  1.400000E-002  0.000000E+000  9.999526E-001  0.000000E+000  0.000000E+000  0.000000E+000  0.000000E+000  0.000000E+000  1.457036E-003  0.000000E+000  0.000000E+000  0.000000E+000  0.000000E+000
  1.500000E-002  0.000000E+000  9.999526E-001  0.000000E+000  0.000000E+000  0.000000E+000  0.000000E+000  0.000000E+000  1.457036E-003  0.000000E+000  0.000000E+000  0.000000E+000  0.000000E+000
  1.600000E-002  0.000000E+000  9.999526E-001  0.000000E+000  0.000000E+000  0.000000E+000  0.000000E+000  0.000000E+000  1.457036E-003  0.000000E+000  0.000000E+000  0.000000E+000  0.000000E+000
  1.700000E-002  0.000000E+000  9.999526E-001  0.000000E+000  0.000000E+000  0.000000E+000  0.000000E+000  0.000000E+000  1.457036E-003  0.000000E+000  0.000000E+000  0.000000E+000  0.000000E+000
  1.800000E-002  0.000000E+000  9.999526E-001  0.000000E+000  0.000000E+000  0.000000E+000  0.000000E+000  0.000000E+000  1.457036E-003  0.000000E+000  0.000000E+000  0.000000E+000  0.000000E+000
  1.900000E-002  0.000000E+000  9.999526E-001  0.000000E+000  0.000000E+000  0.000000E+000  0.000000E+000  0.000000E+000  1.457036E-003  0.000000E+000  0.000000E+000  0.000000E+000  0.000000E+000
  2.000000E-002  0.000000E+000  9.999526E-001  0.000000E+000  0.000000E+000  0.000000E+000  0.000000E+000  0.000000E+000  1.457036E-003  0.000000E+000  0.000000E+000  0.000000E+000  0.000000E+000
  2.100000E-002  0.000000E+000  9.999526E-001  0.000000E+000  0.000000E+000  0.000000E+000  0.000000E+000  0.000000E+000  1.457036E-003  0.000000E+000  0.000000E+000  0.000000E+000  0.000000E+000
  2.200000E-002  0.000000E+000  9.999526E-001  0.000000E+000  0.000000E+000  0.000000E+000  0.000000E+000  0.000000E+000  1.457036E-003  0.000000E+000  0.000000E+000  0.000000E+000  0.000000E+000
  2.300000E-002  0.000000E+000  9.999526E-001  0.000000E+000  0.000000E+000  0.000000E+000  0.000000E+000  0.000000E+000  1.457036E-003  0.000000E+000  0.000000E+000  0.000000E+000  0.000000E+000
  2.400000E-002  0.000000E+000  9.999526E-001  0.000000E+000  0.000000E+000  0.000000E+000  0.000000E+000  0.000000E+000  1.457036E-003  0.000000E+000  0.000000E+000  0.000000E+000  0.000000E+000
  2.500000E-002  0.000000E+000  9.999526E-001  0.000000E+000  0.000000E+000  0.000000E+000  0.000000E+000  0.000000E+000  1.457036E-003  0.000000E+000  0.000000E+000  0.000000E+000  0.000000E+000
  2.600000E-002  0.000000E+000  9.999526E-001  0.000000E+000  0.000000E+000  0.000000E+000  0.000000E+000  0.000000E+000  1.457036E-003  0.000000E+000  0.000000E+000  0.000000E+000  0.000000E+000
  2.700000E-002  0.000000E+000  9.999526E-001  0.000000E+000  0.000000E+000  0.000000E+000  0.000000E+000  0.000000E+000  1.457080E-003  0.000000E+000  0.000000E+000  0.000000E+000  0.000000E+000
  2.800000E-002  0.000000E+000  9.999526E-001  0.000000E+000  0.000000E+000  0.000000E+000  0.000000E+000  0.000000E+000  1.457292E-003  0.000000E+000  0.000000E+000  0.000000E+000  0.000000E+000
  2.900000E-002  0.000000E+000  9.999526E-001  0.000000E+000  0.000000E+000  0.000000E+000  0.000000E+000  0.000000E+000  1.457806E-003  0.000000E+000  0.000000E+000  0.000000E+000  0.000000E+000
  3.000000E-002  0.000000E+000  9.999526E-001  0.000000E+000  0.000000E+000  0.000000E+000  0.000000E+000  0.000000E+000  1.458750E-003  0.000000E+000  0.000000E+000  0.000000E+000  0.000000E+000
  3.100000E-002  0.000000E+000  9.999526E-001  0.000000E+000  0.000000E+000  0.000000E+000  0.000000E+000  0.000000E+000  1.460252E-003  0.000000E+000  0.000000E+000  0.000000E+000  0.000000E+000
  3.200000E-002  0.000000E+000  9.999526E-001  0.000000E+000  0.000000E+000  0.000000E+000  0.000000E+000  0.000000E+000  1.462436E-003  0.000000E+000  0.000000E+000  0.000000E+000  0.000000E+000
  3.300000E-002  0.000000E+000  9.999526E-001  0.000000E+000  0.000000E+000  0.000000E+000  0.000000E+000  0.000000E+000  1.465423E-003  0.000000E+000  0.000000E+000  0.000000E+000  0.000000E+000
  3.400000E-002  0.000000E+000  9.999526E-001  0.000000E+000  0.000000E+000  0.000000E+000  0.000000E+000  0.000000E+000  1.469332E-003  0.000000E+000  0.000000E+000  0.000000E+000  0.000000E+000
  3.500000E-002  0.000000E+000  9.999526E-001  0.000000E+000  0.000000E+000  0.000000E+000  0.000000E+000  0.000000E+000  1.474279E-003  0.000000E+000  0.000000E+000  0.000000E+000  0.000000E+000
  3.600000E-002  0.000000E+000  9.999526E-001  0.000000E+000  0.000000E+000  0.000000E+000  0.000000E+000  0.000000E+000  1.480377E-003  0.000000E+000  0.000000E+000  0.000000E+000  0.000000E+000
  3.700000E-002  0.000000E+000  9.999526E-001  0.000000E+000  0.000000E+000  0.000000E+000  0.000000E+000  0.000000E+000  1.487738E-003  0.000000E+000  0.000000E+000  0.000000E+000  0.000000E+000
  3.800000E-002  0.000000E+000  9.999526E-001  0.000000E+000  0.000000E+000  0.000000E+000  0.000000E+000  0.000000E+000  1.496468E-003  0.000000E+000  0.000000E+000  0.000000E+000  0.000000E+000
  3.900000E-002  0.000000E+000  9.999526E-001  0.000000E+000  0.000000E+000  0.000000E+000  0.000000E+000  0.000000E+000  1.506675E-003  0.000000E+000  0.000000E+000  0.000000E+000  0.000000E+000
  4.000000E-002  0.000000E+000  9.999526E-001  0.000000E+000  0.000000E+000  0.000000E+000  0.000000E+000  0.000000E+000  1.518461E-003  0.000000E+000  0.000000E+000  0.000000E+000  0.000000E+000
  4.100000E-002  0.000000E+000  9.999526E-001  0.000000E+000  0.000000E+000  0.000000E+000  0.000000E+000  0.000000E+000  1.531926E-003  0.000000E+000  0.000000E+000  0.000000E+000  0.000000E+000
  4.200000E-002  0.000000E+000  9.999526E-001  0.000000E+000  0.000000E+000  0.000000E+000  0.000000E+000  0.000000E+000  1.547169E-003  0.000000E+000  0.000000E+000  0.000000E+000  0.000000E+000
  4.300000E-002  0.000000E+000  9.999526E-001  0.000000E+000  0.000000E+000  0.000000E+000  0.000000E+000  0.000000E+000  1.564284E-003  0.000000E+000  0.000000E+000  0.000000E+000  0.000000E+000
  4.400000E-002  0.000000E+000  9.999526E-001  0.000000E+000  0.000000E+000  0.000000E+000  0.000000E+000  0.000000E+000  1.583365E-003  0.000000E+000  0.000000E+000  0.000000E+000  0.000000E+000
  4.500000E-002  0.000000E+000  9.999526E-001  0.000000E+000  0.000000E+000  0.000000E+000  0.000000E+000  0.000000E+000  1.604502E-003  0.000000E+000  0.000000E+000  0.000000E+000  0.000000E+000
  4.600000E-002  0.000000E+000  9.999526E-001  0.000000E+000  0.000000E+000  0.000000E+000  0.000000E+000  0.000000E+000  1.627783E-003  0.000000E+000  0.000000E+000  0.000000E+000  0.000000E+000
  4.700000E-002  0.000000E+000  9.999526E-001  0.000000E+000  0.000000E+000  0.000000E+000  0.000000E+000  0.000000E+000  1.653293E-003  0.000000E+000  0.000000E+000  0.000000E+000  0.000000E+000
  4.800000E-002  0.000000E+000  9.999526E-001  0.000000E+000  0.000000E+000  0.000000E+000  0.000000E+000  0.000000E+000  1.681116E-003  0.000000E+000  0.000000E+000  0.000000E+000  0.000000E+000
  4.900000E-002  0.000000E+000  9.999526E-001  0.000000E+000  0.000000E+000  0.000000E+000  0.000000E+000  0.000000E+000  1.711333E-003  0.000000E+000  0.000000E+000  0.000000E+000  0.000000E+000
  5.000000E-002  0.000000E+000  9.999526E-001  0.000000E+000  0.000000E+000  0.000000E+000  0.000000E+000  0.000000E+000  1.744021E-003  0.000000E+000  0.000000E+000  0.000000E+000  0.000000E+000
  5.100000E-002  0.000000E+000  9.999526E-001  0.000000E+000  0.000000E+000  0.000000E+000  0.000000E+000  0.000000E+000  1.779257E-003  0.000000E+000  0.000000E+000  0.000000E+000  0.000000E+000
  5.200000E-002  0.000000E+000  9.999526E-001  0.000000E+000  0.000000E+000  0.000000E+000  0.000000E+000  0.000000E+000  1.817114E-003  0.000000E+000  0.000000E+000  0.000000E+000  0.000000E+000
  5.300000E-002  0.000000E+000  9.999526E-001  0.000000E+000  0.000000E+000  0.000000E+000  0.000000E+000  0.000000E+000  1.857664E-003  0.000000E+000  0.000000E+000  0.000000E+000  0.000000E+000
  5.400000E-002  0.000000E+000  9.999526E-001  0.000000E+000  0.000000E+000  0.000000E+000  0.000000E+000  0.000000E+000  1.900976E-003  0.000000E+000  0.000000E+000  0.000000E+000  0.000000E+000
  5.500000E-002  0.000000E+000  9.999526E-001  0.000000E+000  0.000000E+000  0.000000E+000  0.000000E+000  0.000000E+000  1.947115E-003  0.000000E+000  0.000000E+000  0.000000E+000  0.000000E+000
  5.600000E-002  0.000000E+000  9.999526E-001  0.000000E+000  0.000000E+000  0.000000E+000  0.000000E+000  0.000000E+000  1.996147E-003  0.000000E+000  0.000000E+000  0.000000E+000  0.000000E+000
  5.700000E-002  0.000000E+000  9.999526E-001  0.000000E+000  0.000000E+000  0.000000E+000  0.000000E+000  0.000000E+000  2.048135E-003  0.000000E+000  0.000000E+000  0.000000E+000  0.000000E+000
  5.800000E-002  0.000000E+000  9.999526E-001  0.000000E+000  0.000000E+000  0.000000E+000  0.000000E+000  0.000000E+000  2.103137E-003  0.000000E+000  0.000000E+000  0.000000E+000  0.000000E+000
  5.900000E-002  0.000000E+000  9.999526E-001  0.000000E+000  0.000000E+000  0.000000E+000  0.000000E+000  0.000000E+000  2.161211E-003  0.000000E+000  0.000000E+000  0.000000E+000  0.000000E+000
  6.000000E-002  0.000000E+000  9.999526E-001  0.000000E+000  0.000000E+000  0.000000E+000  0.000000E+000  0.000000E+000  2.222414E-003  0.000000E+000  0.000000E+000  0.000000E+000  0.000000E+000
  6.100000E-002  0.000000E+000  9.999526E-001  0.000000E+000  0.000000E+000  0.000000E+000  0.000000E+000  0.000000E+000  2.286798E-003  0.000000E+000  0.000000E+000  0.000000E+000  0.000000E+000
  6.200000E-002  0.000000E+000  9.999526E-001  0.000000E+000  0.000000E+000  0.000000E+000  0.000000E+000  0.000000E+000  2.354415E-003  0.000000E+000  0.000000E+000  0.000000E+000  0.000000E+000
  6.300000E-002  0.000000E+000  9.999526E-001  0.000000E+000  0.000000E+000  0.000000E+000  0.000000E+000  0.000000E+000  2.425313E-003  0.000000E+000  0.000000E+000  0.000000E+000  0.000000E+000
  6.400000E-002  0.000000E+000  9.999526E-001  0.000000E+000  0.000000E+000  0.000000E+000  0.000000E+000  0.000000E+000  2.499541E-003  0.000000E+000  0.000000E+000  0.000000E+000  0.000000E+000
  6.500000E-002  0.000000E+000  9.999526E-001  0.000000E+000  0.000000E+000  0.000000E+000  0.000000E+000  0.000000E+000  2.577142E-003  0.000000E+000  0.000000E+000  0.000000E+000  0.000000E+000
  6.600000E-002  0.000000E+000  9.999526E-001  0.000000E+000  0.000000E+000  0.000000E+000  0.000000E+000  0.000000E+000  2.658160E-003  0.000000E+000  0.000000E+000  0.000000E+000  0.000000E+000
  6.700000E-002  0.000000E+000  9.999526E-001  0.000000E+000  0.000000E+000  0.000000E+000  0.000000E+000  0.000000E+000  2.742635E-003  0.000000E+000  0.000000E+000  0.000000E+000  0.000000E+000
  6.800000E-002  0.000000E+000  9.999526E-001  0.000000E+000  0.000000E+000  0.000000E+000  0.000000E+000  0.000000E+000  2.830606E-003  0.000000E+000  0.000000E+000  0.000000E+000  0.000000E+000
  6.900000E-002  0.000000E+000  9.999526E-001  0.000000E+000  0.000000E+000  0.000000E+000  0.000000E+000  0.000000E+000  2.922110E-003  0.000000E+000  0.000000E+000  0.000000E+000  0.000000E+000
  7.000000E-002  0.000000E+000  9.999526E-001  0.000000E+000  0.000000E+000  0.000000E+000  0.000000E+000  0.000000E+000  3.017181E-003  0.000000E+000  0.000000E+000  0.000000E+000  0.000000E+000
  7.100000E-002  0.000000E+000  9.999526E-001  0.000000E+000  0.000000E+000  0.000000E+000  0.000000E+000  0.000000E+000  3.115852E-003  0.000000E+000  0.000000E+000  0.000000E+000  0.000000E+000
  7.200000E-002  0.000000E+000  9.999526E-001  0.000000E+000  0.000000E+000  0.000000E+000  0.000000E+000  0.000000E+000  3.218154E-003  0.000000E+000  0.000000E+000  0.000000E+000  0.000000E+000
  7.300000E-002  0.000000E+000  9.999526E-001  0.000000E+000  0.000000E+000  0.000000E+000  0.000000E+000  0.000000E+000  3.324116E-003  0.000000E+000  0.000000E+000  0.000000E+000  0.000000E+000
  7.400000E-002  0.000000E+000  9.999526E-001  0.000000E+000  0.000000E+000  0.000000E+000  0.000000E+000  0.000000E+000  3.433764E-003  0.000000E+000  0.000000E+000  0.000000E+000  0.000000E+000
  7.500000E-002  0.000000E+000  9.999526E-001  0.000000E+000  0.000000E+000  0.000000E+000  0.000000E+000  0.000000E+000  3.547124E-003  0.000000E+000  0.000000E+000  0.000000E+000  0.000000E+000
  7.600000E-002  0.000000E+000  9.999526E-001  0.000000E+000  0.000000E+000  0.000000E+000  0.000000E+000  0.000000E+000  3.664218E-003  0.000000E+000  0.000000E+000  0.000000E+000  0.000000E+000
  7.700000E-002  0.000000E+000  9.999526E-001  0.000000E+000  0.000000E+000  0.000000E+000  0.000000E+000  0.000000E+000  3.785069E-003  0.000000E+000  0.000000E+000  0.000000E+000  0.000000E+000
  7.800000E-002  0.000000E+000  9.999526E-001  0.000000E+000  0.000000E+000  0.000000E+000  0.000000E+000  0.000000E+000  3.909695E-003  0.000000E+000  0.000000E+000  0.000000E+000  0.000000E+000
  7.900000E-002  0.000000E+000  9.999526E-001  0.000000E+000  0.000000E+000  0.000000E+000  0.000000E+000  0.000000E+000  4.038113E-003  0.000000E+000  0.000000E+000  0.000000E+000  0.000000E+000
  8.000000E-002  0.000000E+000  9.999526E-001  0.000000E+000  0.000000E+000  0.000000E+000  0.000000E+000  0.000000E+000  4.170341E-003  0.000000E+000  0.000000E+000  0.000000E+000  0.000000E+000
  8.100000E-002  0.000000E+000  9.999526E-001  0.000000E+000  0.000000E+000  0.000000E+000  0.000000E+000  0.000000E+000  4.306391E-003  0.000000E+000  0.000000E+000  0.000000E+000  0.000000E+000
  8.200000E-002  0.000000E+000  9.999526E-001  0.000000E+000  0.000000E+000  0.000000E+000  0.000000E+000  0.000000E+000  4.446276E-003  0.000000E+000  0.000000E+000  0.000000E+000  0.000000E+000
  8.300000E-002  0.000000E+000  9.999526E-001  0.000000E+000  0.000000E+000  0.000000E+000  0.000000E+000  0.000000E+000  4.590006E-003  0.000000E+000  0.000000E+000  0.000000E+000  0.000000E+000
