 FILE: 7segsprint.11

 *** Replace this line with a message to appear on all output files.                                    


        T             RX1            RY1            RX2            RY2            RX             RY             GRF            COP
       (S)            (N)            (N)            (N)            (N)            (N)            (N)            (N)            (M)

  0.000000E+000  0.000000E+000  0.000000E+000  0.000000E+000  0.000000E+000  0.000000E+000  0.000000E+000  0.000000E+000  0.000000E+000
  1.000000E-003  0.000000E+000  0.000000E+000 -4.399462E+003  2.249371E+003 -4.399462E+003  2.249371E+003  4.941147E+003  7.125416E-004
  2.000000E-003  0.000000E+000  0.000000E+000 -4.662804E+003  4.799498E+003 -4.662804E+003  4.799498E+003  6.691556E+003  1.393522E-003
  3.000000E-003  2.928103E+002  6.619415E+001 -2.339359E+003  4.815202E+003 -2.046549E+003  4.881396E+003  5.293051E+003  2.515838E-003
  4.000000E-003  1.396604E+003  3.709982E+002 -2.166798E+003  3.766153E+003 -7.701940E+002  4.137151E+003  4.208232E+003  8.719878E-003
  5.000000E-003  1.315892E+003  3.227421E+002 -2.084315E+003  3.064599E+003 -7.684235E+002  3.387341E+003  3.473406E+003  9.041158E-003
  6.000000E-003  1.286715E+003  2.588226E+002 -1.985514E+003  2.696181E+003 -6.987986E+002  2.955004E+003  3.036506E+003  8.397217E-003
  7.000000E-003  1.329739E+003  2.282164E+002 -1.980917E+003  2.561772E+003 -6.511772E+002  2.789988E+003  2.864972E+003  7.960524E-003
  8.000000E-003  1.385807E+003  2.168759E+002 -2.031786E+003  2.553401E+003 -6.459788E+002  2.770277E+003  2.844596E+003  7.710374E-003
  9.000000E-003  1.440726E+003  2.154172E+002 -2.091691E+003  2.597314E+003 -6.509652E+002  2.812731E+003  2.887077E+003  7.605106E-003
  1.000000E-002  1.489656E+003  2.196424E+002 -2.138914E+003  2.655780E+003 -6.492572E+002  2.875423E+003  2.947811E+003  7.618268E-003
  1.100000E-002  1.530444E+003  2.272848E+002 -2.169262E+003  2.711932E+003 -6.388180E+002  2.939217E+003  3.007837E+003  7.718640E-003
  1.200000E-002  1.563010E+003  2.366900E+002 -2.185718E+003  2.759392E+003 -6.227075E+002  2.996082E+003  3.060110E+003  7.871942E-003
  1.300000E-002  1.587834E+003  2.466423E+002 -2.192675E+003  2.797210E+003 -6.048411E+002  3.043852E+003  3.103364E+003  8.048554E-003
  1.400000E-002  1.608891E+003  2.564347E+002 -2.193462E+003  2.826761E+003 -5.845715E+002  3.083196E+003  3.138124E+003  8.231294E-003
  1.500000E-002  1.624784E+003  2.657751E+002 -2.189810E+003  2.849612E+003 -5.650258E+002  3.115387E+003  3.166211E+003  8.410969E-003
  1.600000E-002  1.641241E+003  2.746250E+002 -2.183095E+003  2.867817E+003 -5.418547E+002  3.142442E+003  3.188816E+003  8.586330E-003
  1.700000E-002  1.654622E+003  2.830574E+002 -2.173477E+003  2.882147E+003 -5.188554E+002  3.165204E+003  3.207449E+003  8.756946E-003
  1.800000E-002  1.668271E+003  2.911522E+002 -2.161309E+003  2.893478E+003 -4.930384E+002  3.184630E+003  3.222570E+003  8.924887E-003
  1.900000E-002  1.681057E+003  2.989735E+002 -2.146695E+003  2.902195E+003 -4.656375E+002  3.201168E+003  3.234856E+003  9.090704E-003
  2.000000E-002  1.693070E+003  3.065612E+002 -2.129686E+003  2.908487E+003 -4.366161E+002  3.215048E+003  3.244559E+003  9.255252E-003
  2.100000E-002  1.704326E+003  3.139381E+002 -2.110376E+003  2.912500E+003 -4.060506E+002  3.226438E+003  3.251889E+003  9.418966E-003
  2.200000E-002  1.714702E+003  3.211156E+002 -2.088840E+003  2.914301E+003 -3.741386E+002  3.235416E+003  3.256977E+003  9.582130E-003
  2.300000E-002  1.724118E+003  3.280983E+002 -2.065158E+003  2.913928E+003 -3.410405E+002  3.242026E+003  3.259914E+003  9.744953E-003
  2.400000E-002  1.732511E+003  3.348875E+002 -2.039416E+003  2.911409E+003 -3.069046E+002  3.246296E+003  3.260771E+003  9.907613E-003
  2.500000E-002  1.739830E+003  3.414832E+002 -2.011698E+003  2.906760E+003 -2.718679E+002  3.248243E+003  3.259600E+003  1.007029E-002
  2.600000E-002  1.746033E+003  3.478846E+002 -1.982092E+003  2.899989E+003 -2.360588E+002  3.247874E+003  3.256441E+003  1.023317E-002
  2.700000E-002  1.751081E+003  3.540903E+002 -1.950680E+003  2.891096E+003 -1.995990E+002  3.245186E+003  3.251318E+003  1.039649E-002
  2.800000E-002  1.754933E+003  3.600989E+002 -1.917540E+003  2.880066E+003 -1.626077E+002  3.240165E+003  3.244243E+003  1.056050E-002
  2.900000E-002  1.757547E+003  3.659086E+002 -1.882746E+003  2.866876E+003 -1.251990E+002  3.232785E+003  3.235208E+003  1.072551E-002
  3.000000E-002  1.758880E+003  3.715170E+002 -1.846365E+003  2.851489E+003 -8.748481E+001  3.223006E+003  3.224193E+003  1.089190E-002
  3.100000E-002  1.758882E+003  3.769214E+002 -1.808459E+003  2.833854E+003 -4.957732E+001  3.210775E+003  3.211158E+003  1.106006E-002
  3.200000E-002  1.757502E+003  3.821181E+002 -1.769088E+003  2.813909E+003 -1.158664E+001  3.196027E+003  3.196048E+003  1.123046E-002
  3.300000E-002  1.754681E+003  3.871022E+002 -1.728309E+003  2.791580E+003  2.637193E+001  3.178682E+003  3.178791E+003  1.140362E-002
  3.400000E-002  1.750356E+003  3.918680E+002 -1.686176E+003  2.766779E+003  6.417971E+001  3.158647E+003  3.159299E+003  1.158015E-002
  3.500000E-002  1.744454E+003  3.964086E+002 -1.642740E+003  2.739406E+003  1.017144E+002  3.135815E+003  3.137464E+003  1.176072E-002
  3.600000E-002  1.736869E+003  4.007160E+002 -1.598047E+003  2.709341E+003  1.388220E+002  3.110057E+003  3.113154E+003  1.194613E-002
  3.700000E-002  1.727248E+003  4.047719E+002 -1.552021E+003  2.676250E+003  1.752271E+002  3.081022E+003  3.086001E+003  1.213784E-002
  3.800000E-002  1.716661E+003  4.085677E+002 -1.504980E+003  2.640406E+003  2.116805E+002  3.048974E+003  3.056313E+003  1.233524E-002
  3.900000E-002  1.705097E+003  4.121634E+002 -1.457505E+003  2.602635E+003  2.475919E+002  3.014799E+003  3.024948E+003  1.253748E-002
  4.000000E-002  1.691883E+003  4.155640E+002 -1.409358E+003  2.562380E+003  2.825254E+002  2.977944E+003  2.991316E+003  1.274758E-002
  4.100000E-002  1.677038E+003  4.187439E+002 -1.360509E+003  2.519313E+003  3.165290E+002  2.938057E+003  2.955059E+003  1.296709E-002
  4.200000E-002  1.660543E+003  4.216867E+002 -1.311028E+003  2.473272E+003  3.495158E+002  2.894959E+003  2.915981E+003  1.319738E-002
  4.300000E-002  1.642396E+003  4.243838E+002 -1.261011E+003  2.424146E+003  3.813849E+002  2.848530E+003  2.873948E+003  1.344000E-002
  4.400000E-002  1.622601E+003  4.268301E+002 -1.210570E+003  2.371846E+003  4.120308E+002  2.798676E+003  2.828844E+003  1.369672E-002
  4.500000E-002  1.601171E+003  4.290218E+002 -1.159826E+003  2.316293E+003  4.413445E+002  2.745314E+003  2.780564E+003  1.396957E-002
  4.600000E-002  1.578232E+003  4.309557E+002 -1.108917E+003  2.257429E+003  4.693150E+002  2.688385E+003  2.729042E+003  1.426069E-002
  4.700000E-002  1.555496E+003  4.327345E+002 -1.059311E+003  2.197827E+003  4.961851E+002  2.630562E+003  2.676949E+003  1.456186E-002
  4.800000E-002  1.527066E+003  4.341738E+002 -1.007609E+003  2.130510E+003  5.194571E+002  2.564684E+003  2.616761E+003  1.490842E-002
  4.900000E-002  1.499393E+003  4.352654E+002 -9.566795E+002  2.060547E+003  5.427136E+002  2.495813E+003  2.554137E+003  1.527453E-002
  5.000000E-002  1.471264E+003  4.361081E+002 -9.064957E+002  1.987731E+003  5.647682E+002  2.423839E+003  2.488767E+003  1.566814E-002
  5.100000E-002  1.437288E+003  4.367577E+002 -8.572059E+002  1.912064E+003  5.800818E+002  2.348822E+003  2.419392E+003  1.610325E-002
  5.200000E-002  1.405508E+003  4.371057E+002 -8.081238E+002  1.831759E+003  5.973840E+002  2.268865E+003  2.346192E+003  1.658007E-002
  5.300000E-002  1.373328E+003  4.371769E+002 -7.602394E+002  1.748582E+003  6.130884E+002  2.185759E+003  2.270115E+003  1.709952E-002
  5.400000E-002  1.343064E+003  4.370354E+002 -7.138754E+002  1.663086E+003  6.291881E+002  2.100121E+003  2.192347E+003  1.766135E-002
  5.500000E-002  1.308834E+003  4.367159E+002 -6.689639E+002  1.574919E+003  6.398701E+002  2.011635E+003  2.110950E+003  1.828972E-002
  5.600000E-002  1.277462E+003  4.362066E+002 -6.257711E+002  1.484639E+003  6.516910E+002  1.920846E+003  2.028386E+003  1.897271E-002
  5.700000E-002  1.240424E+003  4.355151E+002 -5.839067E+002  1.391282E+003  6.565177E+002  1.826797E+003  1.941186E+003  1.975373E-002
  5.800000E-002  1.207874E+003  4.345957E+002 -5.437292E+002  1.295902E+003  6.641446E+002  1.730498E+003  1.853567E+003  2.060383E-002
  5.900000E-002  1.170374E+003  4.334975E+002 -5.050137E+002  1.198234E+003  6.653598E+002  1.631731E+003  1.762172E+003  2.157713E-002
  6.000000E-002  1.135858E+003  4.321904E+002 -4.677838E+002  1.098929E+003  6.680739E+002  1.531119E+003  1.670523E+003  2.265121E-002
  6.100000E-002  1.096081E+003  4.307039E+002 -4.316216E+002  9.977015E+002  6.644594E+002  1.428405E+003  1.575388E+003  2.389430E-002
  6.200000E-002  1.058028E+003  4.289959E+002 -3.963750E+002  8.953073E+002  6.616528E+002  1.324303E+003  1.480393E+003  2.528331E-002
  6.300000E-002  1.013932E+003  4.271095E+002 -3.615052E+002  7.917777E+002  6.524271E+002  1.218887E+003  1.382515E+003  2.690866E-002
  6.400000E-002  9.709382E+002  4.250055E+002 -3.266338E+002  6.879825E+002  6.443044E+002  1.112988E+003  1.286029E+003  2.873674E-002
  6.500000E-002  9.407534E+002  4.225067E+002 -2.936618E+002  5.902729E+002  6.470915E+002  1.012780E+003  1.201853E+003  3.052091E-002
  6.600000E-002  8.876257E+002  4.205802E+002 -2.587064E+002  4.913782E+002  6.289193E+002  9.119585E+002  1.107794E+003  3.290660E-002
  6.700000E-002  8.294305E+002  4.184867E+002 -2.212251E+002  3.931778E+002  6.082053E+002  8.116645E+002  1.014255E+003  3.570013E-002
  6.800000E-002  7.653746E+002  4.161824E+002 -1.808799E+002  2.977893E+002  5.844947E+002  7.139718E+002  9.227079E+002  3.895447E-002
  6.900000E-002  6.952670E+002  4.136776E+002 -1.376548E+002  2.077660E+002  5.576121E+002  6.214437E+002  8.349392E+002  4.270798E-002
  7.000000E-002  6.198461E+002  4.109336E+002 -9.241328E+001  1.265329E+002  5.274328E+002  5.374665E+002  7.530309E+002  4.694652E-002
  7.100000E-002  5.417349E+002  4.077874E+002 -4.792730E+001  5.890641E+001  4.938076E+002  4.666938E+002  6.794476E+002  5.153401E-002
  7.200000E-002  4.672661E+002  4.038001E+002 -1.085745E+001  1.185802E+001  4.564086E+002  4.156581E+002  6.173172E+002  5.607800E-002
  7.300000E-002  4.130686E+002  3.978403E+002  0.000000E+000  0.000000E+000  4.130686E+002  3.978403E+002  5.735003E+002  5.944389E-002
  7.400000E-002  3.732015E+002  3.884358E+002  0.000000E+000  0.000000E+000  3.732015E+002  3.884358E+002  5.386666E+002  6.179108E-002
  7.500000E-002  3.411730E+002  3.754961E+002  0.000000E+000  0.000000E+000  3.411730E+002  3.754961E+002  5.073424E+002  6.341993E-002
  7.600000E-002  3.171979E+002  3.590991E+002  0.000000E+000  0.000000E+000  3.171979E+002  3.590991E+002  4.791312E+002  6.422092E-002
  7.700000E-002  3.010742E+002  3.394075E+002  0.000000E+000  0.000000E+000  3.010742E+002  3.394075E+002  4.536994E+002  6.410101E-002
  7.800000E-002  2.922508E+002  3.166546E+002  0.000000E+000  0.000000E+000  2.922508E+002  3.166546E+002  4.309068E+002  6.296645E-002
  7.900000E-002  2.899107E+002  2.911272E+002  0.000000E+000  0.000000E+000  2.899107E+002  2.911272E+002  4.108567E+002  6.071470E-002
  8.000000E-002  2.930955E+002  2.631524E+002  0.000000E+000  0.000000E+000  2.930955E+002  2.631524E+002  3.938961E+002  5.724287E-002
  8.100000E-002  3.006105E+002  2.330700E+002  0.000000E+000  0.000000E+000  3.006105E+002  2.330700E+002  3.803792E+002  5.249994E-002
  8.200000E-002  3.113750E+002  2.012501E+002  0.000000E+000  0.000000E+000  3.113750E+002  2.012501E+002  3.707506E+002  4.650889E-002
  8.300000E-002  3.242295E+002  1.680824E+002  0.000000E+000  0.000000E+000  3.242295E+002  1.680824E+002  3.652074E+002  3.943257E-002
  8.400000E-002  3.381438E+002  1.339543E+002  0.000000E+000  0.000000E+000  3.381438E+002  1.339543E+002  3.637100E+002  3.155457E-002
  8.500000E-002  3.520400E+002  9.924853E+001  0.000000E+000  0.000000E+000  3.520400E+002  9.924853E+001  3.657628E+002  2.324716E-002
  8.600000E-002  3.646929E+002  6.434345E+001  0.000000E+000  0.000000E+000  3.646929E+002  6.434345E+001  3.703256E+002  1.488480E-002
  8.700000E-002  3.714160E+002  2.963543E+001  0.000000E+000  0.000000E+000  3.714160E+002  2.963543E+001  3.725964E+002  6.813226E-003
  8.790000E-002  0.000000E+000  0.000000E+000  0.000000E+000  0.000000E+000  0.000000E+000  0.000000E+000  0.000000E+000  0.000000E+000
