 FILE: 7segsprint.11

 *** Replace this line with a message to appear on all output files.                                    


        T             RX1            RY1            RX2            RY2            RX             RY             GRF            COP
       (S)            (N)            (N)            (N)            (N)            (N)            (N)            (N)            (M)

  0.000000E+000  0.000000E+000  0.000000E+000  0.000000E+000  0.000000E+000  0.000000E+000  0.000000E+000  0.000000E+000  0.000000E+000
  1.000000E-003  0.000000E+000  0.000000E+000 -4.806355E+003  2.421724E+003 -4.806355E+003  2.421724E+003  5.381988E+003  7.285216E-004
  2.000000E-003  0.000000E+000  0.000000E+000 -4.609441E+003  4.958313E+003 -4.609441E+003  4.958313E+003  6.769920E+003  1.432172E-003
  3.000000E-003  5.713365E+002  1.031816E+002 -2.268165E+003  4.767711E+003 -1.696828E+003  4.870893E+003  5.157987E+003  3.165171E-003
  4.000000E-003  1.554588E+003  3.729025E+002 -2.148387E+003  3.674049E+003 -5.937985E+002  4.046951E+003  4.090283E+003  8.976001E-003
  5.000000E-003  1.444854E+003  3.125882E+002 -2.050998E+003  2.982854E+003 -6.061437E+002  3.295442E+003  3.350724E+003  9.084554E-003
  6.000000E-003  1.418611E+003  2.496053E+002 -1.956848E+003  2.633055E+003 -5.382366E+002  2.882660E+003  2.932478E+003  8.404814E-003
  7.000000E-003  1.458959E+003  2.208337E+002 -1.962534E+003  2.518312E+003 -5.035754E+002  2.739146E+003  2.785051E+003  7.949308E-003
  8.000000E-003  1.511796E+003  2.108577E+002 -2.020299E+003  2.524931E+003 -5.085033E+002  2.735789E+003  2.782646E+003  7.690724E-003
  9.000000E-003  1.564053E+003  2.105268E+002 -2.083219E+003  2.579773E+003 -5.191664E+002  2.790299E+003  2.838187E+003  7.586289E-003
  1.000000E-002  1.610755E+003  2.158599E+002 -2.131118E+003  2.646357E+003 -5.203626E+002  2.862217E+003  2.909134E+003  7.607565E-003
  1.100000E-002  1.649546E+003  2.246117E+002 -2.161319E+003  2.708677E+003 -5.117733E+002  2.933288E+003  2.977598E+003  7.719752E-003
  1.200000E-002  1.680171E+003  2.350600E+002 -2.177799E+003  2.761096E+003 -4.976280E+002  2.996156E+003  3.037200E+003  7.884652E-003
  1.300000E-002  1.703966E+003  2.459435E+002 -2.185113E+003  2.803032E+003 -4.811472E+002  3.048975E+003  3.086706E+003  8.071483E-003
  1.400000E-002  1.722965E+003  2.565500E+002 -2.186424E+003  2.836019E+003 -4.634595E+002  3.092569E+003  3.127104E+003  8.261994E-003
  1.500000E-002  1.739068E+003  2.666239E+002 -2.183510E+003  2.862087E+003 -4.444419E+002  3.128711E+003  3.160120E+003  8.448611E-003
  1.600000E-002  1.752908E+003  2.761701E+002 -2.177138E+003  2.882842E+003 -4.242296E+002  3.159012E+003  3.187370E+003  8.630029E-003
  1.700000E-002  1.767112E+003  2.852668E+002 -2.167651E+003  2.899387E+003 -4.005388E+002  3.184654E+003  3.209743E+003  8.807795E-003
  1.800000E-002  1.780632E+003  2.940410E+002 -2.155638E+003  2.913005E+003 -3.750055E+002  3.207046E+003  3.228896E+003  8.982164E-003
  1.900000E-002  1.792101E+003  3.025744E+002 -2.140837E+003  2.923729E+003 -3.487364E+002  3.226303E+003  3.245096E+003  9.155100E-003
  2.000000E-002  1.804546E+003  3.109035E+002 -2.123370E+003  2.931841E+003 -3.188243E+002  3.242745E+003  3.258380E+003  9.327994E-003
  2.100000E-002  1.815381E+003  3.190572E+002 -2.103364E+003  2.937517E+003 -2.879826E+002  3.256574E+003  3.269283E+003  9.500542E-003
  2.200000E-002  1.825393E+003  3.270431E+002 -2.080708E+003  2.940597E+003 -2.553153E+002  3.267640E+003  3.277600E+003  9.673837E-003
  2.300000E-002  1.834699E+003  3.348656E+002 -2.055630E+003  2.941287E+003 -2.209309E+002  3.276152E+003  3.283593E+003  9.847690E-003
  2.400000E-002  1.842732E+003  3.425253E+002 -2.028142E+003  2.939508E+003 -1.854092E+002  3.282033E+003  3.287266E+003  1.002246E-002
  2.500000E-002  1.849697E+003  3.500234E+002 -1.998370E+003  2.935315E+003 -1.486726E+002  3.285339E+003  3.288701E+003  1.019835E-002
  2.600000E-002  1.855537E+003  3.573609E+002 -1.966422E+003  2.928730E+003 -1.108858E+002  3.286091E+003  3.287961E+003  1.037557E-002
  2.700000E-002  1.860217E+003  3.645379E+002 -1.932405E+003  2.919758E+003 -7.218766E+001  3.284296E+003  3.285089E+003  1.055440E-002
  2.800000E-002  1.863719E+003  3.715536E+002 -1.896424E+003  2.908393E+003 -3.270461E+001  3.279946E+003  3.280109E+003  1.073514E-002
  2.900000E-002  1.866018E+003  3.784062E+002 -1.858584E+003  2.894616E+003  7.433766E+000  3.273022E+003  3.273030E+003  1.091811E-002
  3.000000E-002  1.867087E+003  3.850927E+002 -1.818991E+003  2.878394E+003  4.809655E+001  3.263486E+003  3.263841E+003  1.110370E-002
  3.100000E-002  1.866890E+003  3.916091E+002 -1.777744E+003  2.859678E+003  8.914571E+001  3.251287E+003  3.252509E+003  1.129233E-002
  3.200000E-002  1.865386E+003  3.979497E+002 -1.734942E+003  2.838404E+003  1.304438E+002  3.236354E+003  3.238982E+003  1.148451E-002
  3.300000E-002  1.862521E+003  4.041078E+002 -1.690679E+003  2.814489E+003  1.718417E+002  3.218597E+003  3.223181E+003  1.168082E-002
  3.400000E-002  1.858232E+003  4.100747E+002 -1.645049E+003  2.787833E+003  2.131825E+002  3.197907E+003  3.205005E+003  1.188193E-002
  3.500000E-002  1.852438E+003  4.158401E+002 -1.598140E+003  2.758317E+003  2.542981E+002  3.174157E+003  3.184327E+003  1.208863E-002
  3.600000E-002  1.845046E+003  4.213919E+002 -1.550039E+003  2.725803E+003  2.950073E+002  3.147195E+003  3.160991E+003  1.230182E-002
  3.700000E-002  1.835731E+003  4.267135E+002 -1.500780E+003  2.690051E+003  3.349510E+002  3.116764E+003  3.134710E+003  1.252291E-002
  3.800000E-002  1.824947E+003  4.317782E+002 -1.450459E+003  2.650883E+003  3.744881E+002  3.082661E+003  3.105324E+003  1.275270E-002
  3.900000E-002  1.813464E+003  4.366280E+002 -1.399793E+003  2.609254E+003  4.136710E+002  3.045882E+003  3.073844E+003  1.298942E-002
  4.000000E-002  1.800252E+003  4.412783E+002 -1.348681E+003  2.564750E+003  4.515705E+002  3.006028E+003  3.039757E+003  1.323642E-002
  4.100000E-002  1.785316E+003  4.456993E+002 -1.297126E+003  2.517004E+003  4.881894E+002  2.962703E+003  3.002655E+003  1.349565E-002
  4.200000E-002  1.768598E+003  4.498682E+002 -1.245246E+003  2.465842E+003  5.233525E+002  2.915710E+003  2.962307E+003  1.376883E-002
  4.300000E-002  1.750065E+003  4.537702E+002 -1.193190E+003  2.411159E+003  5.568749E+002  2.864929E+003  2.918549E+003  1.405789E-002
  4.400000E-002  1.738301E+003  4.574221E+002 -1.142063E+003  2.354730E+003  5.962377E+002  2.812152E+003  2.874665E+003  1.434933E-002
  4.500000E-002  1.714235E+003  4.610966E+002 -1.092165E+003  2.297031E+003  6.220698E+002  2.758128E+003  2.827409E+003  1.466862E-002
  4.600000E-002  1.689784E+003  4.643720E+002 -1.041091E+003  2.232661E+003  6.486932E+002  2.697033E+003  2.773949E+003  1.501908E-002
  4.700000E-002  1.663532E+003  4.672355E+002 -9.901440E+002  2.163651E+003  6.733877E+002  2.630887E+003  2.715698E+003  1.539734E-002
  4.800000E-002  1.635303E+003  4.697422E+002 -9.397584E+002  2.090568E+003  6.955451E+002  2.560310E+003  2.653106E+003  1.580670E-002
  4.900000E-002  1.605027E+003  4.719180E+002 -8.901817E+002  2.013602E+003  7.148450E+002  2.485520E+003  2.586274E+003  1.625187E-002
  5.000000E-002  1.572614E+003  4.737715E+002 -8.415975E+002  1.932826E+003  7.310170E+002  2.406598E+003  2.515174E+003  1.673859E-002
  5.100000E-002  1.537996E+003  4.753046E+002 -7.941547E+002  1.848274E+003  7.438416E+002  2.323579E+003  2.439738E+003  1.727367E-002
  5.200000E-002  1.502000E+003  4.765214E+002 -7.480949E+002  1.760264E+003  7.539055E+002  2.236785E+003  2.360420E+003  1.786161E-002
  5.300000E-002  1.464926E+003  4.774538E+002 -7.037327E+002  1.669391E+003  7.611930E+002  2.146844E+003  2.277796E+003  1.850772E-002
  5.400000E-002  1.426684E+003  4.781350E+002 -6.612166E+002  1.575989E+003  7.654677E+002  2.054124E+003  2.192114E+003  1.922076E-002
  5.500000E-002  1.387177E+003  4.785865E+002 -6.205887E+002  1.480268E+003  7.665886E+002  1.958855E+003  2.103514E+003  2.001164E-002
  5.600000E-002  1.346261E+003  4.788236E+002 -5.818076E+002  1.382395E+003  7.644535E+002  1.861218E+003  2.012094E+003  2.089370E-002
  5.700000E-002  1.303733E+003  4.788590E+002 -5.447518E+002  1.282523E+003  7.589809E+002  1.761382E+003  1.917947E+003  2.188335E-002
  5.800000E-002  1.259317E+003  4.787056E+002 -5.092141E+002  1.180820E+003  7.501029E+002  1.659525E+003  1.821175E+003  2.300090E-002
  5.900000E-002  1.212656E+003  4.783779E+002 -4.748941E+002  1.077476E+003  7.377616E+002  1.555853E+003  1.721909E+003  2.427168E-002
  6.000000E-002  1.163296E+003  4.778942E+002 -4.413892E+002  9.727256E+002  7.219071E+002  1.450620E+003  1.620323E+003  2.572765E-002
  6.100000E-002  1.110686E+003  4.772777E+002 -4.081861E+002  8.668691E+002  7.024995E+002  1.344147E+003  1.516653E+003  2.740931E-002
  6.200000E-002  1.054169E+003  4.765593E+002 -3.746559E+002  7.602997E+002  6.795128E+002  1.236859E+003  1.411226E+003  2.936834E-002
  6.300000E-002  9.929875E+002  4.757789E+002 -3.400558E+002  6.535487E+002  6.529317E+002  1.129328E+003  1.304492E+003  3.167088E-002
  6.400000E-002  9.263249E+002  4.749866E+002 -3.035486E+002  5.473486E+002  6.227763E+002  1.022335E+003  1.197088E+003  3.440085E-002
  6.500000E-002  8.533521E+002  4.742431E+002 -2.642548E+002  4.427269E+002  5.890973E+002  9.169700E+002  1.089894E+003  3.766303E-002
  6.600000E-002  7.733760E+002  4.736148E+002 -2.213735E+002  3.411473E+002  5.520024E+002  8.147621E+002  9.841463E+002  4.158206E-002
  6.700000E-002  6.861171E+002  4.731601E+002 -1.744426E+002  2.447228E+002  5.116745E+002  7.178829E+002  8.815706E+002  4.628989E-002
  6.800000E-002  5.922659E+002  4.728937E+002 -1.238780E+002  1.565423E+002  4.683879E+002  6.294360E+002  7.845871E+002  5.188185E-002
  6.900000E-002  4.945740E+002  4.727015E+002 -7.207671E+001  8.117754E+001  4.224973E+002  5.538791E+002  6.966247E+002  5.829666E-002
  7.000000E-002  3.999479E+002  4.721508E+002 -2.563626E+001  2.547001E+001  3.743116E+002  4.976208E+002  6.226842E+002  6.503354E-002
  7.100000E-002  3.236359E+002  4.700741E+002  0.000000E+000  0.000000E+000  3.236359E+002  4.700741E+002  5.707099E+002  7.057950E-002
  7.200000E-002  2.742809E+002  4.643578E+002  0.000000E+000  0.000000E+000  2.742809E+002  4.643578E+002  5.393128E+002  7.377958E-002
  7.300000E-002  2.337013E+002  4.547496E+002  0.000000E+000  0.000000E+000  2.337013E+002  4.547496E+002  5.112861E+002  7.621303E-002
  7.400000E-002  2.021358E+002  4.413510E+002  0.000000E+000  0.000000E+000  2.021358E+002  4.413510E+002  4.854375E+002  7.790562E-002
  7.500000E-002  1.795210E+002  4.242071E+002  0.000000E+000  0.000000E+000  1.795210E+002  4.242071E+002  4.606294E+002  7.891175E-002
  7.600000E-002  1.654272E+002  4.034205E+002  0.000000E+000  0.000000E+000  1.654272E+002  4.034205E+002  4.360209E+002  7.927998E-002
  7.700000E-002  1.591061E+002  3.791542E+002  0.000000E+000  0.000000E+000  1.591061E+002  3.791542E+002  4.111845E+002  7.901137E-002
  7.800000E-002  1.595505E+002  3.516296E+002  0.000000E+000  0.000000E+000  1.595505E+002  3.516296E+002  3.861344E+002  7.802877E-002
  7.900000E-002  1.655730E+002  3.211251E+002  0.000000E+000  0.000000E+000  1.655730E+002  3.211251E+002  3.612973E+002  7.615781E-002
  8.000000E-002  1.758822E+002  2.879759E+002  0.000000E+000  0.000000E+000  1.758822E+002  2.879759E+002  3.374384E+002  7.312457E-002
  8.100000E-002  1.891654E+002  2.525735E+002  0.000000E+000  0.000000E+000  1.891654E+002  2.525735E+002  3.155581E+002  6.858139E-002
  8.200000E-002  2.041431E+002  2.153630E+002  0.000000E+000  0.000000E+000  2.041431E+002  2.153630E+002  2.967417E+002  6.218501E-002
  8.300000E-002  2.196263E+002  1.768408E+002  0.000000E+000  0.000000E+000  2.196263E+002  1.768408E+002  2.819723E+002  5.373575E-002
  8.400000E-002  2.345350E+002  1.375526E+002  0.000000E+000  0.000000E+000  2.345350E+002  1.375526E+002  2.718960E+002  4.334566E-002
  8.500000E-002  2.478731E+002  9.809417E+001  0.000000E+000  0.000000E+000  2.478731E+002  9.809417E+001  2.665774E+002  3.152742E-002
  8.600000E-002  2.584689E+002  5.911971E+001  0.000000E+000  0.000000E+000  2.584689E+002  5.911971E+001  2.651439E+002  1.910302E-002
  8.700000E-002  2.605454E+002  2.137933E+001  0.000000E+000  0.000000E+000  2.605454E+002  2.137933E+001  2.614211E+002  7.005979E-003
  8.760000E-002  0.000000E+000  0.000000E+000  0.000000E+000  0.000000E+000  0.000000E+000  0.000000E+000  0.000000E+000  0.000000E+000
