 FILE: 7segsprint.11

 *** Replace this line with a message to appear on all output files.                                    


        T             RX1            RY1            RX2            RY2            RX             RY             GRF            COP
       (S)            (N)            (N)            (N)            (N)            (N)            (N)            (N)            (M)

  0.000000E+000  0.000000E+000  0.000000E+000  0.000000E+000  0.000000E+000  0.000000E+000  0.000000E+000  0.000000E+000  0.000000E+000
  1.000000E-003  0.000000E+000  0.000000E+000 -5.779927E+003  2.507565E+003 -5.779927E+003  2.507565E+003  6.300431E+003  7.492608E-004
  2.000000E-003  0.000000E+000  0.000000E+000 -5.180881E+003  5.285004E+003 -5.180881E+003  5.285004E+003  7.400864E+003  1.589128E-003
  3.000000E-003  1.029521E+003  1.538597E+002 -2.585816E+003  4.850785E+003 -1.556295E+003  5.004645E+003  5.241042E+003  4.130063E-003
  4.000000E-003  1.914273E+003  4.115598E+002 -2.508217E+003  3.683406E+003 -5.939438E+002  4.094966E+003  4.137815E+003  9.835163E-003
  5.000000E-003  1.679718E+003  3.276914E+002 -2.349921E+003  2.987802E+003 -6.702029E+002  3.315494E+003  3.382554E+003  9.544649E-003
  6.000000E-003  1.620073E+003  2.600359E+002 -2.219758E+003  2.641946E+003 -5.996849E+002  2.901982E+003  2.963296E+003  8.785605E-003
  7.000000E-003  1.651564E+003  2.316963E+002 -2.216529E+003  2.534402E+003 -5.649657E+002  2.766099E+003  2.823205E+003  8.341774E-003
  8.000000E-003  1.705133E+003  2.230757E+002 -2.275319E+003  2.546119E+003 -5.701862E+002  2.769194E+003  2.827286E+003  8.111199E-003
  9.000000E-003  1.761752E+003  2.241489E+002 -2.341325E+003  2.603324E+003 -5.795729E+002  2.827472E+003  2.886261E+003  8.035330E-003
  1.000000E-002  1.813541E+003  2.306776E+002 -2.392161E+003  2.670392E+003 -5.786200E+002  2.901070E+003  2.958210E+003  8.079825E-003
  1.100000E-002  1.856943E+003  2.403056E+002 -2.424775E+003  2.732168E+003 -5.678321E+002  2.972474E+003  3.026224E+003  8.207264E-003
  1.200000E-002  1.891402E+003  2.512986E+002 -2.443106E+003  2.783603E+003 -5.517048E+002  3.034902E+003  3.084640E+003  8.379686E-003
  1.300000E-002  1.918354E+003  2.624608E+002 -2.451701E+003  2.824449E+003 -5.333475E+002  3.086910E+003  3.132646E+003  8.568424E-003
  1.400000E-002  1.940043E+003  2.731740E+002 -2.453758E+003  2.856393E+003 -5.137153E+002  3.129567E+003  3.171450E+003  8.757730E-003
  1.500000E-002  1.958539E+003  2.832620E+002 -2.451137E+003  2.881497E+003 -4.925983E+002  3.164759E+003  3.202867E+003  8.941915E-003
  1.600000E-002  1.975272E+003  2.927792E+002 -2.444818E+003  2.901480E+003 -4.695460E+002  3.194259E+003  3.228585E+003  9.120646E-003
  1.700000E-002  1.991008E+003  3.018479E+002 -2.435282E+003  2.917514E+003 -4.442736E+002  3.219362E+003  3.249873E+003  9.295441E-003
  1.800000E-002  2.006035E+003  3.105777E+002 -2.422752E+003  2.930304E+003 -4.167169E+002  3.240881E+003  3.267562E+003  9.467934E-003
  1.900000E-002  2.020373E+003  3.190431E+002 -2.407341E+003  2.940226E+003 -3.869681E+002  3.259269E+003  3.282161E+003  9.639324E-003
  2.000000E-002  2.033925E+003  3.272868E+002 -2.389121E+003  2.947477E+003 -3.551962E+002  3.274763E+003  3.293970E+003  9.810359E-003
  2.100000E-002  2.046568E+003  3.353309E+002 -2.368163E+003  2.952155E+003 -3.215949E+002  3.287486E+003  3.303178E+003  9.981482E-003
  2.200000E-002  2.058188E+003  3.431857E+002 -2.344545E+003  2.954321E+003 -2.863574E+002  3.297507E+003  3.309917E+003  1.015297E-002
  2.300000E-002  2.068692E+003  3.508563E+002 -2.318357E+003  2.954014E+003 -2.496645E+002  3.304871E+003  3.314288E+003  1.032504E-002
  2.400000E-002  2.078014E+003  3.583449E+002 -2.289695E+003  2.951268E+003 -2.116811E+002  3.309613E+003  3.316376E+003  1.049786E-002
  2.500000E-002  2.086104E+003  3.656530E+002 -2.258662E+003  2.946106E+003 -1.725580E+002  3.311759E+003  3.316252E+003  1.067165E-002
  2.600000E-002  2.092924E+003  3.727811E+002 -2.225362E+003  2.938545E+003 -1.324381E+002  3.311326E+003  3.313974E+003  1.084662E-002
  2.700000E-002  2.098440E+003  3.797291E+002 -2.189899E+003  2.928592E+003 -9.145838E+001  3.308321E+003  3.309585E+003  1.102301E-002
  2.800000E-002  2.102626E+003  3.864961E+002 -2.152377E+003  2.916241E+003 -4.975086E+001  3.302737E+003  3.303112E+003  1.120110E-002
  2.900000E-002  2.105446E+003  3.930803E+002 -2.112895E+003  2.901475E+003 -7.448820E+000  3.294555E+003  3.294563E+003  1.138121E-002
  3.000000E-002  2.106862E+003  3.994789E+002 -2.071552E+003  2.884262E+003  3.531028E+001  3.283741E+003  3.283931E+003  1.156369E-002
  3.100000E-002  2.106832E+003  4.056877E+002 -2.028440E+003  2.864557E+003  7.839250E+001  3.270245E+003  3.271184E+003  1.174897E-002
  3.200000E-002  2.105303E+003  4.117018E+002 -1.983647E+003  2.842299E+003  1.216559E+002  3.254001E+003  3.256274E+003  1.193752E-002
  3.300000E-002  2.102215E+003  4.175146E+002 -1.937261E+003  2.817412E+003  1.649546E+002  3.234927E+003  3.239130E+003  1.212992E-002
  3.400000E-002  2.097501E+003  4.231187E+002 -1.889363E+003  2.789810E+003  2.081375E+002  3.212929E+003  3.219664E+003  1.232678E-002
  3.500000E-002  2.091085E+003  4.285056E+002 -1.840038E+003  2.759394E+003  2.510472E+002  3.187900E+003  3.197769E+003  1.252887E-002
  3.600000E-002  2.082889E+003  4.336660E+002 -1.789368E+003  2.726057E+003  2.935205E+002  3.159723E+003  3.173327E+003  1.273701E-002
  3.700000E-002  2.072831E+003  4.385899E+002 -1.737442E+003  2.689687E+003  3.353882E+002  3.128277E+003  3.146204E+003  1.295218E-002
  3.800000E-002  2.060827E+003  4.432668E+002 -1.684353E+003  2.650169E+003  3.764737E+002  3.093436E+003  3.116260E+003  1.317547E-002
  3.900000E-002  2.046794E+003  4.476862E+002 -1.630201E+003  2.607391E+003  4.165936E+002  3.055078E+003  3.083350E+003  1.340812E-002
  4.000000E-002  2.030653E+003  4.518378E+002 -1.575096E+003  2.561245E+003  4.555570E+002  3.013083E+003  3.047326E+003  1.365153E-002
  4.100000E-002  2.012324E+003  4.557115E+002 -1.519158E+003  2.511628E+003  4.931659E+002  2.967340E+003  3.008042E+003  1.390732E-002
  4.200000E-002  1.991735E+003  4.592981E+002 -1.462518E+003  2.458449E+003  5.292164E+002  2.917747E+003  2.965352E+003  1.417731E-002
  4.300000E-002  1.968817E+003  4.625894E+002 -1.405316E+003  2.401621E+003  5.635013E+002  2.864211E+003  2.919116E+003  1.446361E-002
  4.400000E-002  1.943508E+003  4.655784E+002 -1.347697E+003  2.341071E+003  5.958107E+002  2.806649E+003  2.869193E+003  1.476867E-002
  4.500000E-002  1.915748E+003  4.682591E+002 -1.289816E+003  2.276729E+003  6.259320E+002  2.744988E+003  2.815449E+003  1.509530E-002
  4.600000E-002  1.885480E+003  4.706264E+002 -1.231831E+003  2.208540E+003  6.536485E+002  2.679166E+003  2.757750E+003  1.544682E-002
  4.700000E-002  1.852643E+003  4.726766E+002 -1.173904E+003  2.136453E+003  6.787393E+002  2.609130E+003  2.695968E+003  1.582711E-002
  4.800000E-002  1.817174E+003  4.744070E+002 -1.116193E+003  2.060429E+003  7.009808E+002  2.534836E+003  2.629975E+003  1.624077E-002
  4.900000E-002  1.778998E+003  4.758159E+002 -1.058852E+003  1.980436E+003  7.201458E+002  2.456252E+003  2.559645E+003  1.669329E-002
  5.000000E-002  1.738030E+003  4.769026E+002 -1.002025E+003  1.896449E+003  7.360046E+002  2.373351E+003  2.484854E+003  1.719127E-002
  5.100000E-002  1.694446E+003  4.776673E+002 -9.458652E+002  1.808502E+003  7.485804E+002  2.286169E+003  2.405606E+003  1.774181E-002
  5.200000E-002  1.649219E+003  4.781264E+002 -8.907390E+002  1.717100E+003  7.584799E+002  2.195226E+003  2.322565E+003  1.834913E-002
  5.300000E-002  1.602381E+003  4.783207E+002 -8.369443E+002  1.622712E+003  7.654368E+002  2.101032E+003  2.236120E+003  1.902112E-002
  5.400000E-002  1.553876E+003  4.782814E+002 -7.846116E+002  1.525585E+003  7.692642E+002  2.003866E+003  2.146450E+003  1.976854E-002
  5.500000E-002  1.503605E+003  4.780301E+002 -7.337716E+002  1.425887E+003  7.698331E+002  1.903917E+003  2.053666E+003  2.060463E-002
  5.600000E-002  1.451410E+003  4.775838E+002 -6.843711E+002  1.323762E+003  7.670393E+002  1.801346E+003  1.957855E+003  2.154577E-002
  5.700000E-002  1.397064E+003  4.769582E+002 -6.362727E+002  1.219362E+003  7.607909E+002  1.696320E+003  1.859114E+003  2.261229E-002
  5.800000E-002  1.340249E+003  4.761698E+002 -5.892472E+002  1.112868E+003  7.510021E+002  1.589038E+003  1.757568E+003  2.382963E-002
  5.900000E-002  1.280555E+003  4.752377E+002 -5.429641E+002  1.004513E+003  7.375914E+002  1.479750E+003  1.653391E+003  2.522988E-002
  6.000000E-002  1.217462E+003  4.741852E+002 -4.969813E+002  8.946032E+002  7.204809E+002  1.368788E+003  1.546827E+003  2.685386E-002
  6.100000E-002  1.150339E+003  4.730418E+002 -4.507392E+002  7.835599E+002  6.995996E+002  1.256602E+003  1.438224E+003  2.875376E-002
  6.200000E-002  1.078452E+003  4.718454E+002 -4.035620E+002  6.719652E+002  6.748902E+002  1.143811E+003  1.328074E+003  3.099637E-002
  6.300000E-002  1.000989E+003  4.706429E+002 -3.546804E+002  5.606379E+002  6.463090E+002  1.031281E+003  1.217068E+003  3.366678E-002
  6.400000E-002  9.171501E+002  4.694903E+002 -3.032946E+002  4.507439E+002  6.138555E+002  9.202342E+002  1.106187E+003  3.687096E-002
  6.500000E-002  8.262933E+002  4.684465E+002 -2.487234E+002  3.439653E+002  5.775699E+002  8.124118E+002  9.967948E+002  4.073469E-002
  6.600000E-002  7.282924E+002  4.675569E+002 -1.907263E+002  2.427582E+002  5.375660E+002  7.103152E+002  8.908001E+002  4.538907E-002
  6.700000E-002  6.242153E+002  4.668088E+002 -1.301853E+002  1.507588E+002  4.940300E+002  6.175675E+002  7.908573E+002  5.092229E-002
  6.800000E-002  5.177021E+002  4.660289E+002 -7.052635E+001  7.343060E+001  4.471757E+002  5.394595E+002  7.007015E+002  5.724785E-002
  6.900000E-002  4.176510E+002  4.646512E+002 -2.053463E+001  1.899924E+001  3.971164E+002  4.836504E+002  6.257948E+002  6.379226E-002
  7.000000E-002  3.432476E+002  4.611921E+002  5.550596E-002 -4.516233E-002  3.433031E+002  4.611469E+002  5.749030E+002  6.887027E-002
  7.100000E-002  2.928386E+002  4.536008E+002  0.000000E+000  0.000000E+000  2.928386E+002  4.536008E+002  5.399149E+002  7.212570E-002
  7.200000E-002  2.516977E+002  4.418912E+002  0.000000E+000  0.000000E+000  2.516977E+002  4.418912E+002  5.085465E+002  7.459724E-002
  7.300000E-002  2.201411E+002  4.261470E+002  0.000000E+000  0.000000E+000  2.201411E+002  4.261470E+002  4.796492E+002  7.627297E-002
  7.400000E-002  1.980360E+002  4.064509E+002  0.000000E+000  0.000000E+000  1.980360E+002  4.064509E+002  4.521289E+002  7.717520E-002
  7.500000E-002  1.848467E+002  3.829531E+002  0.000000E+000  0.000000E+000  1.848467E+002  3.829531E+002  4.252309E+002  7.731252E-002
  7.600000E-002  1.796822E+002  3.558725E+002  0.000000E+000  0.000000E+000  1.796822E+002  3.558725E+002  3.986614E+002  7.663312E-002
  7.700000E-002  1.813940E+002  3.254955E+002  0.000000E+000  0.000000E+000  1.813940E+002  3.254955E+002  3.726273E+002  7.498830E-002
  7.800000E-002  1.886390E+002  2.921766E+002  0.000000E+000  0.000000E+000  1.886390E+002  2.921766E+002  3.477813E+002  7.212054E-002
  7.900000E-002  1.999825E+002  2.563400E+002  0.000000E+000  0.000000E+000  1.999825E+002  2.563400E+002  3.251202E+002  6.768432E-002
  8.000000E-002  2.139797E+002  2.184788E+002  0.000000E+000  0.000000E+000  2.139797E+002  2.184788E+002  3.058109E+002  6.132920E-002
  8.100000E-002  2.292418E+002  1.791542E+002  0.000000E+000  0.000000E+000  2.292418E+002  1.791542E+002  2.909433E+002  5.285953E-002
  8.200000E-002  2.444771E+002  1.389928E+002  0.000000E+000  0.000000E+000  2.444771E+002  1.389928E+002  2.812260E+002  4.242616E-002
  8.300000E-002  2.584751E+002  9.868734E+001  0.000000E+000  0.000000E+000  2.584751E+002  9.868734E+001  2.766741E+002  3.061813E-002
  8.400000E-002  2.698231E+002  5.900374E+001  0.000000E+000  0.000000E+000  2.698231E+002  5.900374E+001  2.761991E+002  1.833687E-002
  8.500000E-002  2.717056E+002  2.082005E+001  0.000000E+000  0.000000E+000  2.717056E+002  2.082005E+001  2.725021E+002  6.557551E-003
  8.560000E-002  0.000000E+000  0.000000E+000  0.000000E+000  0.000000E+000  0.000000E+000  0.000000E+000  0.000000E+000  0.000000E+000
