 276   2  14
    PositionX     PositionY     VelocityX     VelocityY AccelerationX AccelerationY
 -3.15439E-02  -2.58685E-01   2.92842E+00   5.26793E-01   4.90136E+00   1.52363E+01
 -2.86132E-02  -2.58150E-01   2.93310E+00   5.42053E-01   4.46680E+00   1.52833E+01
 -2.56777E-02  -2.57601E-01   2.93735E+00   5.57360E-01   3.81739E+00   1.53443E+01
 -2.27385E-02  -2.57036E-01   2.94073E+00   5.72742E-01   2.96552E+00   1.54028E+01
 -1.97963E-02  -2.56455E-01   2.94328E+00   5.88166E-01   2.15737E+00   1.54339E+01
 -1.68519E-02  -2.55859E-01   2.94505E+00   6.03609E-01   1.43120E+00   1.54500E+01
 -1.39062E-02  -2.55248E-01   2.94614E+00   6.19066E-01   8.13004E-01   1.54643E+01
 -1.09596E-02  -2.54621E-01   2.94667E+00   6.34538E-01   2.99976E-01   1.54846E+01
 -8.01282E-03  -2.53979E-01   2.94674E+00   6.50035E-01  -1.37517E-01   1.55088E+01
 -5.06615E-03  -2.53321E-01   2.94640E+00   6.65556E-01  -5.37004E-01   1.55276E+01
 -2.12002E-03  -2.52648E-01   2.94567E+00   6.81090E-01  -9.21545E-01   1.55298E+01
  8.25184E-04  -2.51959E-01   2.94456E+00   6.96615E-01  -1.29287E+00   1.55066E+01
  3.76909E-03  -2.51254E-01   2.94308E+00   7.12103E-01  -1.63962E+00   1.54571E+01
  6.71135E-03  -2.50535E-01   2.94128E+00   7.27529E-01  -1.94933E+00   1.53891E+01
  9.65165E-03  -2.49799E-01   2.93918E+00   7.42881E-01  -2.21896E+00   1.53139E+01
  1.25897E-02  -2.49049E-01   2.93684E+00   7.58157E-01  -2.44977E+00   1.52394E+01
  1.55253E-02  -2.48283E-01   2.93428E+00   7.73360E-01  -2.62977E+00   1.51738E+01
  1.84583E-02  -2.47502E-01   2.93158E+00   7.88505E-01  -2.73509E+00   1.51311E+01
  2.13885E-02  -2.46706E-01   2.92881E+00   8.03622E-01  -2.74875E+00   1.51310E+01
  2.43159E-02  -2.45895E-01   2.92608E+00   8.18767E-01  -2.66669E+00   1.51907E+01
  2.72407E-02  -2.45069E-01   2.92348E+00   8.34004E-01  -2.49199E+00   1.53195E+01
  3.01629E-02  -2.44227E-01   2.92110E+00   8.49406E-01  -2.23835E+00   1.55164E+01
  3.30828E-02  -2.43370E-01   2.91900E+00   8.65037E-01  -1.94255E+00   1.57703E+01
  3.60009E-02  -2.42497E-01   2.91721E+00   8.80946E-01  -1.65871E+00   1.60617E+01
  3.89173E-02  -2.41608E-01   2.91569E+00   8.97160E-01  -1.42848E+00   1.63737E+01
  4.18323E-02  -2.40703E-01   2.91436E+00   9.13694E-01  -1.26811E+00   1.66995E+01
  4.47460E-02  -2.39780E-01   2.91315E+00   9.30559E-01  -1.18663E+00   1.70349E+01
  4.76586E-02  -2.38841E-01   2.91198E+00   9.47763E-01  -1.19699E+00   1.73701E+01
  5.05700E-02  -2.37885E-01   2.91076E+00   9.65299E-01  -1.31178E+00   1.76914E+01
  5.34801E-02  -2.36911E-01   2.90936E+00   9.83146E-01  -1.54587E+00   1.79818E+01
  5.63887E-02  -2.35919E-01   2.90766E+00   1.00126E+00  -1.91828E+00   1.82215E+01
  5.92954E-02  -2.34908E-01   2.90552E+00   1.01959E+00  -2.44014E+00   1.83922E+01
  6.21997E-02  -2.33879E-01   2.90278E+00   1.03805E+00  -3.10804E+00   1.84817E+01
  6.51010E-02  -2.32832E-01   2.89931E+00   1.05655E+00  -3.91532E+00   1.84789E+01
  6.79983E-02  -2.31766E-01   2.89495E+00   1.07501E+00  -4.85836E+00   1.83726E+01
  7.08909E-02  -2.30682E-01   2.88959E+00   1.09330E+00  -5.92528E+00   1.81583E+01
  7.37775E-02  -2.29580E-01   2.88310E+00   1.11132E+00  -7.09031E+00   1.78406E+01
  7.66571E-02  -2.28460E-01   2.87541E+00   1.12898E+00  -8.32616E+00   1.74263E+01
  7.95283E-02  -2.27322E-01   2.86645E+00   1.14617E+00  -9.61686E+00   1.69177E+01
  8.23900E-02  -2.26167E-01   2.85618E+00   1.16281E+00  -1.09627E+01   1.63098E+01
  8.52407E-02  -2.24996E-01   2.84453E+00   1.17879E+00  -1.23828E+01   1.55850E+01
  8.80790E-02  -2.23810E-01   2.83141E+00   1.19398E+00  -1.39060E+01   1.47142E+01
  9.09035E-02  -2.22608E-01   2.81671E+00   1.20822E+00  -1.55474E+01   1.36701E+01
  9.37125E-02  -2.21393E-01   2.80032E+00   1.22132E+00  -1.72929E+01   1.24440E+01
  9.65041E-02  -2.20166E-01   2.78213E+00   1.23311E+00  -1.91064E+01   1.10488E+01
  9.92767E-02  -2.18927E-01   2.76210E+00   1.24342E+00  -2.09480E+01   9.50425E+00
  1.02028E-01  -2.17679E-01   2.74023E+00   1.25212E+00  -2.27900E+01   7.81915E+00
  1.04757E-01  -2.16423E-01   2.71652E+00   1.25906E+00  -2.46177E+01   5.99314E+00
  1.07461E-01  -2.15161E-01   2.69100E+00   1.26411E+00  -2.64149E+01   4.03311E+00
  1.10139E-01  -2.13894E-01   2.66369E+00   1.26713E+00  -2.81592E+01   1.95886E+00
  1.12789E-01  -2.12626E-01   2.63468E+00   1.26802E+00  -2.98288E+01  -2.06452E-01
  1.15409E-01  -2.11358E-01   2.60404E+00   1.26671E+00  -3.14032E+01  -2.44126E+00
  1.17997E-01  -2.10093E-01   2.57187E+00   1.26314E+00  -3.28609E+01  -4.72465E+00
  1.20552E-01  -2.08832E-01   2.53831E+00   1.25726E+00  -3.41838E+01  -7.03757E+00
  1.23073E-01  -2.07578E-01   2.50350E+00   1.24907E+00  -3.53585E+01  -9.36165E+00
  1.25559E-01  -2.06334E-01   2.46760E+00   1.23854E+00  -3.63714E+01  -1.16746E+01
  1.28009E-01  -2.05101E-01   2.43076E+00   1.22572E+00  -3.72085E+01  -1.39468E+01
  1.30421E-01  -2.03883E-01   2.39318E+00   1.21065E+00  -3.78578E+01  -1.61426E+01
  1.32795E-01  -2.02680E-01   2.35505E+00   1.19343E+00  -3.83103E+01  -1.82269E+01
  1.35131E-01  -2.01496E-01   2.31656E+00   1.17419E+00  -3.85657E+01  -2.01778E+01
  1.37428E-01  -2.00332E-01   2.27791E+00   1.15308E+00  -3.86373E+01  -2.19915E+01
  1.39687E-01  -1.99190E-01   2.23928E+00   1.13021E+00  -3.85457E+01  -2.36718E+01
  1.41907E-01  -1.98071E-01   2.20082E+00   1.10573E+00  -3.83089E+01  -2.52191E+01
  1.44088E-01  -1.96978E-01   2.16267E+00   1.07977E+00  -3.79398E+01  -2.66295E+01
  1.46232E-01  -1.95912E-01   2.12494E+00   1.05247E+00  -3.74491E+01  -2.78947E+01
  1.48338E-01  -1.94873E-01   2.08777E+00   1.02398E+00  -3.68450E+01  -2.90003E+01
  1.50408E-01  -1.93864E-01   2.05125E+00   9.94472E-01  -3.61366E+01  -2.99333E+01
  1.52441E-01  -1.92884E-01   2.01550E+00   9.64117E-01  -3.53375E+01  -3.06899E+01
  1.54439E-01  -1.91935E-01   1.98058E+00   9.33092E-01  -3.44630E+01  -3.12758E+01
  1.56402E-01  -1.91018E-01   1.94657E+00   9.01565E-01  -3.35294E+01  -3.17022E+01
  1.58332E-01  -1.90132E-01   1.91352E+00   8.69688E-01  -3.25539E+01  -3.19826E+01
  1.60229E-01  -1.89279E-01   1.88146E+00   8.37600E-01  -3.15497E+01  -3.21237E+01
  1.62095E-01  -1.88457E-01   1.85042E+00   8.05440E-01  -3.05232E+01  -3.21227E+01
  1.63930E-01  -1.87668E-01   1.82042E+00   7.73354E-01  -2.94811E+01  -3.19774E+01
  1.65735E-01  -1.86910E-01   1.79146E+00   7.41485E-01  -2.84376E+01  -3.16988E+01
  1.67513E-01  -1.86185E-01   1.76354E+00   7.09957E-01  -2.74094E+01  -3.13084E+01
  1.69263E-01  -1.85491E-01   1.73664E+00   6.78868E-01  -2.64091E+01  -3.08321E+01
  1.70986E-01  -1.84827E-01   1.71072E+00   6.48293E-01  -2.54454E+01  -3.02952E+01
  1.72684E-01  -1.84194E-01   1.68575E+00   6.18278E-01  -2.45222E+01  -2.97160E+01
  1.74357E-01  -1.83591E-01   1.66168E+00   5.88861E-01  -2.36378E+01  -2.91038E+01
  1.76007E-01  -1.83016E-01   1.63847E+00   5.60070E-01  -2.27887E+01  -2.84627E+01
  1.77634E-01  -1.82470E-01   1.61610E+00   5.31935E-01  -2.19745E+01  -2.77978E+01
  1.79240E-01  -1.81952E-01   1.59452E+00   5.04475E-01  -2.11999E+01  -2.71201E+01
  1.80823E-01  -1.81461E-01   1.57370E+00   4.77695E-01  -2.04712E+01  -2.64441E+01
  1.82387E-01  -1.80997E-01   1.55358E+00   4.51587E-01  -1.97879E+01  -2.57762E+01
  1.83931E-01  -1.80558E-01   1.53412E+00   4.26143E-01  -1.91366E+01  -2.51053E+01
  1.85455E-01  -1.80145E-01   1.51531E+00   4.01376E-01  -1.84963E+01  -2.44088E+01
  1.86961E-01  -1.79756E-01   1.49713E+00   3.77325E-01  -1.78524E+01  -2.36699E+01
  1.88449E-01  -1.79390E-01   1.47960E+00   3.54036E-01  -1.72039E+01  -2.28884E+01
  1.89920E-01  -1.79047E-01   1.46272E+00   3.31548E-01  -1.65578E+01  -2.20748E+01
  1.91375E-01  -1.78727E-01   1.44649E+00   3.09887E-01  -1.59219E+01  -2.12358E+01
  1.92813E-01  -1.78428E-01   1.43088E+00   2.89077E-01  -1.53031E+01  -2.03720E+01
  1.94237E-01  -1.78149E-01   1.41588E+00   2.69143E-01  -1.47071E+01  -1.94911E+01
  1.95645E-01  -1.77889E-01   1.40147E+00   2.50094E-01  -1.41395E+01  -1.86180E+01
  1.97040E-01  -1.77649E-01   1.38760E+00   2.31907E-01  -1.36092E+01  -1.77880E+01
  1.98420E-01  -1.77426E-01   1.37425E+00   2.14518E-01  -1.31249E+01  -1.70276E+01
  1.99788E-01  -1.77220E-01   1.36135E+00   1.97851E-01  -1.26889E+01  -1.63452E+01
  2.01143E-01  -1.77030E-01   1.34887E+00   1.81828E-01  -1.22990E+01  -1.57436E+01
  2.02486E-01  -1.76856E-01   1.33675E+00   1.66364E-01  -1.19579E+01  -1.52368E+01
  2.03817E-01  -1.76697E-01   1.32495E+00   1.51354E-01  -1.16783E+01  -1.48554E+01
  2.05136E-01  -1.76553E-01   1.31340E+00   1.36653E-01  -1.14739E+01  -1.46322E+01
  2.06443E-01  -1.76424E-01   1.30201E+00   1.22090E-01  -1.13453E+01  -1.45803E+01
  2.07740E-01  -1.76309E-01   1.29071E+00   1.07493E-01  -1.12780E+01  -1.46895E+01
  2.09025E-01  -1.76209E-01   1.27945E+00   9.27108E-02  -1.12569E+01  -1.49457E+01
  2.10299E-01  -1.76124E-01   1.26819E+00   7.76015E-02  -1.12799E+01  -1.53521E+01
  2.11561E-01  -1.76054E-01   1.25689E+00   6.20066E-02  -1.13558E+01  -1.59302E+01
  2.12812E-01  -1.76000E-01   1.24548E+00   4.57411E-02  -1.14903E+01  -1.66960E+01
  2.14052E-01  -1.75962E-01   1.23391E+00   2.86146E-02  -1.16760E+01  -1.76361E+01
  2.15280E-01  -1.75942E-01   1.22213E+00   1.04689E-02  -1.18955E+01  -1.87123E+01
  2.16496E-01  -1.75941E-01   1.21012E+00  -8.81007E-03  -1.21335E+01  -1.98924E+01
  2.17700E-01  -1.75960E-01   1.19786E+00  -2.93160E-02  -1.23843E+01  -2.11698E+01
  2.18892E-01  -1.76000E-01   1.18535E+00  -5.11497E-02  -1.26530E+01  -2.25549E+01
  2.20071E-01  -1.76062E-01   1.17256E+00  -7.44258E-02  -1.29488E+01  -2.40562E+01
  2.21237E-01  -1.76149E-01   1.15945E+00  -9.92620E-02  -1.32771E+01  -2.56695E+01
  2.22390E-01  -1.76261E-01   1.14600E+00  -1.25765E-01  -1.36353E+01  -2.73782E+01
  2.23529E-01  -1.76400E-01   1.13218E+00  -1.54018E-01  -1.40184E+01  -2.91598E+01
  2.24654E-01  -1.76569E-01   1.11797E+00  -1.84084E-01  -1.44280E+01  -3.09973E+01
  2.25765E-01  -1.76768E-01   1.10333E+00  -2.16013E-01  -1.48717E+01  -3.28819E+01
  2.26861E-01  -1.77001E-01   1.08822E+00  -2.49848E-01  -1.53533E+01  -3.48007E+01
  2.27942E-01  -1.77268E-01   1.07262E+00  -2.85614E-01  -1.58646E+01  -3.67212E+01
  2.29006E-01  -1.77572E-01   1.05649E+00  -3.23290E-01  -1.63896E+01  -3.85963E+01
  2.30055E-01  -1.77915E-01   1.03984E+00  -3.62807E-01  -1.69164E+01  -4.03902E+01
  2.31086E-01  -1.78298E-01   1.02266E+00  -4.04071E-01  -1.74451E+01  -4.20889E+01
  2.32100E-01  -1.78723E-01   1.00495E+00  -4.46985E-01  -1.79842E+01  -4.36869E+01
  2.33096E-01  -1.79192E-01   9.86692E-01  -4.91445E-01  -1.85425E+01  -4.51710E+01
  2.34073E-01  -1.79706E-01   9.67865E-01  -5.37327E-01  -1.91233E+01  -4.65187E+01
  2.35032E-01  -1.80266E-01   9.48446E-01  -5.84482E-01  -1.97241E+01  -4.77022E+01
  2.35970E-01  -1.80875E-01   9.28417E-01  -6.32731E-01  -2.03417E+01  -4.86945E+01
  2.36888E-01  -1.81532E-01   9.07762E-01  -6.81871E-01  -2.09794E+01  -4.94792E+01
  2.37786E-01  -1.82238E-01   8.86458E-01  -7.31690E-01  -2.16475E+01  -5.00605E+01
  2.38661E-01  -1.82995E-01   8.64467E-01  -7.81992E-01  -2.23564E+01  -5.04542E+01
  2.39515E-01  -1.83802E-01   8.41745E-01  -8.32598E-01  -2.31083E+01  -5.06621E+01
  2.40345E-01  -1.84660E-01   8.18251E-01  -8.83316E-01  -2.39010E+01  -5.06658E+01
  2.41151E-01  -1.85569E-01   7.93943E-01  -9.33930E-01  -2.47365E+01  -5.04524E+01
  2.41933E-01  -1.86528E-01   7.68777E-01  -9.84221E-01  -2.56252E+01  -5.00338E+01
  2.42689E-01  -1.87537E-01   7.42693E-01  -1.03400E+00  -2.65742E+01  -4.94291E+01
  2.43418E-01  -1.88596E-01   7.15629E-01  -1.08308E+00  -2.75744E+01  -4.86360E+01
  2.44120E-01  -1.89704E-01   6.87544E-01  -1.13127E+00  -2.86036E+01  -4.76326E+01
  2.44793E-01  -1.90859E-01   6.58422E-01  -1.17834E+00  -2.96448E+01  -4.64102E+01
  2.45437E-01  -1.92060E-01   6.28255E-01  -1.22409E+00  -3.06987E+01  -4.49918E+01
  2.46050E-01  -1.93307E-01   5.97025E-01  -1.26833E+00  -3.17762E+01  -4.34200E+01
  2.46631E-01  -1.94597E-01   5.64702E-01  -1.31093E+00  -3.28843E+01  -4.17303E+01
  2.47179E-01  -1.95929E-01   5.31256E-01  -1.35179E+00  -3.40153E+01  -3.99332E+01
  2.47693E-01  -1.97301E-01   4.96671E-01  -1.39080E+00  -3.51497E+01  -3.80187E+01
  2.48173E-01  -1.98710E-01   4.60957E-01  -1.42783E+00  -3.62660E+01  -3.59780E+01
  2.48615E-01  -2.00156E-01   4.24139E-01  -1.46275E+00  -3.73500E+01  -3.38233E+01
  2.49021E-01  -2.01636E-01   3.86257E-01  -1.49547E+00  -3.83967E+01  -3.15865E+01
  2.49388E-01  -2.03147E-01   3.47346E-01  -1.52593E+00  -3.94048E+01  -2.93068E+01
  2.49715E-01  -2.04688E-01   3.07447E-01  -1.55409E+00  -4.03692E+01  -2.70174E+01
  2.50003E-01  -2.06255E-01   2.66608E-01  -1.57996E+00  -4.12770E+01  -2.47355E+01
  2.50249E-01  -2.07848E-01   2.24893E-01  -1.60356E+00  -4.21091E+01  -2.24591E+01
  2.50453E-01  -2.09462E-01   1.82389E-01  -1.62488E+00  -4.28473E+01  -2.01769E+01
  2.50613E-01  -2.11097E-01   1.39198E-01  -1.64391E+00  -4.34815E+01  -1.78850E+01
  2.50731E-01  -2.12750E-01   9.54265E-02  -1.66065E+00  -4.40073E+01  -1.55898E+01
  2.50804E-01  -2.14419E-01   5.11838E-02  -1.67509E+00  -4.44196E+01  -1.32990E+01
  2.50833E-01  -2.16100E-01   6.58728E-03  -1.68725E+00  -4.47108E+01  -1.10180E+01
  2.50818E-01  -2.17793E-01  -3.82378E-02  -1.69713E+00  -4.48747E+01  -8.75498E+00
  2.50757E-01  -2.19495E-01  -8.31621E-02  -1.70476E+00  -4.49092E+01  -6.52245E+00
  2.50651E-01  -2.21203E-01  -1.28056E-01  -1.71017E+00  -4.48162E+01  -4.33199E+00
  2.50501E-01  -2.22915E-01  -1.72795E-01  -1.71342E+00  -4.46017E+01  -2.19225E+00
  2.50306E-01  -2.24630E-01  -2.17260E-01  -1.71456E+00  -4.42746E+01  -1.10948E-01
  2.50066E-01  -2.26344E-01  -2.61344E-01  -1.71364E+00  -4.38411E+01   1.90492E+00
  2.49783E-01  -2.28057E-01  -3.04942E-01  -1.71075E+00  -4.33023E+01   3.84991E+00
  2.49456E-01  -2.29766E-01  -3.47948E-01  -1.70594E+00  -4.26575E+01   5.72011E+00
  2.49087E-01  -2.31469E-01  -3.90257E-01  -1.69931E+00  -4.19094E+01   7.51318E+00
  2.48676E-01  -2.33164E-01  -4.31767E-01  -1.69092E+00  -4.10618E+01   9.22941E+00
  2.48223E-01  -2.34851E-01  -4.72381E-01  -1.68085E+00  -4.01172E+01   1.08713E+01
  2.47731E-01  -2.36526E-01  -5.12001E-01  -1.66917E+00  -3.90805E+01   1.24374E+01
  2.47199E-01  -2.38189E-01  -5.50542E-01  -1.65597E+00  -3.79641E+01   1.39163E+01
  2.46630E-01  -2.39838E-01  -5.87930E-01  -1.64134E+00  -3.67857E+01   1.52901E+01
  2.46024E-01  -2.41472E-01  -6.24113E-01  -1.62539E+00  -3.55618E+01   1.65459E+01
  2.45382E-01  -2.43089E-01  -6.59053E-01  -1.60825E+00  -3.43075E+01   1.76772E+01
  2.44706E-01  -2.44688E-01  -6.92728E-01  -1.59004E+00  -3.30394E+01   1.86788E+01
  2.43996E-01  -2.46269E-01  -7.25132E-01  -1.57089E+00  -3.17755E+01   1.95440E+01
  2.43255E-01  -2.47830E-01  -7.56279E-01  -1.55095E+00  -3.05316E+01   2.02679E+01
  2.42484E-01  -2.49371E-01  -7.86195E-01  -1.53036E+00  -2.93186E+01   2.08515E+01
  2.41683E-01  -2.50891E-01  -8.14916E-01  -1.50925E+00  -2.81444E+01   2.13001E+01
  2.40854E-01  -2.52389E-01  -8.42484E-01  -1.48776E+00  -2.70183E+01   2.16151E+01
  2.39998E-01  -2.53866E-01  -8.68953E-01  -1.46602E+00  -2.59540E+01   2.17900E+01
  2.39116E-01  -2.55321E-01  -8.94392E-01  -1.44418E+00  -2.49629E+01   2.18198E+01
  2.38209E-01  -2.56754E-01  -9.18879E-01  -1.42238E+00  -2.40480E+01   2.17133E+01
  2.37278E-01  -2.58166E-01  -9.42488E-01  -1.40075E+00  -2.32073E+01   2.14850E+01
  2.36324E-01  -2.59556E-01  -9.65293E-01  -1.37941E+00  -2.24440E+01   2.11423E+01
  2.35348E-01  -2.60925E-01  -9.87376E-01  -1.35846E+00  -2.17681E+01   2.06851E+01
  2.34349E-01  -2.62273E-01  -1.00883E+00  -1.33804E+00  -2.11908E+01   2.01115E+01
  2.33330E-01  -2.63601E-01  -1.02976E+00  -1.31824E+00  -2.07223E+01   1.94173E+01
  2.32290E-01  -2.64909E-01  -1.05027E+00  -1.29920E+00  -2.03656E+01   1.86050E+01
  2.31229E-01  -2.66199E-01  -1.07049E+00  -1.28103E+00  -2.01092E+01   1.76973E+01
  2.30149E-01  -2.67471E-01  -1.09049E+00  -1.26381E+00  -1.99329E+01   1.67315E+01
  2.29048E-01  -2.68727E-01  -1.11035E+00  -1.24757E+00  -1.98235E+01   1.57365E+01
  2.27928E-01  -2.69967E-01  -1.13014E+00  -1.23233E+00  -1.97830E+01   1.47209E+01
  2.26788E-01  -2.71192E-01  -1.14992E+00  -1.21813E+00  -1.98194E+01   1.36838E+01
  2.25628E-01  -2.72403E-01  -1.16978E+00  -1.20497E+00  -1.99338E+01   1.26299E+01
  2.24449E-01  -2.73601E-01  -1.18979E+00  -1.19287E+00  -2.01138E+01   1.15760E+01
  2.23249E-01  -2.74789E-01  -1.21001E+00  -1.18181E+00  -2.03376E+01   1.05467E+01
  2.22029E-01  -2.75965E-01  -1.23046E+00  -1.17177E+00  -2.05824E+01   9.56660E+00
  2.20788E-01  -2.77132E-01  -1.25117E+00  -1.16268E+00  -2.08299E+01   8.65411E+00
  2.19526E-01  -2.78290E-01  -1.27212E+00  -1.15447E+00  -2.10703E+01   7.81751E+00
  2.18244E-01  -2.79441E-01  -1.29331E+00  -1.14705E+00  -2.13011E+01   7.05572E+00
  2.16940E-01  -2.80585E-01  -1.31473E+00  -1.14035E+00  -2.15227E+01   6.36287E+00
  2.15614E-01  -2.81722E-01  -1.33636E+00  -1.13432E+00  -2.17319E+01   5.73528E+00
  2.14267E-01  -2.82853E-01  -1.35819E+00  -1.12888E+00  -2.19205E+01   5.17514E+00
  2.12898E-01  -2.83979E-01  -1.38020E+00  -1.12397E+00  -2.20820E+01   4.68452E+00
  2.11507E-01  -2.85101E-01  -1.40235E+00  -1.11951E+00  -2.22210E+01   4.25550E+00
  2.10093E-01  -2.86219E-01  -1.42464E+00  -1.11546E+00  -2.23531E+01   3.87043E+00
  2.08657E-01  -2.87332E-01  -1.44706E+00  -1.11177E+00  -2.24931E+01   3.51471E+00
  2.07199E-01  -2.88442E-01  -1.46963E+00  -1.10843E+00  -2.26409E+01   3.18945E+00
  2.05718E-01  -2.89549E-01  -1.49234E+00  -1.10539E+00  -2.27803E+01   2.91164E+00
  2.04214E-01  -2.90653E-01  -1.51519E+00  -1.10261E+00  -2.28928E+01   2.70020E+00
  2.02688E-01  -2.91754E-01  -1.53813E+00  -1.09999E+00  -2.29738E+01   2.56050E+00
  2.01138E-01  -2.92853E-01  -1.56113E+00  -1.09749E+00  -2.30322E+01   2.48591E+00
  1.99565E-01  -2.93949E-01  -1.58419E+00  -1.09502E+00  -2.30710E+01   2.47466E+00
  1.97970E-01  -2.95043E-01  -1.60728E+00  -1.09254E+00  -2.30770E+01   2.53701E+00
  1.96351E-01  -2.96134E-01  -1.63035E+00  -1.08995E+00  -2.30347E+01   2.68336E+00
  1.94709E-01  -2.97223E-01  -1.65335E+00  -1.08717E+00  -2.29391E+01   2.91499E+00
  1.93044E-01  -2.98308E-01  -1.67622E+00  -1.08412E+00  -2.27880E+01   3.23138E+00
  1.91356E-01  -2.99391E-01  -1.69892E+00  -1.08071E+00  -2.25726E+01   3.63771E+00
  1.89646E-01  -3.00470E-01  -1.72137E+00  -1.07684E+00  -2.22849E+01   4.13821E+00
  1.87914E-01  -3.01545E-01  -1.74349E+00  -1.07243E+00  -2.19292E+01   4.72778E+00
  1.86159E-01  -3.02615E-01  -1.76523E+00  -1.06739E+00  -2.15165E+01   5.39615E+00
  1.84383E-01  -3.03679E-01  -1.78652E+00  -1.06164E+00  -2.10519E+01   6.13701E+00
  1.82586E-01  -3.04738E-01  -1.80733E+00  -1.05511E+00  -2.05341E+01   6.94876E+00
  1.80769E-01  -3.05790E-01  -1.82759E+00  -1.04774E+00  -1.99639E+01   7.82857E+00
  1.78931E-01  -3.06834E-01  -1.84726E+00  -1.03946E+00  -1.93459E+01   8.76962E+00
  1.77074E-01  -3.07869E-01  -1.86628E+00  -1.03020E+00  -1.86830E+01   9.76504E+00
  1.75198E-01  -3.08894E-01  -1.88462E+00  -1.01993E+00  -1.79773E+01   1.08092E+01
  1.73305E-01  -3.09908E-01  -1.90224E+00  -1.00858E+00  -1.72375E+01   1.18923E+01
  1.71394E-01  -3.10911E-01  -1.91910E+00  -9.96141E-01  -1.64713E+01   1.30043E+01
  1.69467E-01  -3.11901E-01  -1.93518E+00  -9.82574E-01  -1.56713E+01   1.41455E+01
  1.67524E-01  -3.12876E-01  -1.95044E+00  -9.67850E-01  -1.48482E+01   1.53069E+01
  1.65566E-01  -3.13836E-01  -1.96488E+00  -9.51961E-01  -1.40829E+01   1.64370E+01
  1.63594E-01  -3.14780E-01  -1.97861E+00  -9.34976E-01  -1.35046E+01   1.74554E+01
  1.61609E-01  -3.15706E-01  -1.99189E+00  -9.17050E-01  -1.32125E+01   1.83012E+01
  1.59610E-01  -3.16614E-01  -2.00503E+00  -8.98374E-01  -1.32278E+01   1.89628E+01
  1.57598E-01  -3.17503E-01  -2.01834E+00  -8.79124E-01  -1.34927E+01   1.94755E+01
  1.55573E-01  -3.18373E-01  -2.03202E+00  -8.59423E-01  -1.38958E+01   1.99025E+01
  1.53534E-01  -3.19222E-01  -2.04613E+00  -8.39319E-01  -1.43107E+01   2.03092E+01
  1.51481E-01  -3.20051E-01  -2.06064E+00  -8.18804E-01  -1.46199E+01   2.07480E+01
  1.49413E-01  -3.20860E-01  -2.07537E+00  -7.97823E-01  -1.47186E+01   2.12567E+01
  1.47330E-01  -3.21647E-01  -2.09008E+00  -7.76291E-01  -1.45301E+01   2.18523E+01
  1.45233E-01  -3.22412E-01  -2.10443E+00  -7.54119E-01  -1.40339E+01   2.25181E+01
  1.43122E-01  -3.23155E-01  -2.11814E+00  -7.31255E-01  -1.32656E+01   2.32082E+01
  1.40997E-01  -3.23875E-01  -2.13097E+00  -7.07702E-01  -1.22794E+01   2.38728E+01
  1.38860E-01  -3.24570E-01  -2.14270E+00  -6.83509E-01  -1.11099E+01   2.44796E+01
  1.36711E-01  -3.25242E-01  -2.15319E+00  -6.58743E-01  -9.76663E+00   2.50161E+01
  1.34553E-01  -3.25888E-01  -2.16224E+00  -6.33477E-01  -8.24660E+00   2.54805E+01
  1.32387E-01  -3.26509E-01  -2.16968E+00  -6.07782E-01  -6.53767E+00   2.58786E+01
  1.30214E-01  -3.27103E-01  -2.17531E+00  -5.81720E-01  -4.62150E+00   2.62209E+01
  1.28036E-01  -3.27672E-01  -2.17892E+00  -5.55340E-01  -2.48655E+00   2.65162E+01
  1.25856E-01  -3.28214E-01  -2.18029E+00  -5.28687E-01  -1.43566E-01   2.67661E+01
  1.23676E-01  -3.28729E-01  -2.17921E+00  -5.01808E-01   2.35752E+00   2.69587E+01
  1.21498E-01  -3.29218E-01  -2.17557E+00  -4.74770E-01   4.92144E+00   2.70655E+01
  1.19325E-01  -3.29679E-01  -2.16937E+00  -4.47677E-01   7.43580E+00   2.70541E+01
  1.17159E-01  -3.30113E-01  -2.16070E+00  -4.20662E-01   9.80950E+00   2.69055E+01
  1.15003E-01  -3.30520E-01  -2.14975E+00  -3.93866E-01   1.19685E+01   2.66105E+01
  1.12859E-01  -3.30901E-01  -2.13676E+00  -3.67441E-01   1.38233E+01   2.61529E+01
  1.10730E-01  -3.31255E-01  -2.12210E+00  -3.41560E-01   1.52739E+01   2.55118E+01
  1.08615E-01  -3.31584E-01  -2.10621E+00  -3.16417E-01   1.62617E+01   2.46870E+01
  1.06517E-01  -3.31888E-01  -2.08958E+00  -2.92186E-01   1.68089E+01   2.37165E+01
  1.04436E-01  -3.32168E-01  -2.07260E+00  -2.68984E-01   1.69978E+01   2.26633E+01
  1.02372E-01  -3.32426E-01  -2.05558E+00  -2.46860E-01   1.69168E+01   2.15869E+01
  1.00325E-01  -3.32662E-01  -2.03876E+00  -2.25810E-01   1.66336E+01   2.05315E+01
  9.82944E-02  -3.32878E-01  -2.02231E+00  -2.05797E-01   1.62043E+01   1.95301E+01
  9.62802E-02  -3.33074E-01  -2.00635E+00  -1.86750E-01   1.56761E+01   1.86076E+01
  9.42817E-02  -3.33251E-01  -1.99096E+00  -1.68581E-01   1.50723E+01   1.77771E+01
  9.22983E-02  -3.33411E-01  -1.97621E+00  -1.51196E-01   1.43830E+01   1.70380E+01
  9.03293E-02  -3.33554E-01  -1.96220E+00  -1.34505E-01   1.35874E+01   1.63842E+01
  8.83739E-02  -3.33680E-01  -1.94903E+00  -1.18427E-01   1.26904E+01   1.58172E+01
  8.64312E-02  -3.33790E-01  -1.93681E+00  -1.02871E-01   1.17326E+01   1.53468E+01
  8.45003E-02  -3.33886E-01  -1.92557E+00  -8.77337E-02   1.07637E+01   1.49821E+01
  8.25801E-02  -3.33966E-01  -1.91529E+00  -7.29070E-02   9.81277E+00   1.47212E+01
  8.06697E-02  -3.34031E-01  -1.90594E+00  -5.82913E-02   8.88359E+00   1.45525E+01
  7.87682E-02  -3.34082E-01  -1.89752E+00  -4.38020E-02   7.97049E+00   1.44605E+01
  7.68747E-02  -3.34119E-01  -1.89000E+00  -2.93703E-02   7.07067E+00   1.44284E+01
  7.49882E-02  -3.34141E-01  -1.88338E+00  -1.49451E-02   6.40237E+00   1.44289E+01
  7.31079E-02  -3.34149E-01  -1.87720E+00  -5.12449E-04   5.95905E+00   1.44363E+01
