 282   2  14
    PositionX     PositionY     VelocityX     VelocityY AccelerationX AccelerationY
 -1.70495E-01  -1.64115E-01   2.08477E+00  -2.83421E-01   1.06432E+01  -2.86406E+01
 -1.68404E-01  -1.64413E-01   2.09549E+00  -3.12120E-01   1.08018E+01  -2.87583E+01
 -1.66304E-01  -1.64740E-01   2.10637E+00  -3.40937E-01   1.10409E+01  -2.89212E+01
 -1.64192E-01  -1.65095E-01   2.11757E+00  -3.69962E-01   1.13661E+01  -2.91018E+01
 -1.62068E-01  -1.65480E-01   2.12910E+00  -3.99141E-01   1.17010E+01  -2.92228E+01
 -1.59934E-01  -1.65893E-01   2.14097E+00  -4.28408E-01   1.20358E+01  -2.92731E+01
 -1.57787E-01  -1.66336E-01   2.15317E+00  -4.57687E-01   1.23554E+01  -2.92420E+01
 -1.55627E-01  -1.66809E-01   2.16568E+00  -4.86892E-01   1.26506E+01  -2.91258E+01
 -1.53455E-01  -1.67310E-01   2.17847E+00  -5.15938E-01   1.29248E+01  -2.89283E+01
 -1.51270E-01  -1.67841E-01   2.19153E+00  -5.44749E-01   1.31943E+01  -2.86594E+01
 -1.49072E-01  -1.68400E-01   2.20486E+00  -5.73257E-01   1.34746E+01  -2.83243E+01
 -1.46860E-01  -1.68987E-01   2.21848E+00  -6.01397E-01   1.37644E+01  -2.79166E+01
 -1.44635E-01  -1.69602E-01   2.23239E+00  -6.29090E-01   1.40559E+01  -2.74266E+01
 -1.42396E-01  -1.70245E-01   2.24659E+00  -6.56251E-01   1.43550E+01  -2.68530E+01
 -1.40142E-01  -1.70915E-01   2.26110E+00  -6.82796E-01   1.46820E+01  -2.62011E+01
 -1.37874E-01  -1.71611E-01   2.27596E+00  -7.08653E-01   1.50487E+01  -2.54708E+01
 -1.35590E-01  -1.72332E-01   2.29120E+00  -7.33738E-01   1.54435E+01  -2.46528E+01
 -1.33291E-01  -1.73078E-01   2.30684E+00  -7.57958E-01   1.58384E+01  -2.37373E+01
 -1.30976E-01  -1.73848E-01   2.32288E+00  -7.81213E-01   1.62021E+01  -2.27222E+01
 -1.28645E-01  -1.74641E-01   2.33925E+00  -8.03403E-01   1.64987E+01  -2.16142E+01
 -1.26298E-01  -1.75455E-01   2.35587E+00  -8.24441E-01   1.66892E+01  -2.04265E+01
 -1.23934E-01  -1.76290E-01   2.37263E+00  -8.44256E-01   1.67447E+01  -1.91785E+01
 -1.21553E-01  -1.77144E-01   2.38936E+00  -8.62798E-01   1.66521E+01  -1.78902E+01
 -1.19155E-01  -1.78015E-01   2.40593E+00  -8.80036E-01   1.64106E+01  -1.65739E+01
 -1.16741E-01  -1.78904E-01   2.42218E+00  -8.95946E-01   1.60311E+01  -1.52336E+01
 -1.14311E-01  -1.79807E-01   2.43799E+00  -9.10503E-01   1.55364E+01  -1.38681E+01
 -1.11865E-01  -1.80725E-01   2.45326E+00  -9.23682E-01   1.49602E+01  -1.24748E+01
 -1.09404E-01  -1.81655E-01   2.46791E+00  -9.35453E-01   1.43507E+01  -1.10540E+01
 -1.06929E-01  -1.82596E-01   2.48196E+00  -9.45790E-01   1.37720E+01  -9.61157E+00
 -1.04440E-01  -1.83546E-01   2.49546E+00  -9.54676E-01   1.32813E+01  -8.15295E+00
 -1.01938E-01  -1.84505E-01   2.50852E+00  -9.62096E-01   1.28993E+01  -6.67677E+00
 -9.94230E-02  -1.85470E-01   2.52126E+00  -9.68030E-01   1.26099E+01  -5.17682E+00
 -9.68955E-02  -1.86441E-01   2.53374E+00  -9.72450E-01   1.23917E+01  -3.65225E+00
 -9.43555E-02  -1.87415E-01   2.54604E+00  -9.75334E-01   1.22401E+01  -2.11424E+00
 -9.18034E-02  -1.88392E-01   2.55822E+00  -9.76678E-01   1.21491E+01  -5.80993E-01
 -8.92391E-02  -1.89369E-01   2.57034E+00  -9.76496E-01   1.20812E+01   9.32322E-01
 -8.66627E-02  -1.90345E-01   2.58238E+00  -9.74813E-01   1.19629E+01   2.41691E+00
 -8.40743E-02  -1.91318E-01   2.59426E+00  -9.71662E-01   1.17079E+01   3.86525E+00
 -8.14742E-02  -1.92288E-01   2.60580E+00  -9.67083E-01   1.12512E+01   5.26546E+00
 -7.88627E-02  -1.93252E-01   2.61677E+00  -9.61131E-01   1.05800E+01   6.60136E+00
 -7.62407E-02  -1.94210E-01   2.62696E+00  -9.53880E-01   9.73838E+00   7.85798E+00
 -7.36088E-02  -1.95160E-01   2.63624E+00  -9.45415E-01   8.79781E+00   9.02778E+00
 -7.09682E-02  -1.96101E-01   2.64456E+00  -9.35825E-01   7.81507E+00   1.01133E+01
 -6.83197E-02  -1.97032E-01   2.65187E+00  -9.25189E-01   6.80846E+00   1.11246E+01
 -6.56644E-02  -1.97951E-01   2.65817E+00  -9.13576E-01   5.76060E+00   1.20723E+01
 -6.30034E-02  -1.98859E-01   2.66339E+00  -9.01044E-01   4.64003E+00   1.29598E+01
 -6.03376E-02  -1.99753E-01   2.66745E+00  -8.87656E-01   3.42918E+00   1.37801E+01
 -5.76685E-02  -2.00634E-01   2.67025E+00  -8.73484E-01   2.13567E+00   1.45207E+01
 -5.49971E-02  -2.01500E-01   2.67172E+00  -8.58615E-01   7.77984E-01   1.51699E+01
 -5.23250E-02  -2.02351E-01   2.67181E+00  -8.43144E-01  -6.25756E-01   1.57188E+01
 -4.96535E-02  -2.03187E-01   2.67047E+00  -8.27177E-01  -2.04701E+00   1.61586E+01
 -4.69841E-02  -2.04006E-01   2.66772E+00  -8.10827E-01  -3.44072E+00   1.64826E+01
 -4.43181E-02  -2.04808E-01   2.66359E+00  -7.94212E-01  -4.76420E+00   1.66901E+01
 -4.16569E-02  -2.05594E-01   2.65819E+00  -7.77447E-01  -5.99580E+00   1.67882E+01
 -3.90017E-02  -2.06363E-01   2.65160E+00  -7.60635E-01  -7.12846E+00   1.67884E+01
 -3.63537E-02  -2.07115E-01   2.64393E+00  -7.43870E-01  -8.15498E+00   1.67048E+01
 -3.37138E-02  -2.07851E-01   2.63529E+00  -7.27226E-01  -9.06322E+00   1.65522E+01
 -3.10831E-02  -2.08570E-01   2.62580E+00  -7.10765E-01  -9.83254E+00   1.63470E+01
 -2.84622E-02  -2.09273E-01   2.61562E+00  -6.94532E-01  -1.04405E+01   1.61061E+01
 -2.58519E-02  -2.09959E-01   2.60492E+00  -6.78553E-01  -1.08977E+01   1.58409E+01
 -2.32524E-02  -2.10630E-01   2.59383E+00  -6.62850E-01  -1.12738E+01   1.55477E+01
 -2.06642E-02  -2.11285E-01   2.58237E+00  -6.47458E-01  -1.16683E+01   1.52074E+01
 -1.80876E-02  -2.11925E-01   2.57049E+00  -6.32435E-01  -1.21528E+01   1.47972E+01
 -1.55232E-02  -2.12550E-01   2.55807E+00  -6.17863E-01  -1.27497E+01   1.43011E+01
 -1.29715E-02  -2.13160E-01   2.54499E+00  -6.03833E-01  -1.34509E+01   1.37103E+01
 -1.04332E-02  -2.13757E-01   2.53117E+00  -5.90443E-01  -1.42386E+01   1.30198E+01
 -7.90917E-03  -2.14341E-01   2.51652E+00  -5.77793E-01  -1.50823E+01   1.22304E+01
 -5.40020E-03  -2.14913E-01   2.50100E+00  -5.65982E-01  -1.59270E+01   1.13561E+01
 -2.90717E-03  -2.15473E-01   2.48466E+00  -5.55081E-01  -1.67023E+01   1.04305E+01
 -4.30873E-04  -2.16023E-01   2.46760E+00  -5.45121E-01  -1.73496E+01   9.50168E+00
  2.02803E-03  -2.16563E-01   2.44996E+00  -5.36078E-01  -1.78305E+01   8.61775E+00
  4.46905E-03  -2.17095E-01   2.43194E+00  -5.27885E-01  -1.81213E+01   7.81634E+00
  6.89190E-03  -2.17619E-01   2.41372E+00  -5.20445E-01  -1.82155E+01   7.11756E+00
  9.29649E-03  -2.18136E-01   2.39551E+00  -5.13650E-01  -1.81365E+01   6.52002E+00
  1.16829E-02  -2.18646E-01   2.37745E+00  -5.07405E-01  -1.79360E+01   6.00483E+00
  1.40514E-02  -2.19151E-01   2.35963E+00  -5.01640E-01  -1.76794E+01   5.54574E+00
  1.64022E-02  -2.19650E-01   2.34209E+00  -4.96314E-01  -1.74236E+01   5.11529E+00
  1.87356E-02  -2.20143E-01   2.32479E+00  -4.91410E-01  -1.71978E+01   4.68646E+00
  2.10518E-02  -2.20633E-01   2.30769E+00  -4.86941E-01  -1.70019E+01   4.23602E+00
  2.33509E-02  -2.21117E-01   2.29078E+00  -4.82938E-01  -1.68214E+01   3.74900E+00
  2.56333E-02  -2.21598E-01   2.27405E+00  -4.79443E-01  -1.66368E+01   3.22374E+00
  2.78990E-02  -2.22076E-01   2.25751E+00  -4.76490E-01  -1.64214E+01   2.67716E+00
  3.01483E-02  -2.22551E-01   2.24121E+00  -4.74088E-01  -1.61428E+01   2.14233E+00
  3.23815E-02  -2.23024E-01   2.22522E+00  -4.72206E-01  -1.57790E+01   1.65333E+00
  3.45988E-02  -2.23496E-01   2.20965E+00  -4.70782E-01  -1.53354E+01   1.22890E+00
  3.68008E-02  -2.23966E-01   2.19455E+00  -4.69748E-01  -1.48459E+01   8.67725E-01
  3.89879E-02  -2.24435E-01   2.17996E+00  -4.69046E-01  -1.43583E+01   5.51209E-01
  4.11607E-02  -2.24904E-01   2.16584E+00  -4.68645E-01  -1.39124E+01   2.45834E-01
  4.33196E-02  -2.25373E-01   2.15213E+00  -4.68555E-01  -1.35298E+01  -9.38097E-02
  4.54649E-02  -2.25841E-01   2.13878E+00  -4.68833E-01  -1.32206E+01  -5.17379E-01
  4.75971E-02  -2.26310E-01   2.12569E+00  -4.69589E-01  -1.29895E+01  -1.06210E+00
  4.97163E-02  -2.26780E-01   2.11280E+00  -4.70957E-01  -1.28280E+01  -1.72933E+00
  5.18227E-02  -2.27252E-01   2.10004E+00  -4.73048E-01  -1.27067E+01  -2.47563E+00
  5.39164E-02  -2.27726E-01   2.08738E+00  -4.75909E-01  -1.25848E+01  -3.23572E+00
  5.59975E-02  -2.28204E-01   2.07487E+00  -4.79519E-01  -1.24368E+01  -3.96107E+00
  5.80661E-02  -2.28685E-01   2.06251E+00  -4.83831E-01  -1.22646E+01  -4.63709E+00
  6.01225E-02  -2.29172E-01   2.05034E+00  -4.88794E-01  -1.20721E+01  -5.26412E+00
  6.21668E-02  -2.29663E-01   2.03837E+00  -4.94359E-01  -1.18370E+01  -5.83127E+00
  6.41992E-02  -2.30160E-01   2.02666E+00  -5.00456E-01  -1.15278E+01  -6.31906E+00
  6.62201E-02  -2.30664E-01   2.01531E+00  -5.06997E-01  -1.11338E+01  -6.71787E+00
  6.82299E-02  -2.31174E-01   2.00439E+00  -5.13892E-01  -1.06604E+01  -7.02834E+00
  7.02289E-02  -2.31692E-01   1.99399E+00  -5.21054E-01  -1.01113E+01  -7.24984E+00
  7.22178E-02  -2.32216E-01   1.98417E+00  -5.28392E-01  -9.49336E+00  -7.38155E+00
  7.41973E-02  -2.32749E-01   1.97500E+00  -5.35817E-01  -8.82937E+00  -7.42897E+00
  7.61678E-02  -2.33288E-01   1.96651E+00  -5.43250E-01  -8.15074E+00  -7.39774E+00
  7.81303E-02  -2.33835E-01   1.95870E+00  -5.50612E-01  -7.48244E+00  -7.28344E+00
  8.00852E-02  -2.34389E-01   1.95155E+00  -5.57816E-01  -6.84512E+00  -7.07752E+00
  8.20334E-02  -2.34951E-01   1.94501E+00  -5.64767E-01  -6.26905E+00  -6.78622E+00
  8.39753E-02  -2.35519E-01   1.93901E+00  -5.71389E-01  -5.78898E+00  -6.43902E+00
  8.59114E-02  -2.36093E-01   1.93343E+00  -5.77645E-01  -5.41683E+00  -6.07194E+00
  8.78421E-02  -2.36674E-01   1.92818E+00  -5.83533E-01  -5.12662E+00  -5.70103E+00
  8.97677E-02  -2.37261E-01   1.92318E+00  -5.89047E-01  -4.87430E+00  -5.31684E+00
  9.16885E-02  -2.37852E-01   1.91843E+00  -5.94166E-01  -4.63563E+00  -4.90617E+00
  9.36046E-02  -2.38449E-01   1.91391E+00  -5.98860E-01  -4.42273E+00  -4.47220E+00
  9.55163E-02  -2.39050E-01   1.90958E+00  -6.03111E-01  -4.26235E+00  -4.02989E+00
  9.74238E-02  -2.39655E-01   1.90538E+00  -6.06920E-01  -4.16583E+00  -3.58812E+00
  9.93271E-02  -2.40264E-01   1.90125E+00  -6.10287E-01  -4.12639E+00  -3.14186E+00
  1.01226E-01  -2.40876E-01   1.89713E+00  -6.13203E-01  -4.13660E+00  -2.67836E+00
  1.03121E-01  -2.41490E-01   1.89298E+00  -6.15644E-01  -4.19448E+00  -2.18488E+00
  1.05012E-01  -2.42107E-01   1.88874E+00  -6.17573E-01  -4.29665E+00  -1.65371E+00
  1.06899E-01  -2.42725E-01   1.88438E+00  -6.18951E-01  -4.43889E+00  -1.08874E+00
  1.08781E-01  -2.43345E-01   1.87986E+00  -6.19750E-01  -4.62091E+00  -5.06349E-01
  1.10659E-01  -2.43965E-01   1.87514E+00  -6.19964E-01  -4.84185E+00   7.26513E-02
  1.12531E-01  -2.44585E-01   1.87018E+00  -6.19605E-01  -5.09347E+00   6.28323E-01
  1.14399E-01  -2.45204E-01   1.86496E+00  -6.18707E-01  -5.36185E+00   1.14283E+00
  1.16261E-01  -2.45822E-01   1.85946E+00  -6.17320E-01  -5.63427E+00   1.60039E+00
  1.18118E-01  -2.46439E-01   1.85369E+00  -6.15506E-01  -5.90387E+00   1.98136E+00
  1.19969E-01  -2.47053E-01   1.84765E+00  -6.13357E-01  -6.17003E+00   2.26527E+00
  1.21813E-01  -2.47665E-01   1.84135E+00  -6.10976E-01  -6.44352E+00   2.45558E+00
  1.23651E-01  -2.48275E-01   1.83476E+00  -6.08446E-01  -6.75765E+00   2.58720E+00
  1.25483E-01  -2.48882E-01   1.82783E+00  -6.05802E-01  -7.16255E+00   2.69289E+00
  1.27307E-01  -2.49487E-01   1.82044E+00  -6.03060E-01  -7.69214E+00   2.77801E+00
  1.29124E-01  -2.50088E-01   1.81245E+00  -6.00246E-01  -8.33703E+00   2.83265E+00
  1.30932E-01  -2.50687E-01   1.80376E+00  -5.97395E-01  -9.05137E+00   2.84758E+00
  1.32731E-01  -2.51283E-01   1.79434E+00  -5.94550E-01  -9.77643E+00   2.82075E+00
  1.34521E-01  -2.51876E-01   1.78421E+00  -5.91753E-01  -1.04597E+01   2.76718E+00
  1.36299E-01  -2.52467E-01   1.77343E+00  -5.89016E-01  -1.10721E+01   2.72019E+00
  1.38067E-01  -2.53054E-01   1.76207E+00  -5.86313E-01  -1.16204E+01   2.70990E+00
  1.39824E-01  -2.53639E-01   1.75018E+00  -5.83596E-01  -1.21389E+01   2.73875E+00
  1.41568E-01  -2.54222E-01   1.73779E+00  -5.80835E-01  -1.26628E+01   2.78305E+00
  1.43299E-01  -2.54801E-01   1.72486E+00  -5.78030E-01  -1.32003E+01   2.81843E+00
  1.45017E-01  -2.55378E-01   1.71139E+00  -5.75198E-01  -1.37295E+01   2.83720E+00
  1.46722E-01  -2.55951E-01   1.69740E+00  -5.72356E-01  -1.42208E+01   2.83632E+00
  1.48412E-01  -2.56522E-01   1.68295E+00  -5.69526E-01  -1.46617E+01   2.79737E+00
  1.50088E-01  -2.57090E-01   1.66808E+00  -5.66761E-01  -1.50590E+01   2.69071E+00
  1.51748E-01  -2.57656E-01   1.65283E+00  -5.64144E-01  -1.54287E+01   2.49609E+00
  1.53394E-01  -2.58219E-01   1.63722E+00  -5.61769E-01  -1.57872E+01   2.21360E+00
  1.55023E-01  -2.58779E-01   1.62125E+00  -5.59717E-01  -1.61472E+01   1.86019E+00
  1.56636E-01  -2.59338E-01   1.60493E+00  -5.58048E-01  -1.65219E+01   1.46034E+00
  1.58233E-01  -2.59896E-01   1.58821E+00  -5.56796E-01  -1.69330E+01   1.03700E+00
  1.59812E-01  -2.60452E-01   1.57106E+00  -5.55974E-01  -1.74098E+01   6.07707E-01
  1.61375E-01  -2.61007E-01   1.55339E+00  -5.55581E-01  -1.79784E+01   1.83076E-01
  1.62919E-01  -2.61563E-01   1.53510E+00  -5.55608E-01  -1.86527E+01  -2.38074E-01
  1.64445E-01  -2.62119E-01   1.51609E+00  -5.56057E-01  -1.94354E+01  -6.70763E-01
  1.65951E-01  -2.62675E-01   1.49623E+00  -5.56950E-01  -2.03291E+01  -1.13399E+00
  1.67437E-01  -2.63233E-01   1.47543E+00  -5.58325E-01  -2.13389E+01  -1.63604E+00
  1.68902E-01  -2.63792E-01   1.45355E+00  -5.60222E-01  -2.24611E+01  -2.16929E+00
  1.70345E-01  -2.64353E-01   1.43050E+00  -5.62664E-01  -2.36774E+01  -2.71678E+00
  1.71763E-01  -2.64917E-01   1.40620E+00  -5.65655E-01  -2.49647E+01  -3.26075E+00
  1.73157E-01  -2.65484E-01   1.38058E+00  -5.69185E-01  -2.63041E+01  -3.78276E+00
  1.74524E-01  -2.66055E-01   1.35359E+00  -5.73221E-01  -2.76757E+01  -4.25717E+00
  1.75864E-01  -2.66631E-01   1.32522E+00  -5.77700E-01  -2.90539E+01  -4.65251E+00
  1.77175E-01  -2.67211E-01   1.29548E+00  -5.82526E-01  -3.04123E+01  -4.94414E+00
  1.78455E-01  -2.67796E-01   1.26440E+00  -5.87588E-01  -3.17349E+01  -5.12492E+00
  1.79704E-01  -2.68386E-01   1.23201E+00  -5.92776E-01  -3.30279E+01  -5.21205E+00
  1.80919E-01  -2.68981E-01   1.19834E+00  -5.98012E-01  -3.43203E+01  -5.25057E+00
  1.82100E-01  -2.69582E-01   1.16337E+00  -6.03277E-01  -3.56403E+01  -5.29485E+00
  1.83246E-01  -2.70188E-01   1.12706E+00  -6.08602E-01  -3.69832E+01  -5.37043E+00
  1.84354E-01  -2.70799E-01   1.08941E+00  -6.14018E-01  -3.83050E+01  -5.45502E+00
  1.85425E-01  -2.71416E-01   1.05045E+00  -6.19512E-01  -3.95429E+01  -5.49997E+00
  1.86455E-01  -2.72038E-01   1.01032E+00  -6.25018E-01  -4.06462E+01  -5.47274E+00
  1.87445E-01  -2.72666E-01   9.69161E-01  -6.30457E-01  -4.16005E+01  -5.38340E+00
  1.88394E-01  -2.73299E-01   9.27119E-01  -6.35785E-01  -4.24316E+01  -5.27206E+00
  1.89300E-01  -2.73938E-01   8.84297E-01  -6.41001E-01  -4.31863E+01  -5.17170E+00
  1.90162E-01  -2.74581E-01   8.40747E-01  -6.46128E-01  -4.38977E+01  -5.08039E+00
  1.90981E-01  -2.75230E-01   7.96502E-01  -6.51162E-01  -4.45607E+01  -4.96477E+00
  1.91755E-01  -2.75883E-01   7.51625E-01  -6.56057E-01  -4.51438E+01  -4.79435E+00
  1.92484E-01  -2.76542E-01   7.06214E-01  -6.60751E-01  -4.56268E+01  -4.57486E+00
  1.93168E-01  -2.77205E-01   6.60372E-01  -6.65207E-01  -4.60189E+01  -4.34126E+00
  1.93805E-01  -2.77872E-01   6.14177E-01  -6.69433E-01  -4.63398E+01  -4.11542E+00
  1.94396E-01  -2.78544E-01   5.67692E-01  -6.73438E-01  -4.65899E+01  -3.87676E+00
  1.94940E-01  -2.79219E-01   5.20997E-01  -6.77187E-01  -4.67443E+01  -3.57993E+00
  1.95438E-01  -2.79898E-01   4.74203E-01  -6.80598E-01  -4.67723E+01  -3.19654E+00
  1.95889E-01  -2.80580E-01   4.27452E-01  -6.83580E-01  -4.66535E+01  -2.72931E+00
  1.96293E-01  -2.81265E-01   3.80897E-01  -6.86056E-01  -4.63791E+01  -2.19051E+00
  1.96651E-01  -2.81953E-01   3.34694E-01  -6.87961E-01  -4.59507E+01  -1.58658E+00
  1.96962E-01  -2.82641E-01   2.88995E-01  -6.89230E-01  -4.53834E+01  -9.29597E-01
  1.97229E-01  -2.83331E-01   2.43927E-01  -6.89820E-01  -4.47017E+01  -2.45590E-01
  1.97450E-01  -2.84021E-01   1.99592E-01  -6.89721E-01  -4.39235E+01   4.40016E-01
  1.97628E-01  -2.84710E-01   1.56080E-01  -6.88940E-01  -4.30516E+01   1.11642E+00
  1.97762E-01  -2.85399E-01   1.13488E-01  -6.87488E-01  -4.20878E+01   1.78092E+00
  1.97855E-01  -2.86085E-01   7.19047E-02  -6.85378E-01  -4.10491E+01   2.42343E+00
  1.97906E-01  -2.86770E-01   3.13903E-02  -6.82641E-01  -3.99651E+01   3.02100E+00
  1.97918E-01  -2.87451E-01  -8.02550E-03  -6.79336E-01  -3.88607E+01   3.54879E+00
  1.97890E-01  -2.88128E-01  -4.63311E-02  -6.75544E-01  -3.77438E+01   3.99660E+00
  1.97825E-01  -2.88802E-01  -8.35131E-02  -6.71343E-01  -3.66097E+01   4.37262E+00
  1.97723E-01  -2.89471E-01  -1.19550E-01  -6.66798E-01  -3.54574E+01   4.69024E+00
  1.97586E-01  -2.90135E-01  -1.54428E-01  -6.61963E-01  -3.43032E+01   4.95122E+00
  1.97414E-01  -2.90795E-01  -1.88157E-01  -6.56896E-01  -3.31778E+01   5.14262E+00
  1.97210E-01  -2.91449E-01  -2.20784E-01  -6.51677E-01  -3.21097E+01   5.24831E+00
  1.96973E-01  -2.92098E-01  -2.52376E-01  -6.46399E-01  -3.11148E+01   5.25943E+00
  1.96705E-01  -2.92742E-01  -2.83013E-01  -6.41158E-01  -3.02004E+01   5.17530E+00
  1.96407E-01  -2.93381E-01  -3.12777E-01  -6.36049E-01  -2.93755E+01   4.99658E+00
  1.96079E-01  -2.94014E-01  -3.41764E-01  -6.31165E-01  -2.86557E+01   4.71827E+00
  1.95723E-01  -2.94643E-01  -3.70088E-01  -6.26612E-01  -2.80602E+01   4.33410E+00
  1.95339E-01  -2.95267E-01  -3.97884E-01  -6.22497E-01  -2.76066E+01   3.84547E+00
  1.94927E-01  -2.95888E-01  -4.25302E-01  -6.18921E-01  -2.73079E+01   3.26109E+00
  1.94488E-01  -2.96505E-01  -4.52500E-01  -6.15975E-01  -2.71644E+01   2.59599E+00
  1.94022E-01  -2.97120E-01  -4.79630E-01  -6.13729E-01  -2.71554E+01   1.87538E+00
  1.93529E-01  -2.97733E-01  -5.06811E-01  -6.12224E-01  -2.72509E+01   1.12873E+00
  1.93009E-01  -2.98344E-01  -5.34132E-01  -6.11472E-01  -2.74317E+01   3.75359E-01
  1.92461E-01  -2.98956E-01  -5.61674E-01  -6.11473E-01  -2.76930E+01  -3.77491E-01
  1.91885E-01  -2.99567E-01  -5.89518E-01  -6.12227E-01  -2.80312E+01  -1.12353E+00
  1.91282E-01  -3.00180E-01  -6.17737E-01  -6.13720E-01  -2.84380E+01  -1.85365E+00
  1.90650E-01  -3.00795E-01  -6.46394E-01  -6.15934E-01  -2.89042E+01  -2.56027E+00
  1.89989E-01  -3.01412E-01  -6.75545E-01  -6.18841E-01  -2.94166E+01  -3.23520E+00
  1.89299E-01  -3.02032E-01  -7.05227E-01  -6.22404E-01  -2.99539E+01  -3.86539E+00
  1.88579E-01  -3.02657E-01  -7.35453E-01  -6.26572E-01  -3.04938E+01  -4.43630E+00
  1.87828E-01  -3.03285E-01  -7.66215E-01  -6.31277E-01  -3.10251E+01  -4.93985E+00
  1.87046E-01  -3.03919E-01  -7.97503E-01  -6.36451E-01  -3.15547E+01  -5.38018E+00
  1.86233E-01  -3.04558E-01  -8.29324E-01  -6.42037E-01  -3.20996E+01  -5.76865E+00
  1.85388E-01  -3.05203E-01  -8.61702E-01  -6.47989E-01  -3.26682E+01  -6.11140E+00
  1.84510E-01  -3.05854E-01  -8.94661E-01  -6.54260E-01  -3.32561E+01  -6.40655E+00
  1.83598E-01  -3.06512E-01  -9.28215E-01  -6.60802E-01  -3.38555E+01  -6.65095E+00
  1.82653E-01  -3.07176E-01  -9.62372E-01  -6.67562E-01  -3.44572E+01  -6.84262E+00
  1.81673E-01  -3.07847E-01  -9.97129E-01  -6.74487E-01  -3.50479E+01  -6.97927E+00
  1.80659E-01  -3.08525E-01  -1.03247E+00  -6.81521E-01  -3.56158E+01  -7.06030E+00
  1.79609E-01  -3.09210E-01  -1.06836E+00  -6.88608E-01  -3.61557E+01  -7.08765E+00
  1.78522E-01  -3.09902E-01  -1.10478E+00  -6.95696E-01  -3.66645E+01  -7.06085E+00
  1.77399E-01  -3.10601E-01  -1.14169E+00  -7.02729E-01  -3.71312E+01  -6.97195E+00
  1.76239E-01  -3.11308E-01  -1.17904E+00  -7.09640E-01  -3.75370E+01  -6.80887E+00
  1.75041E-01  -3.12021E-01  -1.21676E+00  -7.16347E-01  -3.78656E+01  -6.56460E+00
  1.73805E-01  -3.12740E-01  -1.25477E+00  -7.22769E-01  -3.81062E+01  -6.23847E+00
  1.72531E-01  -3.13466E-01  -1.29298E+00  -7.28824E-01  -3.82432E+01  -5.82692E+00
  1.71219E-01  -3.14198E-01  -1.33126E+00  -7.34423E-01  -3.82514E+01  -5.31913E+00
  1.69869E-01  -3.14935E-01  -1.36948E+00  -7.39462E-01  -3.81054E+01  -4.70409E+00
  1.68480E-01  -3.15677E-01  -1.40747E+00  -7.43831E-01  -3.77889E+01  -3.97856E+00
  1.67054E-01  -3.16423E-01  -1.44506E+00  -7.47419E-01  -3.72944E+01  -3.15039E+00
  1.65590E-01  -3.17172E-01  -1.48206E+00  -7.50132E-01  -3.66223E+01  -2.23639E+00
  1.64090E-01  -3.17923E-01  -1.51830E+00  -7.51892E-01  -3.57726E+01  -1.25078E+00
  1.62554E-01  -3.18675E-01  -1.55360E+00  -7.52633E-01  -3.47328E+01  -1.93177E-01
  1.60983E-01  -3.19428E-01  -1.58777E+00  -7.52279E-01  -3.34861E+01   9.46694E-01
  1.59378E-01  -3.20180E-01  -1.62058E+00  -7.50740E-01  -3.20344E+01   2.17373E+00
  1.57741E-01  -3.20930E-01  -1.65184E+00  -7.47931E-01  -3.03990E+01   3.48526E+00
  1.56074E-01  -3.21676E-01  -1.68137E+00  -7.43769E-01  -2.85903E+01   4.88273E+00
  1.54379E-01  -3.22417E-01  -1.70902E+00  -7.38166E-01  -2.65926E+01   6.37559E+00
  1.52656E-01  -3.23152E-01  -1.73456E+00  -7.31018E-01  -2.43854E+01   7.97004E+00
  1.50910E-01  -3.23879E-01  -1.75779E+00  -7.22226E-01  -2.19676E+01   9.65917E+00
  1.49141E-01  -3.24597E-01  -1.77849E+00  -7.11700E-01  -1.93559E+01   1.14271E+01
  1.47353E-01  -3.25303E-01  -1.79650E+00  -6.99371E-01  -1.65715E+01   1.32576E+01
  1.45548E-01  -3.25995E-01  -1.81164E+00  -6.85185E-01  -1.36340E+01   1.51378E+01
  1.43729E-01  -3.26673E-01  -1.82377E+00  -6.69096E-01  -1.05552E+01   1.70589E+01
  1.41900E-01  -3.27334E-01  -1.83275E+00  -6.51067E-01  -7.33025E+00   1.90169E+01
  1.40064E-01  -3.27975E-01  -1.83843E+00  -6.31062E-01  -3.93995E+00   2.10051E+01
  1.38223E-01  -3.28596E-01  -1.84063E+00  -6.09057E-01  -3.71184E-01   2.30076E+01
  1.36383E-01  -3.29193E-01  -1.83917E+00  -5.85047E-01   3.36214E+00   2.49999E+01
  1.34545E-01  -3.29766E-01  -1.83390E+00  -5.59057E-01   7.21333E+00   2.69535E+01
  1.32715E-01  -3.30311E-01  -1.82474E+00  -5.31140E-01   1.11132E+01   2.88372E+01
  1.30896E-01  -3.30828E-01  -1.81168E+00  -5.01382E-01   1.49858E+01   3.06169E+01
  1.29091E-01  -3.31314E-01  -1.79477E+00  -4.69906E-01   1.87580E+01   3.22551E+01
  1.27306E-01  -3.31768E-01  -1.77416E+00  -4.36872E-01   2.23575E+01   3.37106E+01
  1.25543E-01  -3.32188E-01  -1.75006E+00  -4.02485E-01   2.57121E+01   3.49446E+01
  1.23806E-01  -3.32573E-01  -1.72274E+00  -3.66983E-01   2.87598E+01   3.59306E+01
  1.22098E-01  -3.32922E-01  -1.69254E+00  -3.30624E-01   3.14618E+01   3.66573E+01
  1.20421E-01  -3.33234E-01  -1.65981E+00  -2.93668E-01   3.38008E+01   3.71207E+01
  1.18778E-01  -3.33509E-01  -1.62494E+00  -2.56382E-01   3.57619E+01   3.73148E+01
  1.17171E-01  -3.33747E-01  -1.58829E+00  -2.19039E-01   3.73134E+01   3.72285E+01
  1.15601E-01  -3.33947E-01  -1.55031E+00  -1.81925E-01   3.84080E+01   3.68478E+01
  1.14070E-01  -3.34111E-01  -1.51147E+00  -1.45343E-01   3.90070E+01   3.61641E+01
  1.12578E-01  -3.34238E-01  -1.47229E+00  -1.09597E-01   3.90981E+01   3.51863E+01
  1.11126E-01  -3.34330E-01  -1.43328E+00  -7.49705E-02   3.86960E+01   3.39445E+01
  1.09712E-01  -3.34388E-01  -1.39490E+00  -4.17077E-02   3.78307E+01   3.24820E+01
  1.08336E-01  -3.34413E-01  -1.35762E+00  -1.00064E-02   3.65353E+01   3.08391E+01
  1.06997E-01  -3.34408E-01  -1.32183E+00   1.99705E-02   3.48346E+01   2.90451E+01
  1.05692E-01  -3.34373E-01  -1.28795E+00   4.80837E-02   3.27469E+01   2.71237E+01
  1.04421E-01  -3.34312E-01  -1.25634E+00   7.42178E-02   3.02932E+01   2.51004E+01
  1.03180E-01  -3.34225E-01  -1.22736E+00   9.82845E-02   2.75015E+01   2.30032E+01
  1.01966E-01  -3.34115E-01  -1.20134E+00   1.20224E-01   2.44066E+01   2.08613E+01
  1.00777E-01  -3.33985E-01  -1.17855E+00   1.40007E-01   2.10468E+01   1.87025E+01
  9.96089E-02  -3.33835E-01  -1.15924E+00   1.57629E-01   1.74594E+01   1.65470E+01
  9.84585E-02  -3.33669E-01  -1.14363E+00   1.73101E-01   1.46663E+01   1.49361E+01
  9.73217E-02  -3.33489E-01  -1.12991E+00   1.87501E-01   1.27723E+01   1.38645E+01
