 FILE: 7segsprint.11

 *** Replace this line with a message to appear on all output files.                                    


        T             RX1            RY1            RX2            RY2            RX             RY             GRF            COP
       (S)            (N)            (N)            (N)            (N)            (N)            (N)            (N)            (M)

  0.000000E+000  0.000000E+000  0.000000E+000  0.000000E+000  0.000000E+000  0.000000E+000  0.000000E+000  0.000000E+000  0.000000E+000
  1.000000E-003  0.000000E+000  0.000000E+000 -2.511681E+003  2.404183E+003 -2.511681E+003  2.404183E+003  3.476872E+003  6.264506E-004
  2.000000E-003  0.000000E+000  0.000000E+000 -3.497058E+003  3.532409E+003 -3.497058E+003  3.532409E+003  4.970647E+003  9.068395E-004
  3.000000E-003  0.000000E+000  0.000000E+000 -2.038356E+003  4.781059E+003 -2.038356E+003  4.781059E+003  5.197444E+003  1.083750E-003
  4.000000E-003 -2.188302E+002  2.641011E+002 -1.159747E+003  3.608652E+003 -1.378577E+003  3.872753E+003  4.110802E+003  6.313322E-003
  5.000000E-003  1.236721E+003  2.319478E+002 -1.552213E+003  3.090628E+003 -3.154921E+002  3.322575E+003  3.337520E+003  6.716523E-003
  6.000000E-003  6.598054E+002  2.042037E+002 -1.422751E+003  2.640944E+003 -7.629456E+002  2.845148E+003  2.945667E+003  6.700029E-003
  7.000000E-003  8.095126E+002  1.794132E+002 -1.455748E+003  2.511568E+003 -6.462359E+002  2.690981E+003  2.767490E+003  6.364916E-003
  8.000000E-003  7.758942E+002  1.692115E+002 -1.451364E+003  2.429323E+003 -6.754701E+002  2.598534E+003  2.684891E+003  6.250103E-003
  9.000000E-003  8.398589E+002  1.622546E+002 -1.495371E+003  2.443271E+003 -6.555125E+002  2.605525E+003  2.686719E+003  6.063775E-003
  1.000000E-002  9.007681E+002  1.624191E+002 -1.574373E+003  2.546487E+003 -6.736054E+002  2.708906E+003  2.791400E+003  5.904148E-003
  1.100000E-002  9.363732E+002  1.694808E+002 -1.616855E+003  2.640358E+003 -6.804821E+002  2.809839E+003  2.891064E+003  5.956380E-003
  1.200000E-002  9.465685E+002  1.779495E+002 -1.597361E+003  2.652871E+003 -6.507923E+002  2.830820E+003  2.904664E+003  6.183393E-003
  1.300000E-002  9.750881E+002  1.838668E+002 -1.590787E+003  2.658497E+003 -6.156988E+002  2.842363E+003  2.908284E+003  6.347294E-003
  1.400000E-002  1.012334E+003  1.903686E+002 -1.621914E+003  2.716949E+003 -6.095799E+002  2.907317E+003  2.970536E+003  6.417616E-003
  1.500000E-002  1.026567E+003  1.995773E+002 -1.641461E+003  2.776518E+003 -6.148936E+002  2.976095E+003  3.038953E+003  6.547255E-003
  1.600000E-002  1.031338E+003  2.089166E+002 -1.627925E+003  2.791263E+003 -5.965874E+002  3.000180E+003  3.058921E+003  6.762362E-003
  1.700000E-002  1.043274E+003  2.160897E+002 -1.608511E+003  2.784964E+003 -5.652367E+002  3.001054E+003  3.053820E+003  6.962944E-003
  1.800000E-002  1.067560E+003  2.224380E+002 -1.611121E+003  2.805799E+003 -5.435613E+002  3.028237E+003  3.076634E+003  7.086204E-003
  1.900000E-002  1.080909E+003  2.299339E+002 -1.612138E+003  2.833738E+003 -5.312292E+002  3.063672E+003  3.109387E+003  7.218781E-003
  2.000000E-002  1.087512E+003  2.374968E+002 -1.597915E+003  2.842503E+003 -5.104037E+002  3.079999E+003  3.122004E+003  7.390616E-003
  2.100000E-002  1.096161E+003  2.439835E+002 -1.578827E+003  2.839739E+003 -4.826657E+002  3.083723E+003  3.121268E+003  7.559542E-003
  2.200000E-002  1.112112E+003  2.500743E+002 -1.567816E+003  2.847976E+003 -4.557042E+002  3.098050E+003  3.131386E+003  7.694467E-003
  2.300000E-002  1.120514E+003  2.565185E+002 -1.551672E+003  2.853124E+003 -4.311579E+002  3.109642E+003  3.139390E+003  7.842199E-003
  2.400000E-002  1.132065E+003  2.628102E+002 -1.534550E+003  2.857499E+003 -4.024851E+002  3.120309E+003  3.146160E+003  7.987338E-003
  2.500000E-002  1.135370E+003  2.687663E+002 -1.509292E+003  2.850039E+003 -3.739229E+002  3.118806E+003  3.141141E+003  8.149076E-003
  2.600000E-002  1.141602E+003  2.740740E+002 -1.484853E+003  2.841927E+003 -3.432518E+002  3.116001E+003  3.134850E+003  8.296530E-003
  2.700000E-002  1.152032E+003  2.795179E+002 -1.465258E+003  2.843336E+003 -3.132261E+002  3.122854E+003  3.138523E+003  8.424194E-003
  2.800000E-002  1.157706E+003  2.853277E+002 -1.441170E+003  2.841392E+003 -2.834643E+002  3.126719E+003  3.139542E+003  8.567284E-003
  2.900000E-002  1.157408E+003  2.906431E+002 -1.409272E+003  2.826235E+003 -2.518641E+002  3.116878E+003  3.127038E+003  8.729976E-003
  3.000000E-002  1.159336E+003  2.952518E+002 -1.378246E+003  2.810043E+003 -2.189100E+002  3.105295E+003  3.113001E+003  8.878441E-003
  3.100000E-002  1.165242E+003  2.999950E+002 -1.351529E+003  2.802589E+003 -1.862866E+002  3.102584E+003  3.108172E+003  9.007662E-003
  3.200000E-002  1.168188E+003  3.051352E+002 -1.322239E+003  2.794105E+003 -1.540515E+002  3.099240E+003  3.103066E+003  9.148410E-003
  3.300000E-002  1.168800E+003  3.100903E+002 -1.289380E+003  2.779637E+003 -1.205805E+002  3.089727E+003  3.092079E+003  9.300055E-003
  3.400000E-002  1.167013E+003  3.146368E+002 -1.253928E+003  2.759562E+003 -8.691506E+001  3.074199E+003  3.075427E+003  9.457045E-003
  3.500000E-002  1.165024E+003  3.188783E+002 -1.218455E+003  2.738636E+003 -5.343048E+001  3.057515E+003  3.057981E+003  9.609422E-003
  3.600000E-002  1.162667E+003  3.230645E+002 -1.182785E+003  2.717702E+003 -2.011750E+001  3.040767E+003  3.040833E+003  9.761012E-003
  3.700000E-002  1.159636E+003  3.272142E+002 -1.145919E+003  2.694923E+003  1.371781E+001  3.022138E+003  3.022169E+003  9.917703E-003
  3.800000E-002  1.155522E+003  3.312319E+002 -1.107841E+003  2.669574E+003  4.768091E+001  3.000806E+003  3.001185E+003  1.007963E-002
  3.900000E-002  1.149923E+003  3.350715E+002 -1.068922E+003  2.641877E+003  8.100164E+001  2.976948E+003  2.978050E+003  1.024553E-002
  4.000000E-002  1.143290E+003  3.387426E+002 -1.029235E+003  2.611814E+003  1.140545E+002  2.950557E+003  2.952760E+003  1.041623E-002
  4.100000E-002  1.136110E+003  3.422654E+002 -9.887064E+002  2.579129E+003  1.474034E+002  2.921394E+003  2.925111E+003  1.059357E-002
  4.200000E-002  1.128073E+003  3.456387E+002 -9.475263E+002  2.543932E+003  1.805464E+002  2.889571E+003  2.895206E+003  1.077784E-002
  4.300000E-002  1.118991E+003  3.488678E+002 -9.057732E+002  2.506120E+003  2.132178E+002  2.854988E+003  2.862938E+003  1.097031E-002
  4.400000E-002  1.108498E+003  3.519233E+002 -8.636638E+002  2.465682E+003  2.448341E+002  2.817605E+003  2.828222E+003  1.117127E-002
  4.500000E-002  1.096976E+003  3.547973E+002 -8.211696E+002  2.422194E+003  2.758067E+002  2.776991E+003  2.790654E+003  1.138299E-002
  4.600000E-002  1.085292E+003  3.575008E+002 -7.784542E+002  2.375720E+003  3.068381E+002  2.733221E+003  2.750390E+003  1.160634E-002
  4.700000E-002  1.079608E+003  3.602515E+002 -7.384835E+002  2.333796E+003  3.411243E+002  2.694048E+003  2.715559E+003  1.181568E-002
  4.800000E-002  1.069936E+003  3.632974E+002 -6.981648E+002  2.289550E+003  3.717709E+002  2.652847E+003  2.678770E+003  1.204865E-002
  4.900000E-002  1.052760E+003  3.659850E+002 -6.553682E+002  2.234251E+003  3.973923E+002  2.600236E+003  2.630427E+003  1.232870E-002
  5.000000E-002  1.038268E+003  3.680418E+002 -6.132446E+002  2.174527E+003  4.250236E+002  2.542569E+003  2.577848E+003  1.261901E-002
  5.100000E-002  1.038202E+003  3.702697E+002 -5.766756E+002  2.126812E+003  4.615265E+002  2.497081E+003  2.539374E+003  1.285890E-002
  5.200000E-002  1.030541E+003  3.733254E+002 -5.400590E+002  2.077032E+003  4.904821E+002  2.450358E+003  2.498965E+003  1.314507E-002
  5.300000E-002  1.006705E+003  3.758633E+002 -4.996754E+002  2.007815E+003  5.070295E+002  2.383678E+003  2.437006E+003  1.353851E-002
  5.400000E-002  9.874196E+002  3.771243E+002 -4.602756E+002  1.930639E+003  5.271440E+002  2.307764E+003  2.367204E+003  1.395258E-002
  5.500000E-002  9.842965E+002  3.782512E+002 -4.260763E+002  1.863465E+003  5.582202E+002  2.241716E+003  2.310173E+003  1.431091E-002
  5.600000E-002  9.761859E+002  3.801861E+002 -3.935639E+002  1.796399E+003  5.826220E+002  2.176585E+003  2.253214E+003  1.471918E-002
  5.700000E-002  9.510528E+002  3.818687E+002 -3.594843E+002  1.712641E+003  5.915685E+002  2.094509E+003  2.176447E+003  1.527520E-002
  5.800000E-002  9.474341E+002  3.823000E+002 -3.303173E+002  1.635105E+003  6.171168E+002  2.017405E+003  2.109681E+003  1.574924E-002
  5.900000E-002  9.380476E+002  3.836142E+002 -3.028748E+002  1.555316E+003  6.351728E+002  1.938930E+003  2.040318E+003  1.631365E-002
  6.000000E-002  9.120272E+002  3.845541E+002 -2.752790E+002  1.460590E+003  6.367482E+002  1.845145E+003  1.951924E+003  1.706594E-002
  6.100000E-002  9.078971E+002  3.840072E+002 -2.523062E+002  1.372300E+003  6.555909E+002  1.756307E+003  1.874677E+003  1.771932E-002
  6.200000E-002  9.170149E+002  3.842247E+002 -2.338921E+002  1.294903E+003  6.831228E+002  1.679128E+003  1.812768E+003  1.831345E-002
  6.300000E-002  9.033416E+002  3.855974E+002 -2.162079E+002  1.207705E+003  6.871337E+002  1.593302E+003  1.735156E+003  1.917857E-002
  6.400000E-002  8.738077E+002  3.859385E+002 -1.986717E+002  1.105620E+003  6.751360E+002  1.491559E+003  1.637240E+003  2.032037E-002
  6.500000E-002  8.506058E+002  3.847068E+002 -1.826590E+002  9.987418E+002  6.679468E+002  1.383449E+003  1.536256E+003  2.156506E-002
  6.600000E-002  8.462353E+002  3.825283E+002 -1.695769E+002  8.988631E+002  6.766584E+002  1.281391E+003  1.449079E+003  2.271411E-002
  6.700000E-002  8.528077E+002  3.806081E+002 -1.595539E+002  8.090661E+002  6.932537E+002  1.189674E+003  1.376926E+003  2.376859E-002
  6.800000E-002  8.340913E+002  3.803571E+002 -1.498637E+002  7.140182E+002  6.842276E+002  1.094375E+003  1.290668E+003  2.532299E-002
  6.900000E-002  7.962316E+002  3.793340E+002 -1.387538E+002  6.102911E+002  6.574778E+002  9.896251E+002  1.188122E+003  2.741484E-002
  7.000000E-002  7.766718E+002  3.759451E+002 -1.272340E+002  5.111436E+002  6.494378E+002  8.870887E+002  1.099407E+003  2.934340E-002
  7.100000E-002  7.690484E+002  3.725009E+002 -1.157499E+002  4.202968E+002  6.532985E+002  7.927977E+002  1.027291E+003  3.109647E-002
  7.200000E-002  7.538827E+002  3.697599E+002 -1.031657E+002  3.348085E+002  6.507170E+002  7.045684E+002  9.590877E+002  3.304097E-002
  7.300000E-002  7.098070E+002  3.684805E+002 -8.711569E+001  2.488085E+002  6.226913E+002  6.172890E+002  8.768068E+002  3.598669E-002
  7.400000E-002  6.386918E+002  3.670542E+002 -6.599579E+001  1.635819E+002  5.726960E+002  5.306361E+002  7.807403E+002  4.021688E-002
  7.500000E-002  5.841873E+002  3.622182E+002 -4.176675E+001  8.966019E+001  5.424205E+002  4.518784E+002  7.059845E+002  4.384116E-002
  7.600000E-002  5.429883E+002  3.567898E+002 -1.702999E+001  3.150146E+001  5.259583E+002  3.882913E+002  6.537601E+002  4.658142E-002
  7.700000E-002  5.010135E+002  3.512379E+002  0.000000E+000  0.000000E+000  5.010135E+002  3.512379E+002  6.118681E+002  4.895765E-002
  7.800000E-002  4.536181E+002  3.457221E+002  0.000000E+000  0.000000E+000  4.536181E+002  3.457221E+002  5.703447E+002  5.169632E-002
  7.900000E-002  4.142242E+002  3.356179E+002  0.000000E+000  0.000000E+000  4.142242E+002  3.356179E+002  5.331239E+002  5.368839E-002
  8.000000E-002  3.967646E+002  3.214425E+002  0.000000E+000  0.000000E+000  3.967646E+002  3.214425E+002  5.106343E+002  5.368466E-002
  8.100000E-002  3.672613E+002  3.075635E+002  0.000000E+000  0.000000E+000  3.672613E+002  3.075635E+002  4.790367E+002  5.475409E-002
  8.200000E-002  3.283643E+002  2.907164E+002  0.000000E+000  0.000000E+000  3.283643E+002  2.907164E+002  4.385649E+002  5.653020E-002
  8.300000E-002  3.172562E+002  2.675500E+002  0.000000E+000  0.000000E+000  3.172562E+002  2.675500E+002  4.150115E+002  5.497733E-002
  8.400000E-002  3.330618E+002  2.410349E+002  0.000000E+000  0.000000E+000  3.330618E+002  2.410349E+002  4.111301E+002  4.999568E-002
  8.500000E-002  3.559569E+002  2.129891E+002  0.000000E+000  0.000000E+000  3.559569E+002  2.129891E+002  4.148128E+002  4.378536E-002
  8.600000E-002  3.674641E+002  1.856513E+002  0.000000E+000  0.000000E+000  3.674641E+002  1.856513E+002  4.116992E+002  3.845318E-002
  8.700000E-002  3.638415E+002  1.580805E+002  0.000000E+000  0.000000E+000  3.638415E+002  1.580805E+002  3.966990E+002  3.397978E-002
  8.800000E-002  3.723855E+002  1.267184E+002  0.000000E+000  0.000000E+000  3.723855E+002  1.267184E+002  3.933555E+002  2.746912E-002
  8.900000E-002  4.038599E+002  9.390514E+001  0.000000E+000  0.000000E+000  4.038599E+002  9.390514E+001  4.146336E+002  1.931063E-002
  9.000000E-002  4.294252E+002  6.248631E+001  0.000000E+000  0.000000E+000  4.294252E+002  6.248631E+001  4.339477E+002  1.227697E-002
  9.100000E-002  4.295328E+002  3.154961E+001  0.000000E+000  0.000000E+000  4.295328E+002  3.154961E+001  4.306899E+002  6.244897E-003
  9.200000E-002  7.251424E+001  5.769609E-001  0.000000E+000  0.000000E+000  7.251424E+001  5.769609E-001  7.251654E+001  6.779876E-004
  9.300000E-002  0.000000E+000  0.000000E+000  0.000000E+000  0.000000E+000  0.000000E+000  0.000000E+000  0.000000E+000  0.000000E+000
