 FILE: 7segsprint.11

 *** Replace this line with a message to appear on all output files.                                    


        T             RX1            RY1            RX2            RY2            RX             RY             GRF            COP
       (S)            (N)            (N)            (N)            (N)            (N)            (N)            (N)            (M)

  0.000000E+000  0.000000E+000  0.000000E+000  0.000000E+000  0.000000E+000  0.000000E+000  0.000000E+000  0.000000E+000  0.000000E+000
  1.000000E-003  0.000000E+000  0.000000E+000 -7.119068E+003  2.984486E+003 -7.119068E+003  2.984486E+003  7.719344E+003  8.016869E-004
  2.000000E-003  0.000000E+000  0.000000E+000 -5.782940E+003  4.770751E+003 -5.782940E+003  4.770751E+003  7.496830E+003  1.547133E-003
  3.000000E-003  2.226618E+003  2.088856E+002 -3.241309E+003  5.062805E+003 -1.014691E+003  5.271690E+003  5.368456E+003  5.127042E-003
  4.000000E-003  2.542745E+003  4.208761E+002 -3.031850E+003  3.757962E+003 -4.891043E+002  4.178838E+003  4.207364E+003  1.005363E-002
  5.000000E-003  2.287493E+003  2.943385E+002 -2.818678E+003  3.036242E+003 -5.311846E+002  3.330581E+003  3.372673E+003  8.924168E-003
  6.000000E-003  1.782463E+003  2.614058E+002 -2.476670E+003  2.604618E+003 -6.942073E+002  2.866024E+003  2.948901E+003  9.041050E-003
  7.000000E-003  1.861802E+003  2.355733E+002 -2.482820E+003  2.528638E+003 -6.210186E+002  2.764212E+003  2.833113E+003  8.613798E-003
  8.000000E-003  1.753209E+003  2.316573E+002 -2.438484E+003  2.466607E+003 -6.852748E+002  2.698264E+003  2.783924E+003  8.638632E-003
  9.000000E-003  1.832903E+003  2.291213E+002 -2.509632E+003  2.521027E+003 -6.767299E+002  2.750148E+003  2.832186E+003  8.466781E-003
  1.000000E-002  1.933857E+003  2.381480E+002 -2.601542E+003  2.631043E+003 -6.676854E+002  2.869191E+003  2.945854E+003  8.477902E-003
  1.100000E-002  2.036818E+003  2.523196E+002 -2.666971E+003  2.733610E+003 -6.301524E+002  2.985929E+003  3.051699E+003  8.639572E-003
  1.200000E-002  2.048669E+003  2.644230E+002 -2.669332E+003  2.769621E+003 -6.206633E+002  3.034044E+003  3.096876E+003  8.860191E-003
  1.300000E-002  2.048217E+003  2.725307E+002 -2.656508E+003  2.778065E+003 -6.082912E+002  3.050596E+003  3.110651E+003  9.037844E-003
  1.400000E-002  2.092637E+003  2.807351E+002 -2.700189E+003  2.838092E+003 -6.075518E+002  3.118827E+003  3.177452E+003  9.090806E-003
  1.500000E-002  2.125632E+003  2.926639E+002 -2.737844E+003  2.903654E+003 -6.122116E+002  3.196318E+003  3.254420E+003  9.214047E-003
  1.600000E-002  2.149057E+003  3.049707E+002 -2.700064E+003  2.901937E+003 -5.510071E+002  3.206908E+003  3.253900E+003  9.526746E-003
  1.700000E-002  2.182020E+003  3.124764E+002 -2.656993E+003  2.881989E+003 -4.749726E+002  3.194465E+003  3.229583E+003  9.773706E-003
  1.800000E-002  2.212129E+003  3.186504E+002 -2.670415E+003  2.911679E+003 -4.582862E+002  3.230329E+003  3.262676E+003  9.839562E-003
  1.900000E-002  2.226561E+003  3.281919E+002 -2.679546E+003  2.947301E+003 -4.529851E+002  3.275493E+003  3.306668E+003  9.962806E-003
  2.000000E-002  2.241283E+003  3.374580E+002 -2.675171E+003  2.969501E+003 -4.338874E+002  3.306959E+003  3.335302E+003  1.011488E-002
  2.100000E-002  2.243545E+003  3.453403E+002 -2.654216E+003  2.972424E+003 -4.106711E+002  3.317764E+003  3.343084E+003  1.028323E-002
  2.200000E-002  2.252306E+003  3.521457E+002 -2.635353E+003  2.975199E+003 -3.830470E+002  3.327344E+003  3.349320E+003  1.042812E-002
  2.300000E-002  2.269391E+003  3.594293E+002 -2.618263E+003  2.981836E+003 -3.488723E+002  3.341265E+003  3.359429E+003  1.057446E-002
  2.400000E-002  2.293120E+003  3.672722E+002 -2.592062E+003  2.981968E+003 -2.989420E+002  3.349240E+003  3.362555E+003  1.075300E-002
  2.500000E-002  2.314062E+003  3.743629E+002 -2.563510E+003  2.978569E+003 -2.494486E+002  3.352932E+003  3.362198E+003  1.092114E-002
  2.600000E-002  2.322839E+003  3.807724E+002 -2.536358E+003  2.975285E+003 -2.135185E+002  3.356058E+003  3.362843E+003  1.106859E-002
  2.700000E-002  2.328224E+003  3.871867E+002 -2.505871E+003  2.969128E+003 -1.776473E+002  3.356315E+003  3.361013E+003  1.122310E-002
  2.800000E-002  2.336758E+003  3.934957E+002 -2.471840E+003  2.959654E+003 -1.350820E+002  3.353150E+003  3.355870E+003  1.138467E-002
  2.900000E-002  2.347389E+003  3.997082E+002 -2.433157E+003  2.945700E+003 -8.576842E+001  3.345408E+003  3.346507E+003  1.155659E-002
  3.000000E-002  2.356529E+003  4.055362E+002 -2.393316E+003  2.930063E+003 -3.678679E+001  3.335599E+003  3.335802E+003  1.172336E-002
  3.100000E-002  2.360809E+003  4.111228E+002 -2.353077E+003  2.913699E+003  7.731263E+000  3.324822E+003  3.324831E+003  1.188554E-002
  3.200000E-002  2.362810E+003  4.166456E+002 -2.310391E+003  2.894727E+003  5.241913E+001  3.311373E+003  3.311788E+003  1.205352E-002
  3.300000E-002  2.364602E+003  4.220150E+002 -2.264612E+003  2.872164E+003  9.998945E+001  3.294179E+003  3.295696E+003  1.222854E-002
  3.400000E-002  2.365393E+003  4.271522E+002 -2.216176E+003  2.846172E+003  1.492168E+002  3.273324E+003  3.276724E+003  1.240861E-002
  3.500000E-002  2.363798E+003  4.320267E+002 -2.166016E+003  2.817556E+003  1.977821E+002  3.249583E+003  3.255596E+003  1.259111E-002
  3.600000E-002  2.359424E+003  4.366989E+002 -2.114146E+003  2.786282E+003  2.452780E+002  3.222981E+003  3.232301E+003  1.277821E-002
  3.700000E-002  2.352848E+003  4.411820E+002 -2.060234E+003  2.751825E+003  2.926139E+002  3.193007E+003  3.206387E+003  1.297239E-002
  3.800000E-002  2.344271E+003  4.454454E+002 -2.004178E+003  2.713820E+003  3.400927E+002  3.159265E+003  3.177518E+003  1.317481E-002
  3.900000E-002  2.333431E+003  4.494619E+002 -1.946105E+003  2.672153E+003  3.873261E+002  3.121615E+003  3.145553E+003  1.338616E-002
  4.000000E-002  2.320023E+003  4.532204E+002 -1.886184E+003  2.626781E+003  4.338395E+002  3.080001E+003  3.110406E+003  1.360750E-002
  4.100000E-002  2.303887E+003  4.567167E+002 -1.824514E+003  2.577574E+003  4.793725E+002  3.034291E+003  3.071924E+003  1.384049E-002
  4.200000E-002  2.284955E+003  4.599418E+002 -1.761164E+003  2.524342E+003  5.237903E+002  2.984283E+003  3.029902E+003  1.408709E-002
  4.300000E-002  2.263141E+003  4.628820E+002 -1.696222E+003  2.466893E+003  5.669189E+002  2.929775E+003  2.984121E+003  1.434942E-002
  4.400000E-002  2.238333E+003  4.655238E+002 -1.629808E+003  2.405065E+003  6.085244E+002  2.870589E+003  2.934379E+003  1.462993E-002
  4.500000E-002  2.210408E+003  4.678555E+002 -1.562067E+003  2.338715E+003  6.483402E+002  2.806570E+003  2.880483E+003  1.493143E-002
  4.600000E-002  2.179249E+003  4.698671E+002 -1.493160E+003  2.267713E+003  6.860891E+002  2.737580E+003  2.822244E+003  1.525726E-002
  4.700000E-002  2.144748E+003  4.715495E+002 -1.423258E+003  2.191940E+003  7.214900E+002  2.663489E+003  2.759479E+003  1.561137E-002
  4.800000E-002  2.106790E+003  4.728951E+002 -1.352544E+003  2.111287E+003  7.542466E+002  2.584182E+003  2.692004E+003  1.599846E-002
  4.900000E-002  2.065258E+003  4.738972E+002 -1.281205E+003  2.025659E+003  7.840531E+002  2.499557E+003  2.619642E+003  1.642418E-002
  5.000000E-002  2.020023E+003  4.745509E+002 -1.209431E+003  1.934979E+003  8.105918E+002  2.409530E+003  2.542222E+003  1.689539E-002
  5.100000E-002  1.970928E+003  4.748528E+002 -1.137404E+003  1.839185E+003  8.335249E+002  2.314038E+003  2.459580E+003  1.742045E-002
  5.200000E-002  1.917795E+003  4.748013E+002 -1.065291E+003  1.738236E+003  8.525042E+002  2.213037E+003  2.371560E+003  1.800971E-002
  5.300000E-002  1.860833E+003  4.743952E+002 -9.933770E+002  1.632352E+003  8.674557E+002  2.106747E+003  2.278347E+003  1.867346E-002
  5.400000E-002  1.800638E+003  4.736533E+002 -9.220672E+002  1.522067E+003  8.785706E+002  1.995720E+003  2.180547E+003  1.942167E-002
  5.500000E-002  1.737375E+003  4.726187E+002 -8.516374E+002  1.407856E+003  8.857373E+002  1.880475E+003  2.078633E+003  2.026868E-002
  5.600000E-002  1.670831E+003  4.713253E+002 -7.821740E+002  1.290054E+003  8.886574E+002  1.761379E+003  1.972858E+003  2.123399E-002
  5.700000E-002  1.600691E+003  4.697967E+002 -7.136235E+002  1.168986E+003  8.870677E+002  1.638783E+003  1.863464E+003  2.234197E-002
  5.800000E-002  1.526500E+003  4.680588E+002 -6.457939E+002  1.045027E+003  8.807063E+002  1.513086E+003  1.750735E+003  2.362362E-002
  5.900000E-002  1.447668E+003  4.661398E+002 -5.783513E+002  9.186666E+002  8.693166E+002  1.384806E+003  1.635054E+003  2.511815E-002
  6.000000E-002  1.363460E+003  4.640759E+002 -5.108119E+002  7.905693E+002  8.526483E+002  1.254645E+003  1.516952E+003  2.687533E-002
  6.100000E-002  1.273001E+003  4.619130E+002 -4.425509E+002  6.616656E+002  8.304505E+002  1.123579E+003  1.397168E+003  2.895809E-002
  6.200000E-002  1.175332E+003  4.597093E+002 -3.728466E+002  5.332820E+002  8.024854E+002  9.929913E+002  1.276720E+003  3.144464E-002
  6.300000E-002  1.069548E+003  4.575330E+002 -3.010093E+002  4.073413E+002  7.685383E+002  8.648744E+002  1.157004E+003  3.442869E-002
  6.400000E-002  9.551302E+002  4.554508E+002 -2.266890E+002  2.866781E+002  7.284411E+002  7.421289E+002  1.039895E+003  3.801310E-002
  6.500000E-002  8.326521E+002  4.534892E+002 -1.505765E+002  1.755442E+002  6.820757E+002  6.290334E+002  9.278525E+002  4.228759E-002
  6.600000E-002  7.053146E+002  4.515291E+002 -7.595251E+001  8.043398E+001  6.293621E+002  5.319631E+002  8.240639E+002  4.726644E-002
  6.700000E-002  5.821627E+002  4.490382E+002 -1.207613E+001  1.144039E+001  5.700866E+002  4.604786E+002  7.328296E+002  5.272642E-002
  6.800000E-002  4.846479E+002  4.444175E+002  1.859292E+001 -1.552867E+001  5.032408E+002  4.288888E+002  6.612087E+002  5.776863E-002
  6.900000E-002  4.329368E+002  4.340444E+002  0.000000E+000  0.000000E+000  4.329368E+002  4.340444E+002  6.130488E+002  6.089431E-002
  7.000000E-002  3.783708E+002  4.190039E+002  0.000000E+000  0.000000E+000  3.783708E+002  4.190039E+002  5.645607E+002  6.383226E-002
  7.100000E-002  3.357156E+002  3.988122E+002  0.000000E+000  0.000000E+000  3.357156E+002  3.988122E+002  5.213023E+002  6.579715E-002
  7.200000E-002  3.053682E+002  3.737912E+002  0.000000E+000  0.000000E+000  3.053682E+002  3.737912E+002  4.826693E+002  6.660449E-002
  7.300000E-002  2.868176E+002  3.440809E+002  0.000000E+000  0.000000E+000  2.868176E+002  3.440809E+002  4.479464E+002  6.606240E-002
  7.400000E-002  2.790163E+002  3.101333E+002  0.000000E+000  0.000000E+000  2.790163E+002  3.101333E+002  4.171723E+002  6.393642E-002
  7.500000E-002  2.802773E+002  2.724639E+002  0.000000E+000  0.000000E+000  2.802773E+002  2.724639E+002  3.908861E+002  5.994723E-002
  7.600000E-002  2.886149E+002  2.317890E+002  0.000000E+000  0.000000E+000  2.886149E+002  2.317890E+002  3.701685E+002  5.385153E-002
  7.700000E-002  3.017869E+002  1.889700E+002  0.000000E+000  0.000000E+000  3.017869E+002  1.889700E+002  3.560688E+002  4.564113E-002
  7.800000E-002  3.175293E+002  1.450304E+002  0.000000E+000  0.000000E+000  3.175293E+002  1.450304E+002  3.490826E+002  3.572883E-002
  7.900000E-002  3.335908E+002  1.011356E+002  0.000000E+000  0.000000E+000  3.335908E+002  1.011356E+002  3.485846E+002  2.494999E-002
  8.000000E-002  3.474086E+002  5.858834E+001  0.000000E+000  0.000000E+000  3.474086E+002  5.858834E+001  3.523143E+002  1.429992E-002
  8.100000E-002  3.471143E+002  1.886834E+001  0.000000E+000  0.000000E+000  3.471143E+002  1.886834E+001  3.476267E+002  4.666838E-003
  8.200000E-002  0.000000E+000  0.000000E+000  0.000000E+000  0.000000E+000  0.000000E+000  0.000000E+000  0.000000E+000  0.000000E+000
