 276   2  14
    PositionX     PositionY     VelocityX     VelocityY AccelerationX AccelerationY
 -5.12131E-02  -3.04410E-01   3.44758E+00   5.89948E-01   6.36272E+00   1.45347E+01
 -4.77625E-02  -3.03812E-01   3.45369E+00   6.04510E-01   5.86161E+00   1.45886E+01
 -4.43058E-02  -3.03201E-01   3.45931E+00   6.19126E-01   5.11313E+00   1.46584E+01
 -4.08439E-02  -3.02574E-01   3.46392E+00   6.33827E-01   4.13266E+00   1.47243E+01
 -3.73779E-02  -3.01933E-01   3.46757E+00   6.48574E-01   3.20548E+00   1.47570E+01
 -3.39088E-02  -3.01277E-01   3.47033E+00   6.63341E-01   2.37660E+00   1.47709E+01
 -3.04373E-02  -3.00606E-01   3.47232E+00   6.78116E-01   1.67631E+00   1.47822E+01
 -2.69641E-02  -2.99921E-01   3.47368E+00   6.92905E-01   1.10142E+00   1.48005E+01
 -2.34899E-02  -2.99221E-01   3.47453E+00   7.07717E-01   6.17842E-01   1.48230E+01
 -2.00151E-02  -2.98505E-01   3.47492E+00   7.22551E-01   1.82221E-01   1.48381E+01
 -1.65401E-02  -2.97775E-01   3.47489E+00   7.37393E-01  -2.32333E-01   1.48318E+01
 -1.30653E-02  -2.97031E-01   3.47445E+00   7.52215E-01  -6.28301E-01   1.47933E+01
 -9.59114E-03  -2.96271E-01   3.47363E+00   7.66980E-01  -9.93165E-01   1.47217E+01
 -6.11801E-03  -2.95497E-01   3.47247E+00   7.81658E-01  -1.31298E+00   1.46275E+01
 -2.64620E-03  -2.94708E-01   3.47101E+00   7.96235E-01  -1.58428E+00   1.45254E+01
  8.24007E-04  -2.93904E-01   3.46930E+00   8.10709E-01  -1.80790E+00   1.44252E+01
  4.29240E-03  -2.93086E-01   3.46739E+00   8.25085E-01  -1.96864E+00   1.43354E+01
  7.75879E-03  -2.92254E-01   3.46536E+00   8.39380E-01  -2.03739E+00   1.42723E+01
  1.12231E-02  -2.91407E-01   3.46332E+00   8.53630E-01  -1.99330E+00   1.42594E+01
  1.46854E-02  -2.90547E-01   3.46138E+00   8.67898E-01  -1.83075E+00   1.43180E+01
  1.81459E-02  -2.89672E-01   3.45966E+00   8.82266E-01  -1.55249E+00   1.44592E+01
  2.16047E-02  -2.88782E-01   3.45827E+00   8.96817E-01  -1.17423E+00   1.46822E+01
  2.50624E-02  -2.87878E-01   3.45731E+00   9.11630E-01  -7.39638E-01   1.49748E+01
  2.85194E-02  -2.86959E-01   3.45679E+00   9.26766E-01  -3.13409E-01   1.53163E+01
  3.19760E-02  -2.86025E-01   3.45668E+00   9.42263E-01   5.44417E-02   1.56889E+01
  3.54327E-02  -2.85074E-01   3.45690E+00   9.58144E-01   3.44110E-01   1.60858E+01
  3.88898E-02  -2.84108E-01   3.45737E+00   9.74434E-01   5.44565E-01   1.65032E+01
  4.23475E-02  -2.83126E-01   3.45799E+00   9.91151E-01   6.39892E-01   1.69307E+01
  4.58058E-02  -2.82126E-01   3.45865E+00   1.00830E+00   6.14094E-01   1.73526E+01
  4.92648E-02  -2.81109E-01   3.45922E+00   1.02586E+00   4.48384E-01   1.77499E+01
  5.27242E-02  -2.80074E-01   3.45955E+00   1.04380E+00   1.19493E-01   1.80995E+01
  5.61838E-02  -2.79021E-01   3.45946E+00   1.06205E+00  -3.86193E-01   1.83802E+01
  5.96431E-02  -2.77950E-01   3.45877E+00   1.08056E+00  -1.06525E+00   1.85769E+01
  6.31014E-02  -2.76860E-01   3.45733E+00   1.09921E+00  -1.91070E+00   1.86765E+01
  6.65578E-02  -2.75752E-01   3.45495E+00   1.11791E+00  -2.91928E+00   1.86657E+01
  7.00113E-02  -2.74624E-01   3.45149E+00   1.13654E+00  -4.07797E+00   1.85390E+01
  7.34608E-02  -2.73479E-01   3.44680E+00   1.15499E+00  -5.35729E+00   1.83013E+01
  7.69049E-02  -2.72314E-01   3.44077E+00   1.17314E+00  -6.72597E+00   1.79599E+01
  8.03423E-02  -2.71132E-01   3.43334E+00   1.19091E+00  -8.16582E+00   1.75171E+01
  8.37716E-02  -2.69933E-01   3.42444E+00   1.20818E+00  -9.67735E+00   1.69665E+01
  8.71912E-02  -2.68716E-01   3.41399E+00   1.22484E+00  -1.12833E+01   1.62876E+01
  9.05996E-02  -2.67483E-01   3.40188E+00   1.24075E+00  -1.30187E+01   1.54465E+01
  9.39949E-02  -2.66234E-01   3.38795E+00   1.25573E+00  -1.49029E+01   1.44107E+01
  9.73755E-02  -2.64972E-01   3.37207E+00   1.26957E+00  -1.69201E+01   1.31688E+01
  1.00739E-01  -2.63695E-01   3.35411E+00   1.28207E+00  -1.90281E+01   1.17346E+01
  1.04084E-01  -2.62407E-01   3.33401E+00   1.29304E+00  -2.11805E+01   1.01295E+01
  1.07407E-01  -2.61109E-01   3.31175E+00   1.30233E+00  -2.33455E+01   8.36259E+00
  1.10707E-01  -2.59803E-01   3.28732E+00   1.30977E+00  -2.55055E+01   6.43127E+00
  1.13982E-01  -2.58490E-01   3.26074E+00   1.31519E+00  -2.76406E+01   4.34197E+00
  1.17229E-01  -2.57172E-01   3.23204E+00   1.31845E+00  -2.97237E+01   2.11690E+00
  1.20446E-01  -2.55853E-01   3.20129E+00   1.31943E+00  -3.17292E+01  -2.17429E-01
  1.23631E-01  -2.54533E-01   3.16858E+00   1.31802E+00  -3.36321E+01  -2.63692E+00
  1.26783E-01  -2.53217E-01   3.13403E+00   1.31415E+00  -3.54053E+01  -5.11880E+00
  1.29899E-01  -2.51905E-01   3.09777E+00   1.30778E+00  -3.70257E+01  -7.64236E+00
  1.32979E-01  -2.50601E-01   3.05998E+00   1.29887E+00  -3.84765E+01  -1.01872E+01
  1.36019E-01  -2.49307E-01   3.02082E+00   1.28740E+00  -3.97419E+01  -1.27277E+01
  1.39020E-01  -2.48026E-01   2.98049E+00   1.27341E+00  -4.08048E+01  -1.52298E+01
  1.41980E-01  -2.46761E-01   2.93921E+00   1.25695E+00  -4.16497E+01  -1.76514E+01
  1.44899E-01  -2.45513E-01   2.89719E+00   1.23811E+00  -4.22647E+01  -1.99512E+01
  1.47775E-01  -2.44284E-01   2.85468E+00   1.21704E+00  -4.26482E+01  -2.21038E+01
  1.50608E-01  -2.43078E-01   2.81190E+00   1.19390E+00  -4.28146E+01  -2.41045E+01
  1.53398E-01  -2.41897E-01   2.76905E+00   1.16883E+00  -4.27866E+01  -2.59577E+01
  1.56146E-01  -2.40741E-01   2.72632E+00   1.14199E+00  -4.25831E+01  -2.76632E+01
  1.58851E-01  -2.39613E-01   2.68388E+00   1.11351E+00  -4.22183E+01  -2.92155E+01
  1.61514E-01  -2.38514E-01   2.64189E+00   1.08355E+00  -4.17043E+01  -3.06039E+01
  1.64135E-01  -2.37446E-01   2.60048E+00   1.05230E+00  -4.10512E+01  -3.18105E+01
  1.66715E-01  -2.36409E-01   2.55978E+00   1.01993E+00  -4.02716E+01  -3.28183E+01
  1.69254E-01  -2.35406E-01   2.51993E+00   9.86663E-01  -3.93838E+01  -3.36225E+01
  1.71755E-01  -2.34436E-01   2.48102E+00   9.52689E-01  -3.84079E+01  -3.42293E+01
  1.74216E-01  -2.33500E-01   2.44312E+00   9.18204E-01  -3.73647E+01  -3.46522E+01
  1.76641E-01  -2.32599E-01   2.40629E+00   8.83384E-01  -3.62751E+01  -3.49068E+01
  1.79029E-01  -2.31734E-01   2.37057E+00   8.48391E-01  -3.51559E+01  -3.50011E+01
  1.81382E-01  -2.30903E-01   2.33598E+00   8.13382E-01  -3.40160E+01  -3.49318E+01
  1.83701E-01  -2.30107E-01   2.30253E+00   7.78527E-01  -3.28651E+01  -3.46968E+01
  1.85987E-01  -2.29346E-01   2.27025E+00   7.43989E-01  -3.17207E+01  -3.43090E+01
  1.88241E-01  -2.28619E-01   2.23909E+00   7.09909E-01  -3.06032E+01  -3.37944E+01
  1.90465E-01  -2.27926E-01   2.20904E+00   6.76400E-01  -2.95281E+01  -3.31845E+01
  1.92660E-01  -2.27266E-01   2.18004E+00   6.43540E-01  -2.85054E+01  -3.25101E+01
  1.94825E-01  -2.26639E-01   2.15203E+00   6.11380E-01  -2.75381E+01  -3.17940E+01
  1.96964E-01  -2.26043E-01   2.12496E+00   5.79952E-01  -2.66220E+01  -3.10473E+01
  1.99075E-01  -2.25479E-01   2.09878E+00   5.49285E-01  -2.57508E+01  -3.02751E+01
  2.01161E-01  -2.24945E-01   2.07346E+00   5.19402E-01  -2.49233E+01  -2.94838E+01
  2.03222E-01  -2.24440E-01   2.04894E+00   4.90317E-01  -2.41449E+01  -2.86860E+01
  2.05259E-01  -2.23964E-01   2.02517E+00   4.62030E-01  -2.34222E+01  -2.78988E+01
  2.07273E-01  -2.23516E-01   2.00209E+00   4.34520E-01  -2.27526E+01  -2.71289E+01
  2.09263E-01  -2.23095E-01   1.97966E+00   4.07772E-01  -2.21181E+01  -2.63633E+01
  2.11232E-01  -2.22700E-01   1.95786E+00   3.81793E-01  -2.14919E+01  -2.55753E+01
  2.13179E-01  -2.22331E-01   1.93668E+00   3.56621E-01  -2.08556E+01  -2.47448E+01
  2.15105E-01  -2.21987E-01   1.91615E+00   3.32304E-01  -2.02062E+01  -2.38705E+01
  2.17011E-01  -2.21667E-01   1.89627E+00   3.08880E-01  -1.95499E+01  -2.29628E+01
  2.18898E-01  -2.21369E-01   1.87705E+00   2.86378E-01  -1.88958E+01  -2.20281E+01
  2.20765E-01  -2.21094E-01   1.85848E+00   2.64824E-01  -1.82538E+01  -2.10662E+01
  2.22615E-01  -2.20840E-01   1.84054E+00   2.44246E-01  -1.76321E+01  -2.00858E+01
  2.24446E-01  -2.20606E-01   1.82321E+00   2.24652E-01  -1.70374E+01  -1.91160E+01
  2.26261E-01  -2.20390E-01   1.80646E+00   2.06014E-01  -1.64797E+01  -1.81982E+01
  2.28059E-01  -2.20193E-01   1.79025E+00   1.88256E-01  -1.59699E+01  -1.73631E+01
  2.29842E-01  -2.20014E-01   1.77452E+00   1.71288E-01  -1.55104E+01  -1.66199E+01
  2.31608E-01  -2.19851E-01   1.75923E+00   1.55016E-01  -1.50971E+01  -1.59705E+01
  2.33360E-01  -2.19704E-01   1.74433E+00   1.39346E-01  -1.47321E+01  -1.54301E+01
  2.35097E-01  -2.19572E-01   1.72977E+00   1.24156E-01  -1.44309E+01  -1.50342E+01
  2.36820E-01  -2.19456E-01   1.71547E+00   1.09278E-01  -1.42122E+01  -1.48216E+01
  2.38528E-01  -2.19354E-01   1.70134E+00   9.45127E-02  -1.40784E+01  -1.48085E+01
  2.40222E-01  -2.19267E-01   1.68731E+00   7.96611E-02  -1.40121E+01  -1.49833E+01
  2.41903E-01  -2.19194E-01   1.67332E+00   6.45462E-02  -1.39947E+01  -1.53295E+01
  2.43569E-01  -2.19137E-01   1.65932E+00   4.90021E-02  -1.40249E+01  -1.58514E+01
  2.45221E-01  -2.19096E-01   1.64527E+00   3.28434E-02  -1.41148E+01  -1.65750E+01
  2.46859E-01  -2.19072E-01   1.63109E+00   1.58522E-02  -1.42717E+01  -1.75193E+01
  2.48483E-01  -2.19065E-01   1.61673E+00  -2.19519E-03  -1.44863E+01  -1.86681E+01
  2.50093E-01  -2.19076E-01   1.60212E+00  -2.14840E-02  -1.47374E+01  -1.99761E+01
  2.51688E-01  -2.19108E-01   1.58725E+00  -4.21473E-02  -1.50060E+01  -2.14050E+01
  2.53267E-01  -2.19160E-01   1.57211E+00  -6.42941E-02  -1.52861E+01  -2.29477E+01
  2.54832E-01  -2.19236E-01   1.55668E+00  -8.80428E-02  -1.55847E+01  -2.46173E+01
  2.56381E-01  -2.19337E-01   1.54094E+00  -1.13529E-01  -1.59138E+01  -2.64238E+01
  2.57914E-01  -2.19463E-01   1.52485E+00  -1.40890E-01  -1.62795E+01  -2.83616E+01
  2.59431E-01  -2.19618E-01   1.50838E+00  -1.70252E-01  -1.66779E+01  -3.04100E+01
  2.60931E-01  -2.19804E-01   1.49150E+00  -2.01710E-01  -1.71027E+01  -3.25421E+01
  2.62413E-01  -2.20022E-01   1.47417E+00  -2.35336E-01  -1.75558E+01  -3.47372E+01
  2.63879E-01  -2.20274E-01   1.45638E+00  -2.71185E-01  -1.80459E+01  -3.69834E+01
  2.65326E-01  -2.20564E-01   1.43808E+00  -3.09303E-01  -1.85767E+01  -3.92641E+01
  2.66755E-01  -2.20893E-01   1.41923E+00  -3.49713E-01  -1.91384E+01  -4.15404E+01
  2.68165E-01  -2.21264E-01   1.39981E+00  -3.92384E-01  -1.97124E+01  -4.37578E+01
  2.69555E-01  -2.21678E-01   1.37981E+00  -4.37229E-01  -2.02859E+01  -4.58749E+01
  2.70924E-01  -2.22138E-01   1.35923E+00  -4.84134E-01  -2.08593E+01  -4.78755E+01
  2.72273E-01  -2.22646E-01   1.33809E+00  -5.32980E-01  -2.14429E+01  -4.97526E+01
  2.73601E-01  -2.23204E-01   1.31635E+00  -5.83639E-01  -2.20482E+01  -5.14902E+01
  2.74906E-01  -2.23813E-01   1.29399E+00  -6.35960E-01  -2.26799E+01  -5.30613E+01
  2.76188E-01  -2.24476E-01   1.27099E+00  -6.89761E-01  -2.33361E+01  -5.44338E+01
  2.77448E-01  -2.25193E-01   1.24732E+00  -7.44828E-01  -2.40144E+01  -5.55768E+01
  2.78683E-01  -2.25966E-01   1.22296E+00  -8.00915E-01  -2.47201E+01  -5.64716E+01
  2.79894E-01  -2.26795E-01   1.19788E+00  -8.57771E-01  -2.54662E+01  -5.71230E+01
  2.81079E-01  -2.27681E-01   1.17203E+00  -9.15161E-01  -2.62653E+01  -5.75499E+01
  2.82238E-01  -2.28625E-01   1.14535E+00  -9.72870E-01  -2.71210E+01  -5.77551E+01
  2.83370E-01  -2.29627E-01   1.11779E+00  -1.03067E+00  -2.80319E+01  -5.77181E+01
  2.84473E-01  -2.30686E-01   1.08928E+00  -1.08831E+00  -2.90020E+01  -5.74245E+01
  2.85548E-01  -2.31803E-01   1.05978E+00  -1.14552E+00  -3.00448E+01  -5.68890E+01
  2.86593E-01  -2.32977E-01   1.02919E+00  -1.20208E+00  -3.11696E+01  -5.61350E+01
  2.87607E-01  -2.34208E-01   9.97442E-01  -1.25779E+00  -3.23656E+01  -5.51607E+01
  2.88588E-01  -2.35493E-01   9.64464E-01  -1.31241E+00  -3.36062E+01  -5.39418E+01
  2.89535E-01  -2.36832E-01   9.30230E-01  -1.36567E+00  -3.48712E+01  -5.24687E+01
  2.90448E-01  -2.38224E-01   8.94721E-01  -1.41734E+00  -3.61615E+01  -5.07695E+01
  2.91325E-01  -2.39667E-01   8.57907E-01  -1.46721E+00  -3.74910E+01  -4.88957E+01
  2.92164E-01  -2.41159E-01   8.19739E-01  -1.51513E+00  -3.88682E+01  -4.68903E+01
  2.92964E-01  -2.42697E-01   7.80170E-01  -1.56099E+00  -4.02842E+01  -4.47668E+01
  2.93724E-01  -2.44281E-01   7.39171E-01  -1.60467E+00  -4.17153E+01  -4.25140E+01
  2.94443E-01  -2.45907E-01   6.96740E-01  -1.64602E+00  -4.31352E+01  -4.01222E+01
  2.95118E-01  -2.47573E-01   6.52901E-01  -1.68491E+00  -4.45259E+01  -3.76056E+01
  2.95749E-01  -2.49277E-01   6.07688E-01  -1.72123E+00  -4.58806E+01  -3.50028E+01
  2.96333E-01  -2.51015E-01   5.61139E-01  -1.75492E+00  -4.71969E+01  -3.23605E+01
  2.96871E-01  -2.52786E-01   5.13294E-01  -1.78595E+00  -4.84674E+01  -2.97183E+01
  2.97360E-01  -2.54587E-01   4.64205E-01  -1.81436E+00  -4.96759E+01  -2.70975E+01
  2.97799E-01  -2.56415E-01   4.13943E-01  -1.84015E+00  -5.07987E+01  -2.44963E+01
  2.98188E-01  -2.58267E-01   3.62607E-01  -1.86335E+00  -5.18142E+01  -2.19025E+01
  2.98524E-01  -2.60142E-01   3.10314E-01  -1.88395E+00  -5.27100E+01  -1.93113E+01
  2.98808E-01  -2.62035E-01   2.57187E-01  -1.90197E+00  -5.34801E+01  -1.67293E+01
  2.99039E-01  -2.63946E-01   2.03354E-01  -1.91741E+00  -5.41176E+01  -1.41649E+01
  2.99215E-01  -2.65870E-01   1.48952E-01  -1.93030E+00  -5.46126E+01  -1.16241E+01
  2.99337E-01  -2.67806E-01   9.41288E-02  -1.94066E+00  -5.49567E+01  -9.11568E+00
  2.99403E-01  -2.69752E-01   3.90385E-02  -1.94853E+00  -5.51466E+01  -6.65402E+00
  2.99415E-01  -2.71703E-01  -1.61643E-02  -1.95397E+00  -5.51842E+01  -4.25256E+00
  2.99371E-01  -2.73659E-01  -7.13298E-02  -1.95704E+00  -5.50770E+01  -1.92135E+00
  2.99272E-01  -2.75617E-01  -1.26318E-01  -1.95781E+00  -5.48356E+01   3.31524E-01
  2.99118E-01  -2.77575E-01  -1.81001E-01  -1.95637E+00  -5.44666E+01   2.49965E+00
  2.98910E-01  -2.79530E-01  -2.35252E-01  -1.95281E+00  -5.39700E+01   4.57870E+00
  2.98648E-01  -2.81481E-01  -2.88941E-01  -1.94722E+00  -5.33439E+01   6.56586E+00
  2.98332E-01  -2.83425E-01  -3.41939E-01  -1.93968E+00  -5.25907E+01   8.45990E+00
  2.97964E-01  -2.85360E-01  -3.94123E-01  -1.93030E+00  -5.17149E+01   1.02627E+01
  2.97544E-01  -2.87285E-01  -4.45369E-01  -1.91915E+00  -5.07188E+01   1.19790E+01
  2.97073E-01  -2.89198E-01  -4.95560E-01  -1.90634E+00  -4.96078E+01   1.36090E+01
  2.96553E-01  -2.91098E-01  -5.44585E-01  -1.89194E+00  -4.83961E+01   1.51412E+01
  2.95984E-01  -2.92982E-01  -5.92352E-01  -1.87606E+00  -4.71039E+01   1.65565E+01
  2.95368E-01  -2.94850E-01  -6.38793E-01  -1.85882E+00  -4.57507E+01   1.78405E+01
  2.94707E-01  -2.96700E-01  -6.83854E-01  -1.84038E+00  -4.43547E+01   1.89868E+01
  2.94000E-01  -2.98531E-01  -7.27502E-01  -1.82085E+00  -4.29357E+01   1.99902E+01
  2.93252E-01  -3.00342E-01  -7.69725E-01  -1.80039E+00  -4.15152E+01   2.08439E+01
  2.92461E-01  -3.02132E-01  -8.10533E-01  -1.77916E+00  -4.01118E+01   2.15436E+01
  2.91630E-01  -3.03900E-01  -8.49949E-01  -1.75731E+00  -3.87379E+01   2.20914E+01
  2.90761E-01  -3.05646E-01  -8.88008E-01  -1.73498E+00  -3.74030E+01   2.24945E+01
  2.89854E-01  -3.07370E-01  -9.24755E-01  -1.71232E+00  -3.61179E+01   2.27554E+01
  2.88912E-01  -3.09071E-01  -9.60244E-01  -1.68947E+00  -3.48979E+01   2.28664E+01
  2.87934E-01  -3.10749E-01  -9.94551E-01  -1.66659E+00  -3.37559E+01   2.28226E+01
  2.86923E-01  -3.12404E-01  -1.02776E+00  -1.64382E+00  -3.26949E+01   2.26341E+01
  2.85878E-01  -3.14036E-01  -1.05994E+00  -1.62132E+00  -3.17123E+01   2.23176E+01
  2.84803E-01  -3.15647E-01  -1.09118E+00  -1.59919E+00  -3.08120E+01   2.18811E+01
  2.83696E-01  -3.17235E-01  -1.12156E+00  -1.57756E+00  -3.00053E+01   2.13241E+01
  2.82560E-01  -3.18802E-01  -1.15119E+00  -1.55654E+00  -2.93054E+01   2.06436E+01
  2.81394E-01  -3.20348E-01  -1.18018E+00  -1.53627E+00  -2.87230E+01   1.98347E+01
  2.80199E-01  -3.21874E-01  -1.20864E+00  -1.51687E+00  -2.82604E+01   1.89003E+01
  2.78976E-01  -3.23382E-01  -1.23670E+00  -1.49847E+00  -2.79040E+01   1.78665E+01
  2.77726E-01  -3.24871E-01  -1.26445E+00  -1.48114E+00  -2.76305E+01   1.67768E+01
  2.76448E-01  -3.26344E-01  -1.29196E+00  -1.46491E+00  -2.74255E+01   1.56648E+01
  2.75142E-01  -3.27801E-01  -1.31930E+00  -1.44981E+00  -2.72912E+01   1.45413E+01
  2.73809E-01  -3.29244E-01  -1.34654E+00  -1.43583E+00  -2.72371E+01   1.34054E+01
  2.72449E-01  -3.30673E-01  -1.37377E+00  -1.42300E+00  -2.72642E+01   1.22627E+01
  2.71061E-01  -3.32090E-01  -1.40107E+00  -1.41131E+00  -2.73581E+01   1.11323E+01
  2.69647E-01  -3.33495E-01  -1.42849E+00  -1.40073E+00  -2.74933E+01   1.00429E+01
  2.68204E-01  -3.34891E-01  -1.45605E+00  -1.39122E+00  -2.76430E+01   9.02333E+00
  2.66735E-01  -3.36278E-01  -1.48377E+00  -1.38269E+00  -2.77862E+01   8.09434E+00
  2.65237E-01  -3.37656E-01  -1.51163E+00  -1.37503E+00  -2.79112E+01   7.26544E+00
  2.63711E-01  -3.39028E-01  -1.53960E+00  -1.36816E+00  -2.80150E+01   6.53537E+00
  2.62158E-01  -3.40393E-01  -1.56766E+00  -1.36196E+00  -2.80974E+01   5.89686E+00
  2.60576E-01  -3.41752E-01  -1.59579E+00  -1.35636E+00  -2.81543E+01   5.34476E+00
  2.58966E-01  -3.43105E-01  -1.62397E+00  -1.35127E+00  -2.81761E+01   4.88059E+00
  2.57328E-01  -3.44454E-01  -1.65214E+00  -1.34660E+00  -2.81557E+01   4.50548E+00
  2.55662E-01  -3.45799E-01  -1.68028E+00  -1.34226E+00  -2.80993E+01   4.20841E+00
  2.53967E-01  -3.47139E-01  -1.70834E+00  -1.33818E+00  -2.80263E+01   3.96692E+00
  2.52245E-01  -3.48475E-01  -1.73633E+00  -1.33433E+00  -2.79549E+01   3.76262E+00
  2.50495E-01  -3.49807E-01  -1.76425E+00  -1.33066E+00  -2.78867E+01   3.59564E+00
  2.48717E-01  -3.51136E-01  -1.79210E+00  -1.32714E+00  -2.78052E+01   3.48419E+00
  2.46911E-01  -3.52462E-01  -1.81986E+00  -1.32369E+00  -2.76918E+01   3.44809E+00
  2.45077E-01  -3.53784E-01  -1.84749E+00  -1.32024E+00  -2.75446E+01   3.49123E+00
  2.43216E-01  -3.55102E-01  -1.87495E+00  -1.31671E+00  -2.73776E+01   3.60358E+00
  2.41327E-01  -3.56417E-01  -1.90224E+00  -1.31303E+00  -2.71981E+01   3.78052E+00
  2.39411E-01  -3.57728E-01  -1.92935E+00  -1.30915E+00  -2.69953E+01   4.03099E+00
  2.37468E-01  -3.59035E-01  -1.95623E+00  -1.30497E+00  -2.67557E+01   4.36386E+00
  2.35499E-01  -3.60338E-01  -1.98286E+00  -1.30042E+00  -2.64786E+01   4.77734E+00
  2.33503E-01  -3.61636E-01  -2.00919E+00  -1.29542E+00  -2.61675E+01   5.26744E+00
  2.31480E-01  -3.62929E-01  -2.03519E+00  -1.28988E+00  -2.58186E+01   5.83653E+00
  2.29432E-01  -3.64216E-01  -2.06083E+00  -1.28374E+00  -2.54297E+01   6.48592E+00
  2.27359E-01  -3.65496E-01  -2.08605E+00  -1.27691E+00  -2.50133E+01   7.20635E+00
  2.25260E-01  -3.66770E-01  -2.11085E+00  -1.26933E+00  -2.45901E+01   7.98292E+00
  2.23137E-01  -3.68035E-01  -2.13523E+00  -1.26095E+00  -2.41735E+01   8.80561E+00
  2.20990E-01  -3.69292E-01  -2.15920E+00  -1.25172E+00  -2.37703E+01   9.67009E+00
  2.18819E-01  -3.70539E-01  -2.18277E+00  -1.24161E+00  -2.33899E+01   1.05705E+01
  2.16624E-01  -3.71775E-01  -2.20598E+00  -1.23058E+00  -2.30468E+01   1.14957E+01
  2.14407E-01  -3.73000E-01  -2.22887E+00  -1.21861E+00  -2.27542E+01   1.24337E+01
  2.12166E-01  -3.74212E-01  -2.25149E+00  -1.20571E+00  -2.25240E+01   1.33746E+01
  2.09904E-01  -3.75411E-01  -2.27391E+00  -1.19187E+00  -2.23793E+01   1.43022E+01
  2.07619E-01  -3.76596E-01  -2.29625E+00  -1.17711E+00  -2.23513E+01   1.51939E+01
  2.05311E-01  -3.77765E-01  -2.31862E+00  -1.16148E+00  -2.24530E+01   1.60400E+01
  2.02981E-01  -3.78919E-01  -2.34115E+00  -1.14503E+00  -2.26635E+01   1.68568E+01
  2.00629E-01  -3.80055E-01  -2.36394E+00  -1.12776E+00  -2.29447E+01   1.76732E+01
  1.98253E-01  -3.81174E-01  -2.38704E+00  -1.10968E+00  -2.32614E+01   1.85107E+01
  1.95855E-01  -3.82275E-01  -2.41047E+00  -1.09074E+00  -2.35823E+01   1.93807E+01
  1.93432E-01  -3.83356E-01  -2.43421E+00  -1.07092E+00  -2.38688E+01   2.02923E+01
  1.90986E-01  -3.84417E-01  -2.45821E+00  -1.05016E+00  -2.40734E+01   2.12555E+01
  1.88516E-01  -3.85456E-01  -2.48235E+00  -1.02841E+00  -2.41494E+01   2.22757E+01
  1.86022E-01  -3.86473E-01  -2.50650E+00  -1.00561E+00  -2.40627E+01   2.33468E+01
  1.83503E-01  -3.87467E-01  -2.53048E+00  -9.81713E-01  -2.37874E+01   2.44529E+01
  1.80961E-01  -3.88437E-01  -2.55408E+00  -9.56701E-01  -2.32908E+01   2.55781E+01
  1.78395E-01  -3.89381E-01  -2.57706E+00  -9.30557E-01  -2.25283E+01   2.67118E+01
  1.75807E-01  -3.90298E-01  -2.59914E+00  -9.03277E-01  -2.14587E+01   2.78418E+01
  1.73197E-01  -3.91187E-01  -2.61998E+00  -8.74873E-01  -2.00615E+01   2.89483E+01
  1.70567E-01  -3.92048E-01  -2.63926E+00  -8.45381E-01  -1.83363E+01   3.00067E+01
  1.67918E-01  -3.92878E-01  -2.65665E+00  -8.14860E-01  -1.62916E+01   3.09954E+01
  1.65253E-01  -3.93677E-01  -2.67184E+00  -7.83390E-01  -1.39420E+01   3.18969E+01
  1.62574E-01  -3.94445E-01  -2.68453E+00  -7.51066E-01  -1.13141E+01   3.26932E+01
  1.59884E-01  -3.95180E-01  -2.69447E+00  -7.18003E-01  -8.44931E+00   3.33634E+01
  1.57185E-01  -3.95881E-01  -2.70143E+00  -6.84339E-01  -5.39899E+00   3.38863E+01
  1.54481E-01  -3.96548E-01  -2.70527E+00  -6.50231E-01  -2.21950E+00   3.42432E+01
  1.51775E-01  -3.97181E-01  -2.70587E+00  -6.15853E-01   1.02551E+00   3.44202E+01
  1.49070E-01  -3.97780E-01  -2.70322E+00  -5.81390E-01   4.26100E+00   3.44077E+01
  1.46369E-01  -3.98344E-01  -2.69735E+00  -5.47037E-01   7.40625E+00   3.42024E+01
  1.43675E-01  -3.98874E-01  -2.68840E+00  -5.12986E-01   1.03871E+01   3.38086E+01
  1.40992E-01  -3.99370E-01  -2.67658E+00  -4.79420E-01   1.31389E+01   3.32362E+01
  1.38322E-01  -3.99833E-01  -2.66213E+00  -4.46513E-01   1.55932E+01   3.24935E+01
  1.35667E-01  -4.00263E-01  -2.64539E+00  -4.14433E-01   1.76617E+01   3.15777E+01
  1.33031E-01  -4.00662E-01  -2.62680E+00  -3.83358E-01   1.92475E+01   3.04809E+01
  1.30414E-01  -4.01030E-01  -2.60690E+00  -3.53471E-01   2.02947E+01   2.92136E+01
  1.27817E-01  -4.01369E-01  -2.58621E+00  -3.24931E-01   2.08329E+01   2.78248E+01
  1.25241E-01  -4.01680E-01  -2.56523E+00  -2.97822E-01   2.09583E+01   2.63888E+01
  1.22687E-01  -4.01964E-01  -2.54430E+00  -2.72153E-01   2.07737E+01   2.49742E+01
  1.20153E-01  -4.02224E-01  -2.52368E+00  -2.47873E-01   2.03579E+01   2.36304E+01
  1.17639E-01  -4.02460E-01  -2.50358E+00  -2.24892E-01   1.97768E+01   2.23937E+01
  1.15146E-01  -4.02674E-01  -2.48413E+00  -2.03086E-01   1.90865E+01   2.12912E+01
  1.12671E-01  -4.02866E-01  -2.46541E+00  -1.82310E-01   1.83151E+01   2.03357E+01
  1.10215E-01  -4.03038E-01  -2.44750E+00  -1.62414E-01   1.74514E+01   1.95244E+01
  1.07776E-01  -4.03191E-01  -2.43051E+00  -1.43261E-01   1.64713E+01   1.88475E+01
  1.05354E-01  -4.03325E-01  -2.41456E+00  -1.24719E-01   1.53807E+01   1.83031E+01
  1.02947E-01  -4.03441E-01  -2.39974E+00  -1.06655E-01   1.42275E+01   1.78985E+01
  1.00554E-01  -4.03538E-01  -2.38610E+00  -8.89224E-02   1.30707E+01   1.76396E+01
  9.81748E-02  -4.03618E-01  -2.37360E+00  -7.13756E-02   1.19453E+01   1.75202E+01
  9.58071E-02  -4.03681E-01  -2.36221E+00  -5.38820E-02   1.08559E+01   1.75227E+01
  9.34503E-02  -4.03726E-01  -2.35189E+00  -3.63303E-02   9.79635E+00   1.76253E+01
  9.11034E-02  -4.03754E-01  -2.34262E+00  -1.86315E-02   8.76418E+00   1.78055E+01
  8.87651E-02  -4.03763E-01  -2.33436E+00  -7.19199E-04   8.00405E+00   1.79724E+01
  8.64346E-02  -4.03755E-01  -2.32661E+00   1.73133E-02   7.50208E+00   1.80926E+01
