 FILE: 7segsprint.11

 *** Replace this line with a message to appear on all output files.                                    


        T             RX1            RY1            RX2            RY2            RX             RY             GRF            COP
       (S)            (N)            (N)            (N)            (N)            (N)            (N)            (N)            (M)

  0.000000E+000  0.000000E+000  0.000000E+000  0.000000E+000  0.000000E+000  0.000000E+000  0.000000E+000  0.000000E+000  0.000000E+000
  1.000000E-003  0.000000E+000  0.000000E+000 -6.755364E+003  2.950995E+003 -6.755364E+003  2.950995E+003  7.371792E+003  7.960008E-004
  2.000000E-003  0.000000E+000  0.000000E+000 -5.639672E+003  4.685029E+003 -5.639672E+003  4.685029E+003  7.331807E+003  1.503204E-003
  3.000000E-003  2.106296E+003  1.889393E+002 -3.158998E+003  5.056237E+003 -1.052702E+003  5.245176E+003  5.349772E+003  4.772497E-003
  4.000000E-003  2.354375E+003  4.137572E+002 -2.889860E+003  3.749950E+003 -5.354852E+002  4.163707E+003  4.198000E+003  9.877562E-003
  5.000000E-003  2.226568E+003  2.903438E+002 -2.735848E+003  3.045978E+003 -5.092800E+002  3.336322E+003  3.374968E+003  8.768507E-003
  6.000000E-003  1.701865E+003  2.583329E+002 -2.402937E+003  2.610072E+003 -7.010721E+002  2.868405E+003  2.952838E+003  8.891225E-003
  7.000000E-003  1.789215E+003  2.321522E+002 -2.411404E+003  2.531421E+003 -6.221888E+002  2.763573E+003  2.832747E+003  8.461600E-003
  8.000000E-003  1.680377E+003  2.277686E+002 -2.367409E+003  2.466380E+003 -6.870323E+002  2.694148E+003  2.780368E+003  8.479257E-003
  9.000000E-003  1.759830E+003  2.248682E+002 -2.436088E+003  2.518442E+003 -6.762578E+002  2.743310E+003  2.825433E+003  8.306713E-003
  1.000000E-002  1.858822E+003  2.334270E+002 -2.525036E+003  2.627408E+003 -6.662136E+002  2.860835E+003  2.937383E+003  8.313349E-003
  1.100000E-002  1.961011E+003  2.473160E+002 -2.590305E+003  2.731965E+003 -6.292941E+002  2.979281E+003  3.045016E+003  8.468069E-003
  1.200000E-002  1.973342E+003  2.594957E+002 -2.593857E+003  2.770281E+003 -6.205142E+002  3.029777E+003  3.092666E+003  8.687767E-003
  1.300000E-002  1.971089E+003  2.677109E+002 -2.578924E+003  2.776928E+003 -6.078354E+002  3.044638E+003  3.104720E+003  8.873344E-003
  1.400000E-002  2.013424E+003  2.757347E+002 -2.619587E+003  2.834666E+003 -6.061636E+002  3.110400E+003  3.168915E+003  8.930313E-003
  1.500000E-002  2.045940E+003  2.875014E+002 -2.655349E+003  2.899594E+003 -6.094092E+002  3.187096E+003  3.244836E+003  9.055122E-003
  1.600000E-002  2.075707E+003  3.000228E+002 -2.622937E+003  2.903668E+003 -5.472300E+002  3.203691E+003  3.250092E+003  9.360634E-003
  1.700000E-002  2.108592E+003  3.080647E+002 -2.580977E+003  2.885497E+003 -4.723853E+002  3.193562E+003  3.228310E+003  9.614404E-003
  1.800000E-002  2.132826E+003  3.142268E+002 -2.588295E+003  2.909511E+003 -4.554689E+002  3.223738E+003  3.255754E+003  9.694985E-003
  1.900000E-002  2.145602E+003  3.233372E+002 -2.596004E+003  2.943274E+003 -4.504011E+002  3.266612E+003  3.297516E+003  9.814344E-003
  2.000000E-002  2.159517E+003  3.325549E+002 -2.592722E+003  2.966885E+003 -4.332050E+002  3.299440E+003  3.327757E+003  9.962480E-003
  2.100000E-002  2.162493E+003  3.406208E+002 -2.573647E+003  2.972081E+003 -4.111540E+002  3.312702E+003  3.338120E+003  1.012953E-002
  2.200000E-002  2.169974E+003  3.475948E+002 -2.554268E+003  2.974637E+003 -3.842934E+002  3.322232E+003  3.344384E+003  1.027899E-002
  2.300000E-002  2.187032E+003  3.549473E+002 -2.534826E+003  2.979182E+003 -3.477943E+002  3.334129E+003  3.352220E+003  1.043367E-002
  2.400000E-002  2.210141E+003  3.626708E+002 -2.509360E+003  2.979686E+003 -2.992197E+002  3.342357E+003  3.355724E+003  1.060852E-002
  2.500000E-002  2.228344E+003  3.697667E+002 -2.483029E+003  2.978307E+003 -2.546844E+002  3.348074E+003  3.357747E+003  1.077042E-002
  2.600000E-002  2.236617E+003  3.764017E+002 -2.455967E+003  2.975448E+003 -2.193502E+002  3.351849E+003  3.359019E+003  1.092203E-002
  2.700000E-002  2.243616E+003  3.829716E+002 -2.424880E+003  2.968819E+003 -1.812640E+002  3.351790E+003  3.356688E+003  1.108202E-002
  2.800000E-002  2.255850E+003  3.895545E+002 -2.387280E+003  2.956113E+003 -1.314302E+002  3.345668E+003  3.348248E+003  1.126015E-002
  2.900000E-002  2.268471E+003  3.956859E+002 -2.348583E+003  2.941707E+003 -8.011132E+001  3.337393E+003  3.338354E+003  1.143153E-002
  3.000000E-002  2.273775E+003  4.014420E+002 -2.311899E+003  2.928852E+003 -3.812462E+001  3.330294E+003  3.330513E+003  1.158773E-002
  3.100000E-002  2.275707E+003  4.072921E+002 -2.272550E+003  2.913549E+003  3.157245E+000  3.320841E+003  3.320842E+003  1.175251E-002
  3.200000E-002  2.279530E+003  4.130588E+002 -2.229082E+003  2.893748E+003  5.044747E+001  3.306807E+003  3.307191E+003  1.192842E-002
  3.300000E-002  2.283784E+003  4.185815E+002 -2.182245E+003  2.869774E+003  1.015391E+002  3.288355E+003  3.289923E+003  1.211086E-002
  3.400000E-002  2.284913E+003  4.237408E+002 -2.134736E+003  2.844200E+003  1.501763E+002  3.267941E+003  3.271390E+003  1.228979E-002
  3.500000E-002  2.282085E+003  4.287445E+002 -2.086119E+003  2.816804E+003  1.959660E+002  3.245548E+003  3.251459E+003  1.247136E-002
  3.600000E-002  2.277726E+003  4.336404E+002 -2.035089E+003  2.786027E+003  2.426361E+002  3.219667E+003  3.228797E+003  1.266177E-002
  3.700000E-002  2.272613E+003  4.383373E+002 -1.981357E+003  2.751162E+003  2.912557E+002  3.189499E+003  3.202770E+003  1.286153E-002
  3.800000E-002  2.265621E+003  4.427544E+002 -1.925686E+003  2.712749E+003  3.399349E+002  3.155503E+003  3.173760E+003  1.306808E-002
  3.900000E-002  2.255663E+003  4.469089E+002 -1.868665E+003  2.671309E+003  3.869979E+002  3.118218E+003  3.142141E+003  1.328140E-002
  4.000000E-002  2.242922E+003  4.508512E+002 -1.810086E+003  2.626446E+003  4.328356E+002  3.077297E+003  3.107588E+003  1.350500E-002
  4.100000E-002  2.227907E+003  4.545604E+002 -1.749740E+003  2.577603E+003  4.781672E+002  3.032164E+003  3.069635E+003  1.374123E-002
  4.200000E-002  2.210546E+003  4.579975E+002 -1.687706E+003  2.524539E+003  5.228407E+002  2.982537E+003  3.028017E+003  1.399149E-002
  4.300000E-002  2.190491E+003  4.611403E+002 -1.624245E+003  2.467265E+003  5.662459E+002  2.928405E+003  2.982648E+003  1.425721E-002
  4.400000E-002  2.167501E+003  4.639873E+002 -1.559572E+003  2.405751E+003  6.079285E+002  2.869738E+003  2.933424E+003  1.454071E-002
  4.500000E-002  2.141522E+003  4.665358E+002 -1.493820E+003  2.339847E+003  6.477019E+002  2.806383E+003  2.880156E+003  1.484502E-002
  4.600000E-002  2.112523E+003  4.687742E+002 -1.427121E+003  2.269375E+003  6.854025E+002  2.738149E+003  2.822629E+003  1.517349E-002
  4.700000E-002  2.080418E+003  4.706896E+002 -1.359645E+003  2.194203E+003  7.207730E+002  2.664893E+003  2.760646E+003  1.552997E-002
  4.800000E-002  2.045082E+003  4.722720E+002 -1.291591E+003  2.114243E+003  7.534911E+002  2.586515E+003  2.694032E+003  1.591898E-002
  4.900000E-002  2.006395E+003  4.735148E+002 -1.223164E+003  2.029428E+003  7.832309E+002  2.502943E+003  2.622627E+003  1.634598E-002
  5.000000E-002  1.964226E+003  4.744132E+002 -1.154565E+003  1.939701E+003  8.096611E+002  2.414114E+003  2.546271E+003  1.681760E-002
  5.100000E-002  1.918432E+003  4.749634E+002 -1.085983E+003  1.845017E+003  8.324487E+002  2.319981E+003  2.464809E+003  1.734193E-002
  5.200000E-002  1.868845E+003  4.751630E+002 -1.017588E+003  1.745355E+003  8.512566E+002  2.220518E+003  2.378095E+003  1.792889E-002
  5.300000E-002  1.815614E+003  4.750103E+002 -9.496446E+002  1.640918E+003  8.659699E+002  2.115928E+003  2.286275E+003  1.858861E-002
  5.400000E-002  1.759312E+003  4.745201E+002 -8.825345E+002  1.532243E+003  8.767778E+002  2.006763E+003  2.189940E+003  1.933058E-002
  5.500000E-002  1.700155E+003  4.737341E+002 -8.165323E+002  1.419836E+003  8.836224E+002  1.893570E+003  2.089592E+003  2.016810E-002
  5.600000E-002  1.637925E+003  4.726872E+002 -7.517187E+002  1.304044E+003  8.862060E+002  1.776732E+003  1.985481E+003  2.111972E-002
  5.700000E-002  1.572318E+003  4.714024E+002 -6.880370E+002  1.185197E+003  8.842814E+002  1.656599E+003  1.877838E+003  2.220853E-002
  5.800000E-002  1.502902E+003  4.699053E+002 -6.252921E+002  1.063655E+003  8.776096E+002  1.533561E+003  1.766920E+003  2.346384E-002
  5.900000E-002  1.429108E+003  4.682235E+002 -5.631488E+002  9.398779E+002  8.659591E+002  1.408101E+003  1.653068E+003  2.492280E-002
  6.000000E-002  1.350236E+003  4.663923E+002 -5.011222E+002  8.144690E+002  8.491137E+002  1.280861E+003  1.536750E+003  2.663259E-002
  6.100000E-002  1.265444E+003  4.644569E+002 -4.385817E+002  6.882564E+002  8.268621E+002  1.152713E+003  1.418608E+003  2.865314E-002
  6.200000E-002  1.173792E+003  4.624747E+002 -3.747813E+002  5.623995E+002  7.990109E+002  1.024874E+003  1.299533E+003  3.105976E-002
  6.300000E-002  1.074353E+003  4.605151E+002 -3.089537E+002  4.385547E+002  7.653995E+002  8.990699E+002  1.180747E+003  3.394440E-002
  6.400000E-002  9.664410E+002  4.586518E+002 -2.405403E+002  3.191327E+002  7.259007E+002  7.777845E+002  1.063899E+003  3.741274E-002
  6.500000E-002  8.501973E+002  4.569355E+002 -1.697131E+002  2.077066E+002  6.804841E+002  6.646420E+002  9.512138E+002  4.156729E-002
  6.600000E-002  7.276774E+002  4.553177E+002 -9.852279E+001  1.096708E+002  6.291546E+002  5.649885E+002  8.456049E+002  4.646072E-002
  6.700000E-002  6.053025E+002  4.534578E+002 -3.339237E+001  3.331389E+001  5.719101E+002  4.867716E+002  7.510179E+002  5.196680E-002
  6.800000E-002  4.987378E+002  4.502502E+002  9.574135E+000 -8.438335E+000  5.083119E+002  4.418119E+002  6.734826E+002  5.744597E-002
  6.900000E-002  4.377356E+002  4.427677E+002  0.000000E+000  0.000000E+000  4.377356E+002  4.427677E+002  6.226201E+002  6.112717E-002
  7.000000E-002  3.802376E+002  4.300131E+002  0.000000E+000  0.000000E+000  3.802376E+002  4.300131E+002  5.740139E+002  6.439260E-002
  7.100000E-002  3.339608E+002  4.128681E+002  0.000000E+000  0.000000E+000  3.339608E+002  4.128681E+002  5.310272E+002  6.682930E-002
  7.200000E-002  2.995454E+002  3.906885E+002  0.000000E+000  0.000000E+000  2.995454E+002  3.906885E+002  4.923057E+002  6.821251E-002
  7.300000E-002  2.769595E+002  3.640238E+002  0.000000E+000  0.000000E+000  2.769595E+002  3.640238E+002  4.574056E+002  6.840576E-002
  7.400000E-002  2.652219E+002  3.329682E+002  0.000000E+000  0.000000E+000  2.652219E+002  3.329682E+002  4.256882E+002  6.723129E-002
  7.500000E-002  2.631081E+002  2.980488E+002  0.000000E+000  0.000000E+000  2.631081E+002  2.980488E+002  3.975663E+002  6.443679E-002
  7.600000E-002  2.687392E+002  2.597901E+002  0.000000E+000  0.000000E+000  2.687392E+002  2.597901E+002  3.737802E+002  5.973893E-002
  7.700000E-002  2.801355E+002  2.189252E+002  0.000000E+000  0.000000E+000  2.801355E+002  2.189252E+002  3.555335E+002  5.292493E-002
  7.800000E-002  2.951239E+002  1.763035E+002  0.000000E+000  0.000000E+000  2.951239E+002  1.763035E+002  3.437747E+002  4.407828E-002
  7.900000E-002  3.116054E+002  1.329129E+002  0.000000E+000  0.000000E+000  3.116054E+002  1.329129E+002  3.387680E+002  3.372039E-002
  8.000000E-002  3.275058E+002  8.985557E+001  0.000000E+000  0.000000E+000  3.275058E+002  8.985557E+001  3.396087E+002  2.273942E-002
  8.100000E-002  3.401321E+002  4.834726E+001  0.000000E+000  0.000000E+000  3.401321E+002  4.834726E+001  3.435510E+002  1.209396E-002
  8.200000E-002  3.154359E+002  9.799770E+000  0.000000E+000  0.000000E+000  3.154359E+002  9.799770E+000  3.155881E+002  2.668165E-003
  8.300000E-002  0.000000E+000  0.000000E+000  0.000000E+000  0.000000E+000  0.000000E+000  0.000000E+000  0.000000E+000  0.000000E+000
