 FILE: 7segsprint.11

 *** Replace this line with a message to appear on all output files.                                    


        T             RX1            RY1            RX2            RY2            RX             RY             GRF            COP
       (S)            (N)            (N)            (N)            (N)            (N)            (N)            (N)            (M)

  0.000000E+000  0.000000E+000  0.000000E+000  0.000000E+000  0.000000E+000  0.000000E+000  0.000000E+000  0.000000E+000  0.000000E+000
  1.000000E-003  0.000000E+000  0.000000E+000 -3.240266E+003  2.155378E+003 -3.240266E+003  2.155378E+003  3.891655E+003  6.687670E-004
  2.000000E-003  0.000000E+000  0.000000E+000 -3.778634E+003  4.407348E+003 -3.778634E+003  4.407348E+003  5.805410E+003  1.171754E-003
  3.000000E-003 -1.333768E+003  1.196435E+001 -2.220564E+003  4.575518E+003 -3.554332E+003  4.587482E+003  5.803298E+003  1.230517E-003
  4.000000E-003  8.651282E+002  3.146783E+002 -1.685793E+003  3.761672E+003 -8.206645E+002  4.076350E+003  4.158139E+003  7.444360E-003
  5.000000E-003  9.712670E+002  2.977019E+002 -1.666992E+003  3.061701E+003 -6.957251E+002  3.359403E+003  3.430688E+003  8.305340E-003
  6.000000E-003  1.001652E+003  2.425057E+002 -1.619797E+003  2.686290E+003 -6.181451E+002  2.928796E+003  2.993317E+003  7.823065E-003
  7.000000E-003  1.063292E+003  2.123262E+002 -1.632661E+003  2.541546E+003 -5.693697E+002  2.753872E+003  2.812115E+003  7.392676E-003
  8.000000E-003  1.122725E+003  1.995609E+002 -1.685396E+003  2.525339E+003 -5.626708E+002  2.724899E+003  2.782387E+003  7.113918E-003
  9.000000E-003  1.174641E+003  1.963595E+002 -1.742660E+003  2.565053E+003 -5.680184E+002  2.761413E+003  2.819228E+003  6.973759E-003
  1.000000E-002  1.218319E+003  1.989791E+002 -1.786402E+003  2.621773E+003 -5.680828E+002  2.820752E+003  2.877388E+003  6.956255E-003
  1.100000E-002  1.254498E+003  2.053617E+002 -1.813833E+003  2.678076E+003 -5.593353E+002  2.883438E+003  2.937188E+003  7.034370E-003
  1.200000E-002  1.282752E+003  2.139251E+002 -1.827889E+003  2.726441E+003 -5.451374E+002  2.940366E+003  2.990472E+003  7.175286E-003
  1.300000E-002  1.304903E+003  2.234022E+002 -1.832874E+003  2.765200E+003 -5.279712E+002  2.988602E+003  3.034880E+003  7.348548E-003
  1.400000E-002  1.321641E+003  2.329633E+002 -1.832199E+003  2.795485E+003 -5.105580E+002  3.028449E+003  3.071184E+003  7.532087E-003
  1.500000E-002  1.336551E+003  2.422222E+002 -1.827806E+003  2.819214E+003 -4.912542E+002  3.061436E+003  3.100600E+003  7.715746E-003
  1.600000E-002  1.349433E+003  2.510784E+002 -1.820665E+003  2.838114E+003 -4.712320E+002  3.089192E+003  3.124927E+003  7.895080E-003
  1.700000E-002  1.361185E+003  2.595583E+002 -1.810941E+003  2.853095E+003 -4.497556E+002  3.112654E+003  3.144979E+003  8.070489E-003
  1.800000E-002  1.372656E+003  2.677287E+002 -1.798915E+003  2.865091E+003 -4.262586E+002  3.132819E+003  3.161685E+003  8.242653E-003
  1.900000E-002  1.383413E+003  2.756500E+002 -1.784598E+003  2.874463E+003 -4.011857E+002  3.150113E+003  3.175557E+003  8.412592E-003
  2.000000E-002  1.393588E+003  2.833635E+002 -1.768046E+003  2.881460E+003 -3.744583E+002  3.164824E+003  3.186899E+003  8.581145E-003
  2.100000E-002  1.403090E+003  2.908937E+002 -1.749313E+003  2.886207E+003 -3.462230E+002  3.177101E+003  3.195910E+003  8.748856E-003
  2.200000E-002  1.411826E+003  2.982525E+002 -1.728463E+003  2.888765E+003 -3.166369E+002  3.187018E+003  3.202708E+003  8.916091E-003
  2.300000E-002  1.419726E+003  3.054448E+002 -1.705575E+003  2.889170E+003 -2.858487E+002  3.194615E+003  3.207378E+003  9.083111E-003
  2.400000E-002  1.426735E+003  3.124721E+002 -1.680734E+003  2.887447E+003 -2.539983E+002  3.199919E+003  3.209984E+003  9.250131E-003
  2.500000E-002  1.432813E+003  3.193340E+002 -1.654030E+003  2.883609E+003 -2.212168E+002  3.202943E+003  3.210573E+003  9.417353E-003
  2.600000E-002  1.437929E+003  3.260295E+002 -1.625555E+003  2.877667E+003 -1.876264E+002  3.203696E+003  3.209186E+003  9.584990E-003
  2.700000E-002  1.442057E+003  3.325571E+002 -1.595401E+003  2.869619E+003 -1.533441E+002  3.202176E+003  3.205845E+003  9.753281E-003
  2.800000E-002  1.445173E+003  3.389151E+002 -1.563659E+003  2.859457E+003 -1.184857E+002  3.198372E+003  3.200566E+003  9.922496E-003
  2.900000E-002  1.447250E+003  3.451018E+002 -1.530413E+003  2.847160E+003 -8.316361E+001  3.192262E+003  3.193345E+003  1.009295E-002
  3.000000E-002  1.448261E+003  3.511150E+002 -1.495749E+003  2.832698E+003 -4.748775E+001  3.183813E+003  3.184167E+003  1.026499E-002
  3.100000E-002  1.448179E+003  3.569524E+002 -1.459748E+003  2.816029E+003 -1.156811E+001  3.172981E+003  3.173002E+003  1.043905E-002
  3.200000E-002  1.446974E+003  3.626104E+002 -1.422490E+003  2.797099E+003  2.448449E+001  3.159709E+003  3.159804E+003  1.061556E-002
  3.300000E-002  1.444609E+003  3.680850E+002 -1.384056E+003  2.775844E+003  6.055312E+001  3.143929E+003  3.144512E+003  1.079504E-002
  3.400000E-002  1.441048E+003  3.733710E+002 -1.344527E+003  2.752191E+003  9.652059E+001  3.125562E+003  3.127052E+003  1.097805E-002
  3.500000E-002  1.436247E+003  3.784624E+002 -1.303985E+003  2.726053E+003  1.322628E+002  3.104515E+003  3.107331E+003  1.116526E-002
  3.600000E-002  1.430162E+003  3.833522E+002 -1.262510E+003  2.697333E+003  1.676521E+002  3.080686E+003  3.085244E+003  1.135738E-002
  3.700000E-002  1.422520E+003  3.880285E+002 -1.220134E+003  2.665814E+003  2.023858E+002  3.053843E+003  3.060542E+003  1.155560E-002
  3.800000E-002  1.413678E+003  3.924700E+002 -1.176936E+003  2.631332E+003  2.367416E+002  3.023802E+003  3.033055E+003  1.176066E-002
  3.900000E-002  1.404640E+003  3.967123E+002 -1.133516E+003  2.594856E+003  2.711238E+002  2.991568E+003  3.003829E+003  1.197052E-002
  4.000000E-002  1.394352E+003  4.007935E+002 -1.089914E+003  2.556302E+003  3.044386E+002  2.957096E+003  2.972725E+003  1.218739E-002
  4.100000E-002  1.382856E+003  4.046921E+002 -1.046062E+003  2.515192E+003  3.367941E+002  2.919884E+003  2.939243E+003  1.241335E-002
  4.200000E-002  1.370174E+003  4.083887E+002 -1.002050E+003  2.471335E+003  3.681239E+002  2.879723E+003  2.903157E+003  1.264971E-002
  4.300000E-002  1.356327E+003  4.118719E+002 -9.580044E+002  2.424629E+003  3.983223E+002  2.836501E+003  2.864333E+003  1.289785E-002
  4.400000E-002  1.341339E+003  4.151353E+002 -9.140630E+002  2.375008E+003  4.272756E+002  2.790143E+003  2.822670E+003  1.315933E-002
  4.500000E-002  1.325234E+003  4.181739E+002 -8.703717E+002  2.322415E+003  4.548628E+002  2.740589E+003  2.778080E+003  1.343591E-002
  4.600000E-002  1.308037E+003  4.209833E+002 -8.270815E+002  2.266802E+003  4.809555E+002  2.687785E+003  2.730477E+003  1.372961E-002
  4.700000E-002  1.289638E+003  4.235594E+002 -7.843435E+002  2.208116E+003  5.052945E+002  2.631676E+003  2.679746E+003  1.404290E-002
  4.800000E-002  1.279906E+003  4.261384E+002 -7.446266E+002  2.152648E+003  5.352794E+002  2.578786E+003  2.633754E+003  1.434436E-002
  4.900000E-002  1.258368E+003  4.286532E+002 -7.045442E+002  2.091254E+003  5.538235E+002  2.519907E+003  2.580049E+003  1.469794E-002
  5.000000E-002  1.236892E+003  4.307578E+002 -6.647399E+002  2.024491E+003  5.721519E+002  2.455249E+003  2.521033E+003  1.508436E-002
  5.100000E-002  1.214732E+003  4.325080E+002 -6.258781E+002  1.953772E+003  5.888542E+002  2.386280E+003  2.457861E+003  1.550364E-002
  5.200000E-002  1.191989E+003  4.339549E+002 -5.882610E+002  1.879632E+003  6.037279E+002  2.313587E+003  2.391061E+003  1.595913E-002
  5.300000E-002  1.169414E+003  4.351378E+002 -5.522135E+002  1.802730E+003  6.172007E+002  2.237868E+003  2.321420E+003  1.645223E-002
  5.400000E-002  1.146983E+003  4.361002E+002 -5.179770E+002  1.723562E+003  6.290064E+002  2.159662E+003  2.249398E+003  1.698667E-002
  5.500000E-002  1.124671E+003  4.368682E+002 -4.856816E+002  1.642355E+003  6.389893E+002  2.079223E+003  2.175196E+003  1.756783E-002
  5.600000E-002  1.102457E+003  4.374543E+002 -4.553968E+002  1.559233E+003  6.470605E+002  1.996687E+003  2.098916E+003  1.820216E-002
  5.700000E-002  1.080294E+003  4.378631E+002 -4.271433E+002  1.474282E+003  6.531502E+002  1.912145E+003  2.020620E+003  1.889731E-002
  5.800000E-002  1.058097E+003  4.380945E+002 -4.008929E+002  1.387575E+003  6.572038E+002  1.825669E+003  1.940357E+003  1.966228E-002
  5.900000E-002  1.035734E+003  4.381455E+002 -3.765646E+002  1.299190E+003  6.591690E+002  1.737335E+003  1.858181E+003  2.050780E-002
  6.000000E-002  1.013011E+003  4.380116E+002 -3.540192E+002  1.209219E+003  6.589920E+002  1.647231E+003  1.774159E+003  2.144670E-002
  6.100000E-002  9.896694E+002  4.376877E+002 -3.330521E+002  1.117775E+003  6.566174E+002  1.555463E+003  1.688375E+003  2.249445E-002
  6.200000E-002  9.653750E+002  4.371694E+002 -3.133863E+002  1.025000E+003  6.519887E+002  1.462169E+003  1.600946E+003  2.366986E-002
  6.300000E-002  9.397125E+002  4.364538E+002 -2.946653E+002  9.310676E+002  6.450472E+002  1.367521E+003  1.512019E+003  2.499600E-002
  6.400000E-002  9.121860E+002  4.355409E+002 -2.764471E+002  8.362021E+002  6.357389E+002  1.271743E+003  1.421793E+003  2.650121E-002
  6.500000E-002  8.822089E+002  4.344345E+002 -2.582006E+002  7.406925E+002  6.240083E+002  1.175127E+003  1.330530E+003  2.822049E-002
  6.600000E-002  8.491087E+002  4.331435E+002 -2.393055E+002  6.449215E+002  6.098032E+002  1.078065E+003  1.238581E+003  3.019686E-002
  6.700000E-002  8.121362E+002  4.316829E+002 -2.190600E+002  5.494052E+002  5.930762E+002  9.810881E+002  1.146418E+003  3.248272E-002
  6.800000E-002  7.704903E+002  4.300737E+002 -1.967048E+002  4.548523E+002  5.737855E+002  8.849260E+002  1.054668E+003  3.514038E-002
  6.900000E-002  7.233617E+002  4.283423E+002 -1.714883E+002  3.622772E+002  5.518734E+002  7.906195E+002  9.641802E+002  3.824031E-002
  7.000000E-002  6.700899E+002  4.265207E+002 -1.427715E+002  2.730933E+002  5.273184E+002  6.996140E+002  8.760847E+002  4.185446E-002
  7.100000E-002  6.103782E+002  4.246301E+002 -1.102331E+002  1.892542E+002  5.001451E+002  6.138843E+002  7.918327E+002  4.603930E-002
  7.200000E-002  5.447082E+002  4.226508E+002 -7.429211E+001  1.135114E+002  4.704161E+002  5.361622E+002  7.132750E+002  5.079629E-002
  7.300000E-002  4.751276E+002  4.204612E+002 -3.692431E+001  4.979793E+001  4.382033E+002  4.702592E+002  6.427797E+002  5.599040E-002
  7.400000E-002  4.067041E+002  4.177093E+002 -3.220372E+000  3.804522E+000  4.034837E+002  4.215138E+002  5.835006E+002  6.119229E-002
  7.500000E-002  3.616924E+002  4.130597E+002  0.000000E+000  0.000000E+000  3.616924E+002  4.130597E+002  5.490352E+002  6.430078E-002
  7.600000E-002  3.254048E+002  4.052510E+002  0.000000E+000  0.000000E+000  3.254048E+002  4.052510E+002  5.197275E+002  6.664191E-002
  7.700000E-002  2.961906E+002  3.942463E+002  0.000000E+000  0.000000E+000  2.961906E+002  3.942463E+002  4.931116E+002  6.833090E-002
  7.800000E-002  2.742261E+002  3.800776E+002  0.000000E+000  0.000000E+000  2.742261E+002  3.800776E+002  4.686778E+002  6.930880E-002
  7.900000E-002  2.593347E+002  3.628544E+002  0.000000E+000  0.000000E+000  2.593347E+002  3.628544E+002  4.460021E+002  6.953157E-002
  8.000000E-002  2.510556E+002  3.427489E+002  0.000000E+000  0.000000E+000  2.510556E+002  3.427489E+002  4.248597E+002  6.894663E-002
  8.100000E-002  2.486937E+002  3.199804E+002  0.000000E+000  0.000000E+000  2.486937E+002  3.199804E+002  4.052604E+002  6.747880E-002
  8.200000E-002  2.513957E+002  2.948024E+002  0.000000E+000  0.000000E+000  2.513957E+002  2.948024E+002  3.874381E+002  6.502829E-002
  8.300000E-002  2.582130E+002  2.674931E+002  0.000000E+000  0.000000E+000  2.582130E+002  2.674931E+002  3.717883E+002  6.148731E-002
  8.400000E-002  2.681602E+002  2.383470E+002  0.000000E+000  0.000000E+000  2.681602E+002  2.383470E+002  3.587745E+002  5.677418E-002
  8.500000E-002  2.802758E+002  2.076674E+002  0.000000E+000  0.000000E+000  2.802758E+002  2.076674E+002  3.488270E+002  5.087618E-002
  8.600000E-002  2.936488E+002  1.757602E+002  0.000000E+000  0.000000E+000  2.936488E+002  1.757602E+002  3.422298E+002  4.388851E-002
  8.700000E-002  3.074424E+002  1.429278E+002  0.000000E+000  0.000000E+000  3.074424E+002  1.429278E+002  3.390416E+002  3.602482E-002
  8.800000E-002  3.208831E+002  1.094648E+002  0.000000E+000  0.000000E+000  3.208831E+002  1.094648E+002  3.390406E+002  2.758975E-002
  8.900000E-002  3.331389E+002  7.565675E+001  0.000000E+000  0.000000E+000  3.331389E+002  7.565675E+001  3.416218E+002  1.892381E-002
  9.000000E-002  3.423655E+002  4.179073E+001  0.000000E+000  0.000000E+000  3.423655E+002  4.179073E+001  3.449067E+002  1.035272E-002
  9.100000E-002  3.063079E+002  8.280137E+000  0.000000E+000  0.000000E+000  3.063079E+002  8.280137E+000  3.064198E+002  2.308416E-003
  9.130000E-002  0.000000E+000  0.000000E+000  0.000000E+000  0.000000E+000  0.000000E+000  0.000000E+000  0.000000E+000  0.000000E+000
