 FILE: 7segsprint.11

 *** Replace this line with a message to appear on all output files.                                    


        T             RX1            RY1            RX2            RY2            RX             RY             GRF            COP
       (S)            (N)            (N)            (N)            (N)            (N)            (N)            (N)            (M)

  0.000000E+000  0.000000E+000  0.000000E+000 -1.975739E-012  2.638699E-012 -1.975739E-012  2.638699E-012  3.296404E-012 -1.110887E-017
  1.000000E-003  0.000000E+000  0.000000E+000 -1.612906E+003  2.348299E+003 -1.612906E+003  2.348299E+003  2.848855E+003  6.081380E-004
  2.000000E-003  0.000000E+000  0.000000E+000 -2.597554E+003  4.095584E+003 -2.597554E+003  4.095584E+003  4.849855E+003  8.448743E-004
  3.000000E-003 -3.876600E+002  6.819066E+001 -1.720513E+003  4.106302E+003 -2.108173E+003  4.174493E+003  4.676621E+003  2.105168E-003
  4.000000E-003  4.658444E+002  1.552416E+002 -1.370448E+003  3.148118E+003 -9.046032E+002  3.303360E+003  3.424981E+003  4.646780E-003
  5.000000E-003  6.305059E+002  1.485004E+002 -1.308102E+003  2.710315E+003 -6.775962E+002  2.858815E+003  2.938020E+003  5.087099E-003
  6.000000E-003  7.115532E+002  1.386948E+002 -1.337278E+003  2.591710E+003 -6.257252E+002  2.730405E+003  2.801186E+003  5.036409E-003
  7.000000E-003  7.774513E+002  1.349591E+002 -1.396158E+003  2.603054E+003 -6.187069E+002  2.738013E+003  2.807047E+003  4.955228E-003
  8.000000E-003  8.311864E+002  1.360968E+002 -1.451040E+003  2.654579E+003 -6.198538E+002  2.790676E+003  2.858687E+003  4.946276E-003
  9.000000E-003  8.742474E+002  1.405999E+002 -1.491038E+003  2.709548E+003 -6.167907E+002  2.850148E+003  2.916123E+003  5.016877E-003
  1.000000E-002  9.088255E+002  1.471196E+002 -1.517405E+003  2.757422E+003 -6.085796E+002  2.904542E+003  2.967614E+003  5.141770E-003
  1.100000E-002  9.355009E+002  1.546353E+002 -1.533901E+003  2.796966E+003 -5.983999E+002  2.951601E+003  3.011649E+003  5.294817E-003
  1.200000E-002  9.573862E+002  1.625127E+002 -1.543705E+003  2.829776E+003 -5.863186E+002  2.992289E+003  3.049190E+003  5.459141E-003
  1.300000E-002  9.760754E+002  1.704277E+002 -1.548774E+003  2.857598E+003 -5.726988E+002  3.028025E+003  3.081708E+003  5.625680E-003
  1.400000E-002  9.927573E+002  1.782392E+002 -1.550156E+003  2.881642E+003 -5.573989E+002  3.059881E+003  3.110236E+003  5.790556E-003
  1.500000E-002  1.008115E+003  1.858959E+002 -1.548406E+003  2.902654E+003 -5.402909E+002  3.088550E+003  3.135451E+003  5.952400E-003
  1.600000E-002  1.022438E+003  1.933834E+002 -1.543825E+003  2.921048E+003 -5.213872E+002  3.114432E+003  3.157773E+003  6.110923E-003
  1.700000E-002  1.035837E+003  2.007004E+002 -1.536601E+003  2.937060E+003 -5.007645E+002  3.137760E+003  3.177468E+003  6.266244E-003
  1.800000E-002  1.048343E+003  2.078494E+002 -1.526878E+003  2.950831E+003 -4.785354E+002  3.158680E+003  3.194723E+003  6.418606E-003
  1.900000E-002  1.059952E+003  2.148336E+002 -1.514780E+003  2.962458E+003 -4.548276E+002  3.177292E+003  3.209681E+003  6.568276E-003
  2.000000E-002  1.070653E+003  2.216559E+002 -1.500425E+003  2.972017E+003 -4.297722E+002  3.193673E+003  3.222461E+003  6.715507E-003
  2.100000E-002  1.080435E+003  2.283186E+002 -1.483932E+003  2.979570E+003 -4.034961E+002  3.207888E+003  3.233165E+003  6.860534E-003
  2.200000E-002  1.089298E+003  2.348235E+002 -1.465415E+003  2.985167E+003 -3.761171E+002  3.219991E+003  3.241883E+003  7.003580E-003
  2.300000E-002  1.097247E+003  2.411723E+002 -1.444989E+003  2.988853E+003 -3.477425E+002  3.230025E+003  3.248690E+003  7.144859E-003
  2.400000E-002  1.104294E+003  2.473665E+002 -1.422763E+003  2.990660E+003 -3.184688E+002  3.238026E+003  3.253650E+003  7.284591E-003
  2.500000E-002  1.110457E+003  2.534077E+002 -1.398840E+003  2.990614E+003 -2.883827E+002  3.244021E+003  3.256814E+003  7.423001E-003
  2.600000E-002  1.115755E+003  2.592973E+002 -1.373319E+003  2.988730E+003 -2.575642E+002  3.248027E+003  3.258223E+003  7.560325E-003
  2.700000E-002  1.120205E+003  2.650372E+002 -1.346293E+003  2.985014E+003 -2.260883E+002  3.250051E+003  3.257906E+003  7.696818E-003
  2.800000E-002  1.123820E+003  2.706293E+002 -1.317847E+003  2.979463E+003 -1.940268E+002  3.250092E+003  3.255878E+003  7.832756E-003
  2.900000E-002  1.126610E+003  2.760756E+002 -1.288060E+003  2.972060E+003 -1.614505E+002  3.248135E+003  3.252145E+003  7.968442E-003
  3.000000E-002  1.128579E+003  2.813782E+002 -1.257008E+003  2.962780E+003 -1.284287E+002  3.244158E+003  3.246699E+003  8.104202E-003
  3.100000E-002  1.129718E+003  2.865387E+002 -1.224760E+003  2.951586E+003 -9.504247E+001  3.238125E+003  3.239520E+003  8.240389E-003
  3.200000E-002  1.130028E+003  2.915579E+002 -1.191387E+003  2.938431E+003 -6.135881E+001  3.229989E+003  3.230572E+003  8.377374E-003
  3.300000E-002  1.129505E+003  2.964359E+002 -1.156957E+003  2.923257E+003 -2.745201E+001  3.219693E+003  3.219810E+003  8.515553E-003
  3.400000E-002  1.128124E+003  3.011718E+002 -1.121542E+003  2.905995E+003  6.582236E+000  3.207167E+003  3.207174E+003  8.655347E-003
  3.500000E-002  1.125885E+003  3.057636E+002 -1.085216E+003  2.886571E+003  4.066953E+001  3.192334E+003  3.192594E+003  8.797204E-003
  3.600000E-002  1.122763E+003  3.102082E+002 -1.048056E+003  2.864899E+003  7.470666E+001  3.175107E+003  3.175986E+003  8.941602E-003
  3.700000E-002  1.118738E+003  3.145008E+002 -1.010148E+003  2.840889E+003  1.085904E+002  3.155389E+003  3.157257E+003  9.089049E-003
  3.800000E-002  1.113792E+003  3.186354E+002 -9.715818E+002  2.814441E+003  1.422102E+002  3.133076E+003  3.136302E+003  9.240090E-003
  3.900000E-002  1.107871E+003  3.226042E+002 -9.324489E+002  2.785436E+003  1.754220E+002  3.108041E+003  3.112987E+003  9.395362E-003
  4.000000E-002  1.100758E+003  3.263884E+002 -8.927753E+002  2.753521E+003  2.079822E+002  3.079909E+003  3.086923E+003  9.556012E-003
  4.100000E-002  1.093105E+003  3.299806E+002 -8.527448E+002  2.718786E+003  2.403602E+002  3.048767E+003  3.058227E+003  9.722143E-003
  4.200000E-002  1.085742E+003  3.334384E+002 -8.128214E+002  2.682389E+003  2.729208E+002  3.015827E+003  3.028151E+003  9.892169E-003
  4.300000E-002  1.077544E+003  3.367839E+002 -7.730081E+002  2.644066E+003  3.045358E+002  2.980850E+003  2.996365E+003  1.006818E-002
  4.400000E-002  1.068625E+003  3.399852E+002 -7.332647E+002  2.603120E+003  3.353602E+002  2.943105E+003  2.962150E+003  1.025220E-002
  4.500000E-002  1.059076E+003  3.430251E+002 -6.937074E+002  2.559329E+003  3.653687E+002  2.902354E+003  2.925261E+003  1.044538E-002
  4.600000E-002  1.048961E+003  3.458940E+002 -6.544844E+002  2.512588E+003  3.944762E+002  2.858482E+003  2.885573E+003  1.064891E-002
  4.700000E-002  1.038336E+003  3.485848E+002 -6.157545E+002  2.462820E+003  4.225818E+002  2.811405E+003  2.842987E+003  1.086406E-002
  4.800000E-002  1.027262E+003  3.510910E+002 -5.776826E+002  2.409962E+003  4.495791E+002  2.761053E+003  2.797416E+003  1.109228E-002
  4.900000E-002  1.015795E+003  3.534064E+002 -5.404386E+002  2.353953E+003  4.753562E+002  2.707360E+003  2.748774E+003  1.133525E-002
  5.000000E-002  1.003993E+003  3.555248E+002 -5.041960E+002  2.294740E+003  4.997973E+002  2.650265E+003  2.696980E+003  1.159486E-002
  5.100000E-002  9.919138E+002  3.574396E+002 -4.691301E+002  2.232269E+003  5.227836E+002  2.589709E+003  2.641949E+003  1.187329E-002
  5.200000E-002  9.796105E+002  3.591438E+002 -4.354163E+002  2.166492E+003  5.441942E+002  2.525636E+003  2.583599E+003  1.217308E-002
  5.300000E-002  9.671303E+002  3.606296E+002 -4.032270E+002  2.097360E+003  5.639033E+002  2.457990E+003  2.521845E+003  1.249716E-002
  5.400000E-002  9.545062E+002  3.618878E+002 -3.727291E+002  2.024831E+003  5.817770E+002  2.386719E+003  2.456602E+003  1.284895E-002
  5.500000E-002  9.421426E+002  3.629116E+002 -3.441032E+002  1.948997E+003  5.980394E+002  2.311909E+003  2.388006E+003  1.323142E-002
  5.600000E-002  9.316940E+002  3.637349E+002 -3.176625E+002  1.870850E+003  6.140315E+002  2.234584E+003  2.317413E+003  1.364246E-002
  5.700000E-002  9.196121E+002  3.643474E+002 -2.933786E+002  1.789622E+003  6.262336E+002  2.153969E+003  2.243157E+003  1.409592E-002
  5.800000E-002  9.092225E+002  3.647820E+002 -2.715626E+002  1.706669E+003  6.376599E+002  2.071451E+003  2.167377E+003  1.458560E-002
  5.900000E-002  8.997257E+002  3.650069E+002 -2.520906E+002  1.621020E+003  6.476351E+002  1.986027E+003  2.088955E+003  1.512323E-002
  6.000000E-002  8.896086E+002  3.651890E+002 -2.353848E+002  1.535438E+003  6.542238E+002  1.900627E+003  2.010073E+003  1.570697E-002
  6.100000E-002  9.068356E+002  3.652554E+002 -2.223252E+002  1.456468E+003  6.845104E+002  1.821724E+003  1.946081E+003  1.621165E-002
  6.200000E-002  8.948908E+002  3.656403E+002 -2.111070E+002  1.372678E+003  6.837838E+002  1.738318E+003  1.867969E+003  1.689350E-002
  6.300000E-002  8.851158E+002  3.655557E+002 -2.013879E+002  1.282892E+003  6.837279E+002  1.648448E+003  1.784619E+003  1.766569E-002
  6.400000E-002  8.759241E+002  3.650580E+002 -1.932177E+002  1.189388E+003  6.827064E+002  1.554446E+003  1.697760E+003  1.853277E-002
  6.500000E-002  8.664362E+002  3.641924E+002 -1.863951E+002  1.093311E+003  6.800411E+002  1.457504E+003  1.608345E+003  1.950650E-002
  6.600000E-002  8.559104E+002  3.629826E+002 -1.805613E+002  9.953202E+002  6.753491E+002  1.358303E+003  1.516932E+003  2.060405E-002
  6.700000E-002  8.436212E+002  3.614421E+002 -1.752303E+002  8.958543E+002  6.683909E+002  1.257296E+003  1.423917E+003  2.184810E-002
  6.800000E-002  8.287979E+002  3.595800E+002 -1.697988E+002  7.952802E+002  6.589991E+002  1.154860E+003  1.329655E+003  2.326757E-002
  6.900000E-002  8.105963E+002  3.574044E+002 -1.635480E+002  6.939803E+002  6.470483E+002  1.051385E+003  1.234537E+003  2.489868E-002
  7.000000E-002  7.880797E+002  3.549247E+002 -1.556470E+002  5.924279E+002  6.324327E+002  9.473526E+002  1.139056E+003  2.678613E-002
  7.100000E-002  7.602246E+002  3.521535E+002 -1.451635E+002  4.912629E+002  6.150611E+002  8.434164E+002  1.043864E+003  2.898378E-002
  7.200000E-002  7.259581E+002  3.491073E+002 -1.310948E+002  3.913817E+002  5.948633E+002  7.404891E+002  9.498349E+002  3.155375E-002
  7.300000E-002  6.842226E+002  3.458052E+002 -1.124407E+002  2.940576E+002  5.717818E+002  6.398628E+002  8.581136E+002  3.456207E-002
  7.400000E-002  6.341449E+002  3.422623E+002 -8.836318E+001  2.011200E+002  5.457817E+002  5.433823E+002  7.701571E+002  3.806645E-002
  7.500000E-002  5.753591E+002  3.384754E+002 -5.851834E+001  1.152127E+002  5.168407E+002  4.536881E+002  6.877188E+002  4.209134E-002
  7.600000E-002  5.086470E+002  3.343802E+002 -2.371826E+001  4.016009E+001  4.849287E+002  3.745403E+002  6.127286E+002  4.658445E-002
  7.700000E-002  4.437841E+002  3.296548E+002  0.000000E+000  0.000000E+000  4.437841E+002  3.296548E+002  5.528260E+002  5.083711E-002
  7.800000E-002  3.952898E+002  3.224879E+002  0.000000E+000  0.000000E+000  3.952898E+002  3.224879E+002  5.101495E+002  5.389165E-002
  7.900000E-002  3.550493E+002  3.120088E+002  0.000000E+000  0.000000E+000  3.550493E+002  3.120088E+002  4.726621E+002  5.627525E-002
  8.000000E-002  3.238977E+002  2.980628E+002  0.000000E+000  0.000000E+000  3.238977E+002  2.980628E+002  4.401718E+002  5.772756E-002
  8.100000E-002  3.020073E+002  2.806920E+002  0.000000E+000  0.000000E+000  3.020073E+002  2.806920E+002  4.123062E+002  5.803687E-002
  8.200000E-002  2.889930E+002  2.600845E+002  0.000000E+000  0.000000E+000  2.889930E+002  2.600845E+002  3.887942E+002  5.702755E-002
  8.300000E-002  2.840418E+002  2.365321E+002  0.000000E+000  0.000000E+000  2.840418E+002  2.365321E+002  3.696312E+002  5.455160E-002
  8.400000E-002  2.860368E+002  2.103909E+002  0.000000E+000  0.000000E+000  2.860368E+002  2.103909E+002  3.550794E+002  5.051067E-002
  8.500000E-002  2.936842E+002  1.820478E+002  0.000000E+000  0.000000E+000  2.936842E+002  1.820478E+002  3.455312E+002  4.491329E-002
  8.600000E-002  3.056206E+002  1.518924E+002  0.000000E+000  0.000000E+000  3.056206E+002  1.518924E+002  3.412847E+002  3.793934E-002
  8.700000E-002  3.205055E+002  1.202942E+002  0.000000E+000  0.000000E+000  3.205055E+002  1.202942E+002  3.423368E+002  2.995394E-002
  8.800000E-002  3.370394E+002  8.758581E+001  0.000000E+000  0.000000E+000  3.370394E+002  8.758581E+001  3.482339E+002  2.143951E-002
  8.900000E-002  3.538151E+002  5.405356E+001  0.000000E+000  0.000000E+000  3.538151E+002  5.405356E+001  3.579203E+002  1.287283E-002
  9.000000E-002  3.656019E+002  1.996207E+001  0.000000E+000  0.000000E+000  3.656019E+002  1.996207E+001  3.661464E+002  4.646781E-003
  9.060000E-002  0.000000E+000  0.000000E+000  0.000000E+000  0.000000E+000  0.000000E+000  0.000000E+000  0.000000E+000  0.000000E+000
