 FILE: 7segsprint.10

 *** Replace this line with a message to appear on all output files.                                    


        T            METOR          MEACT         MECCANG      MECCANGVEL      MESECANG      MESECANGVEL       MFTOR          MFACT         MFCCANG      MFCCANGVEL      MFSECANG      MFSECANGVEL
       (S)           (N/M)         (UNITS)         (DEG)         (DEG/S)         (DEG)         (DEG/S)         (N/M)         (UNITS)         (DEG)         (DEG/S)         (DEG)         (DEG/S)

  0.000000E+000  1.658000E+002  1.100000E+000  1.425313E+002  1.064100E+003  1.031742E+000  0.000000E+000  2.694726E-005  6.633519E-007  1.435630E+002  1.064100E+003  1.543964E-007  0.000000E+000
  1.000000E-003  1.658000E+002  1.100000E+000  1.517723E+002  1.036999E+002  9.499640E-001  1.625007E+004  0.000000E+000  6.633519E-007  1.521383E+002  1.635377E+004  0.000000E+000  0.000000E+000
  2.000000E-003  1.658000E+002  1.100000E+000  1.759702E+002  1.036999E+002  9.499640E-001  3.296856E+004  0.000000E+000  6.633519E-007  1.768164E+002  3.307226E+004  0.000000E+000  0.000000E+000
  3.000000E-003  1.658000E+002  1.100000E+000  2.154037E+002  1.036999E+002  9.499640E-001  4.388649E+004  0.000000E+000  6.633519E-007  2.162500E+002  4.399019E+004  0.000000E+000  0.000000E+000
  4.000000E-003  1.658000E+002  1.100000E+000  2.613971E+002  1.036999E+002  9.499640E-001  4.782053E+004  0.000000E+000  6.633519E-007  2.622434E+002  4.792423E+004  0.000000E+000  0.000000E+000
  5.000000E-003  1.658000E+002  1.100000E+000  3.130814E+002  1.036999E+002  9.499640E-001  5.709538E+004  0.000000E+000  6.633519E-007  3.139276E+002  5.719908E+004  0.000000E+000  0.000000E+000
  6.000000E-003  1.658000E+002  1.100000E+000  3.786082E+002  1.036999E+002  9.499640E-001  7.280399E+004  0.000000E+000  6.633519E-007  3.794544E+002  7.290769E+004  0.000000E+000  0.000000E+000
  7.000000E-003  1.658000E+002  1.100000E+000  4.570656E+002  1.037000E+002  9.499640E-001  8.851415E+004  0.000000E+000  6.633519E-007  4.579119E+002  8.861785E+004  0.000000E+000  0.000000E+000
  8.000000E-003  1.658000E+002  1.100000E+000  5.700811E+002  1.037001E+002  9.499640E-001  1.222180E+005  0.000000E+000  6.633519E-007  5.709273E+002  1.223217E+005  0.000000E+000  0.000000E+000
  9.000000E-003  1.658000E+002  1.100000E+000  6.779616E+002  1.037003E+002  9.499640E-001  1.071081E+005  0.000000E+000  6.633519E-007  6.788078E+002  1.072118E+005  0.000000E+000  0.000000E+000
  1.000000E-002  1.658000E+002  1.100000E+000  7.941203E+002  1.037006E+002  9.499640E-001  1.210129E+005  0.000000E+000  6.633519E-007  7.949666E+002  1.211166E+005  0.000000E+000  0.000000E+000
  1.100000E-002  1.658000E+002  1.100000E+000  9.470906E+002  1.037011E+002  9.499640E-001  1.556441E+005  0.000000E+000  6.633519E-007  9.479369E+002  1.557478E+005  0.000000E+000  0.000000E+000
  1.200000E-002  1.658000E+002  1.100000E+000  1.088676E+003  1.037016E+002  9.499640E-001  1.501795E+005  0.000000E+000  6.633519E-007  1.089522E+003  1.502832E+005  0.000000E+000  0.000000E+000
  1.300000E-002  1.658000E+002  1.100000E+000  1.253265E+003  1.037023E+002  9.499640E-001  2.141314E+005  0.000000E+000  6.633519E-007  1.254111E+003  2.142351E+005  0.000000E+000  0.000000E+000
  1.400000E-002  1.658000E+002  1.100000E+000  1.429121E+003  1.037032E+002  9.499640E-001  1.728213E+005  0.000000E+000  6.633519E-007  1.429967E+003  1.729250E+005  0.000000E+000  0.000000E+000
  1.500000E-002  1.658000E+002  1.100000E+000  1.617335E+003  1.037044E+002  9.499640E-001  2.446667E+005  0.000000E+000  6.633519E-007  1.618181E+003  2.447704E+005  0.000000E+000  0.000000E+000
  1.600000E-002  1.658000E+002  1.100000E+000  1.814668E+003  1.037057E+002  9.499640E-001  1.952218E+005  0.000000E+000  6.633519E-007  1.815514E+003  1.953255E+005  0.000000E+000  0.000000E+000
  1.700000E-002  1.658000E+002  1.100000E+000  2.034989E+003  1.037075E+002  9.499640E-001  2.273441E+005  0.000000E+000  6.633519E-007  2.035835E+003  2.274478E+005  0.000000E+000  0.000000E+000
  1.800000E-002  1.658000E+002  1.100000E+000  2.243558E+003  1.037094E+002  9.499640E-001  2.103586E+005  0.000000E+000  6.633519E-007  2.244404E+003  2.104623E+005  0.000000E+000  0.000000E+000
  1.900000E-002  1.658000E+002  1.100000E+000  2.489759E+003  1.037118E+002  9.499640E-001  2.300209E+005  0.000000E+000  6.633519E-007  2.490605E+003  2.301246E+005  0.000000E+000  0.000000E+000
  2.000000E-002  1.658000E+002  1.100000E+000  2.747468E+003  1.037147E+002  9.499640E-001  2.807574E+005  0.000000E+000  6.633519E-007  2.748314E+003  2.808611E+005  0.000000E+000  0.000000E+000
  2.100000E-002  1.658000E+002  1.100000E+000  2.998519E+003  1.037179E+002  9.499640E-001  2.788439E+005  0.000000E+000  6.633519E-007  2.999365E+003  2.789476E+005  0.000000E+000  0.000000E+000
  2.200000E-002  1.658000E+002  1.100000E+000  3.287095E+003  1.037218E+002  9.499640E-001  2.617459E+005  0.000000E+000  6.633519E-007  3.287942E+003  2.618496E+005  0.000000E+000  0.000000E+000
  2.300000E-002  1.658000E+002  1.100000E+000  3.588206E+003  1.037264E+002  9.499640E-001  2.975725E+005  0.000000E+000  6.633519E-007  3.589052E+003  2.976762E+005  0.000000E+000  0.000000E+000
  2.400000E-002  1.658000E+002  1.100000E+000  3.903364E+003  1.037316E+002  9.499640E-001  2.926140E+005  0.000000E+000  6.633519E-007  3.904211E+003  2.927178E+005  0.000000E+000  0.000000E+000
  2.500000E-002  1.658000E+002  1.100000E+000  4.232894E+003  1.037376E+002  9.499640E-001  3.073048E+005  0.000000E+000  6.633519E-007  4.233740E+003  3.074085E+005  0.000000E+000  0.000000E+000
  2.600000E-002  1.658000E+002  1.100000E+000  4.573791E+003  1.037443E+002  9.499640E-001  3.342445E+005  0.000000E+000  6.633519E-007  4.574637E+003  3.343482E+005  0.000000E+000  0.000000E+000
  2.700000E-002  1.658000E+002  1.100000E+000  4.926429E+003  1.037518E+002  9.499640E-001  3.549200E+005  0.000000E+000  6.633519E-007  4.927276E+003  3.550238E+005  0.000000E+000  0.000000E+000
  2.800000E-002  1.658000E+002  1.100000E+000  5.291226E+003  1.037602E+002  9.499640E-001  3.597798E+005  0.000000E+000  6.633519E-007  5.292072E+003  3.598836E+005  0.000000E+000  0.000000E+000
  2.900000E-002  1.658000E+002  1.100000E+000  5.667250E+003  1.037695E+002  9.499640E-001  3.535369E+005  0.000000E+000  6.633519E-007  5.668097E+003  3.536407E+005  0.000000E+000  0.000000E+000
  3.000000E-002  1.658000E+002  1.100000E+000  6.053216E+003  1.037798E+002  9.499640E-001  3.536191E+005  0.000000E+000  6.633519E-007  6.054062E+003  3.537229E+005  0.000000E+000  0.000000E+000
  3.100000E-002  1.658000E+002  1.100000E+000  6.449794E+003  1.037911E+002  9.499640E-001  3.816516E+005  0.000000E+000  6.633519E-007  6.450640E+003  3.817554E+005  0.000000E+000  0.000000E+000
  3.200000E-002  1.658000E+002  1.100000E+000  6.859378E+003  1.038035E+002  9.499640E-001  3.997602E+005  0.000000E+000  6.633519E-007  6.860225E+003  3.998640E+005  0.000000E+000  0.000000E+000
  3.300000E-002  1.658000E+002  1.100000E+000  7.277439E+003  1.038170E+002  9.499640E-001  3.885009E+005  0.000000E+000  6.633519E-007  7.278285E+003  3.886047E+005  0.000000E+000  0.000000E+000
  3.400000E-002  1.658000E+002  1.100000E+000  7.715122E+003  1.038321E+002  9.499640E-001  5.310768E+005  0.000000E+000  6.633519E-007  7.715968E+003  5.311806E+005  0.000000E+000  0.000000E+000
  3.500000E-002  1.658000E+002  1.100000E+000  8.177979E+003  1.038490E+002  9.499640E-001  4.358980E+005  0.000000E+000  6.633519E-007  8.178825E+003  4.360018E+005  0.000000E+000  0.000000E+000
  3.600000E-002  1.658000E+002  1.100000E+000  8.635807E+003  1.038667E+002  9.499640E-001  4.620282E+005  0.000000E+000  6.633519E-007  8.636653E+003  4.621321E+005  0.000000E+000  0.000000E+000
  3.700000E-002  1.658000E+002  1.100000E+000  9.107075E+003  1.038859E+002  9.499640E-001  4.716751E+005  0.000000E+000  6.633519E-007  9.107921E+003  4.717790E+005  0.000000E+000  0.000000E+000
  3.800000E-002  1.658000E+002  1.100000E+000  9.616662E+003  1.039080E+002  9.499640E-001  4.780646E+005  0.000000E+000  6.633519E-007  9.617508E+003  4.781685E+005  0.000000E+000  0.000000E+000
  3.900000E-002  1.658000E+002  1.100000E+000  1.011546E+004  1.039307E+002  9.499640E-001  4.796031E+005  0.000000E+000  6.633519E-007  1.011631E+004  4.797070E+005  0.000000E+000  0.000000E+000
  4.000000E-002  1.658000E+002  1.100000E+000  1.064211E+004  1.039561E+002  9.499640E-001  6.313442E+005  0.000000E+000  6.633519E-007  1.064296E+004  6.314481E+005  0.000000E+000  0.000000E+000
  4.100000E-002  1.658000E+002  1.100000E+000  1.116948E+004  1.039828E+002  9.499640E-001  5.234526E+005  0.000000E+000  6.633519E-007  1.117033E+004  5.235566E+005  0.000000E+000  0.000000E+000
  4.200000E-002  1.658000E+002  1.100000E+000  1.171706E+004  1.040119E+002  9.499640E-001  6.697524E+005  0.000000E+000  6.633519E-007  1.171791E+004  6.698564E+005  0.000000E+000  0.000000E+000
  4.300000E-002  1.658000E+002  1.100000E+000  1.226607E+004  1.040425E+002  9.499640E-001  5.300705E+005  0.000000E+000  6.633519E-007  1.226692E+004  5.301745E+005  0.000000E+000  0.000000E+000
  4.400000E-002  1.658000E+002  1.100000E+000  1.284108E+004  1.040762E+002  9.499640E-001  5.795739E+005  0.000000E+000  6.633519E-007  1.284192E+004  5.796780E+005  0.000000E+000  0.000000E+000
  4.500000E-002  1.658000E+002  1.100000E+000  1.340622E+004  1.041108E+002  9.499640E-001  5.369387E+005  0.000000E+000  6.633519E-007  1.340706E+004  5.370428E+005  0.000000E+000  0.000000E+000
  4.600000E-002  1.658000E+002  1.100000E+000  1.400953E+004  1.041494E+002  9.499640E-001  5.713544E+005  0.000000E+000  6.633519E-007  1.401038E+004  5.714586E+005  0.000000E+000  0.000000E+000
  4.700000E-002  1.658000E+002  1.100000E+000  1.462642E+004  1.041907E+002  9.499640E-001  6.674644E+005  0.000000E+000  6.633519E-007  1.462726E+004  6.675686E+005  0.000000E+000  0.000000E+000
  4.800000E-002  1.658000E+002  1.100000E+000  1.523598E+004  1.042334E+002  9.499640E-001  6.348066E+005  0.000000E+000  6.633519E-007  1.523683E+004  6.349109E+005  0.000000E+000  0.000000E+000
  4.900000E-002  1.658000E+002  1.100000E+000  1.587966E+004  1.042804E+002  9.499640E-001  5.965845E+005  0.000000E+000  6.633519E-007  1.588051E+004  5.966888E+005  0.000000E+000  0.000000E+000
  5.000000E-002  1.658000E+002  1.100000E+000  1.653138E+004  1.043300E+002  9.499640E-001  6.172981E+005  0.000000E+000  6.633519E-007  1.653222E+004  6.174024E+005  0.000000E+000  0.000000E+000
  5.100000E-002  1.658000E+002  1.100000E+000  1.719598E+004  1.043827E+002  9.499640E-001  6.022009E+005  0.000000E+000  6.633519E-007  1.719682E+004  6.023052E+005  0.000000E+000  0.000000E+000
  5.200000E-002  1.658000E+002  1.100000E+000  1.786622E+004  1.044380E+002  9.499640E-001  7.309671E+005  0.000000E+000  6.633519E-007  1.786706E+004  7.310715E+005  0.000000E+000  0.000000E+000
  5.300000E-002  1.658000E+002  1.100000E+000  1.854133E+004  1.044959E+002  9.499640E-001  8.666616E+005  0.000000E+000  6.633519E-007  1.854218E+004  8.667661E+005  0.000000E+000  0.000000E+000
  5.400000E-002  1.658000E+002  1.100000E+000  1.923480E+004  1.045578E+002  9.499640E-001  8.436809E+005  0.000000E+000  6.633519E-007  1.923564E+004  8.437855E+005  0.000000E+000  0.000000E+000
  5.500000E-002  1.658000E+002  1.100000E+000  1.994885E+004  1.046239E+002  9.499640E-001  8.421473E+005  0.000000E+000  6.633519E-007  1.994969E+004  8.422519E+005  0.000000E+000  0.000000E+000
  5.600000E-002  1.658000E+002  1.100000E+000  2.068018E+004  1.046942E+002  9.499640E-001  8.961374E+005  0.000000E+000  6.633519E-007  2.068102E+004  8.962421E+005  0.000000E+000  0.000000E+000
  5.700000E-002  1.658000E+002  1.100000E+000  2.142709E+004  1.047687E+002  9.499640E-001  9.318613E+005  0.000000E+000  6.633519E-007  2.142793E+004  9.319660E+005  0.000000E+000  0.000000E+000
  5.800000E-002  1.658000E+002  1.100000E+000  2.218348E+004  1.048470E+002  9.499640E-001  8.258449E+005  0.000000E+000  6.633519E-007  2.218432E+004  8.259498E+005  0.000000E+000  0.000000E+000
  5.900000E-002  1.658000E+002  1.100000E+000  2.294294E+004  1.049285E+002  9.499640E-001  7.145472E+005  0.000000E+000  6.633519E-007  2.294378E+004  7.146521E+005  0.000000E+000  0.000000E+000
  6.000000E-002  1.658000E+002  1.100000E+000  2.370982E+004  1.050136E+002  9.499640E-001  7.109973E+005  0.000000E+000  6.633519E-007  2.371066E+004  7.111024E+005  0.000000E+000  0.000000E+000
  6.100000E-002  1.658000E+002  1.100000E+000  2.449530E+004  1.051039E+002  9.499640E-001  7.705889E+005  0.000000E+000  6.633519E-007  2.449615E+004  7.706940E+005  0.000000E+000  0.000000E+000
  6.200000E-002  1.658000E+002  1.100000E+000  2.529356E+004  1.051988E+002  9.499640E-001  7.554234E+005  0.000000E+000  6.633519E-007  2.529440E+004  7.555286E+005  0.000000E+000  0.000000E+000
  6.300000E-002  1.658000E+002  1.100000E+000  2.612426E+004  1.053010E+002  9.499640E-001  9.817051E+005  0.000000E+000  6.633519E-007  2.612510E+004  9.818104E+005  0.000000E+000  0.000000E+000
  6.400000E-002  1.658000E+002  1.100000E+000  2.695097E+004  1.054061E+002  9.499640E-001  7.579842E+005  0.000000E+000  6.633519E-007  2.695181E+004  7.580896E+005  0.000000E+000  0.000000E+000
  6.500000E-002  1.658000E+002  1.100000E+000  2.778256E+004  1.055153E+002  9.499640E-001  7.588597E+005  0.000000E+000  6.633519E-007  2.778340E+004  7.589652E+005  0.000000E+000  0.000000E+000
  6.600000E-002  1.658000E+002  1.100000E+000  2.864110E+004  1.056317E+002  9.499640E-001  1.035686E+006  0.000000E+000  6.633519E-007  2.864195E+004  1.035792E+006  0.000000E+000  0.000000E+000
  6.700000E-002  1.658000E+002  1.100000E+000  2.950364E+004  1.057525E+002  9.499640E-001  8.480390E+005  0.000000E+000  6.633519E-007  2.950449E+004  8.481448E+005  0.000000E+000  0.000000E+000
  6.800000E-002  1.658000E+002  1.100000E+000  3.037887E+004  1.058790E+002  9.499640E-001  9.929432E+005  0.000000E+000  6.633519E-007  3.037971E+004  9.930491E+005  0.000000E+000  0.000000E+000
  6.900000E-002  1.658000E+002  1.100000E+000  3.128348E+004  1.060139E+002  9.499640E-001  8.403518E+005  0.000000E+000  6.633519E-007  3.128432E+004  8.404578E+005  0.000000E+000  0.000000E+000
  7.000000E-002  1.658000E+002  1.100000E+000  3.218303E+004  1.061522E+002  9.499640E-001  1.040455E+006  0.000000E+000  6.633519E-007  3.218387E+004  1.040561E+006  0.000000E+000  0.000000E+000
  7.100000E-002  1.658000E+002  1.100000E+000  3.310499E+004  1.062983E+002  9.499640E-001  8.905581E+005  0.000000E+000  6.633519E-007  3.310584E+004  8.906644E+005  0.000000E+000  0.000000E+000
  7.200000E-002  1.658000E+002  1.100000E+000  3.403523E+004  1.064503E+002  9.499640E-001  1.149803E+006  0.000000E+000  7.572278E-007  3.403607E+004  1.149909E+006  0.000000E+000  0.000000E+000
  7.300000E-002  1.658000E+002  1.100000E+000  3.497338E+004  1.066081E+002  9.499640E-001  8.611823E+005  0.000000E+000  2.179101E-006  3.497423E+004  8.612889E+005  0.000000E+000  0.000000E+000
  7.400000E-002  1.658000E+002  1.100000E+000  3.594087E+004  1.067758E+002  9.499640E-001  8.732386E+005  0.000000E+000  6.893807E-006  3.594171E+004  8.733453E+005  0.000000E+000  0.000000E+000
  7.500000E-002  1.658000E+002  1.100000E+000  3.691461E+004  1.069497E+002  9.499640E-001  1.203126E+006  0.000000E+000  1.683155E-005  3.691545E+004  1.203233E+006  0.000000E+000  0.000000E+000
  7.600000E-002  1.658000E+002  1.100000E+000  3.788662E+004  1.071283E+002  9.499640E-001  9.056102E+005  0.000000E+000  3.387402E-005  3.788747E+004  9.057173E+005  0.000000E+000  0.000000E+000
  7.700000E-002  1.658000E+002  1.100000E+000  3.888459E+004  1.073170E+002  9.499640E-001  9.748116E+005  0.000000E+000  5.985482E-005  3.888544E+004  9.749189E+005  0.000000E+000  0.000000E+000
  7.800000E-002  1.658000E+002  1.100000E+000  3.989592E+004  1.075137E+002  9.499640E-001  9.163763E+005  0.000000E+000  9.655983E-005  3.989676E+004  9.164838E+005  0.000000E+000  0.000000E+000
  7.900000E-002  1.658000E+002  1.100000E+000  4.092479E+004  1.077196E+002  9.499640E-001  1.027089E+006  0.000000E+000  1.457277E-004  4.092563E+004  1.027197E+006  0.000000E+000  0.000000E+000
  8.000000E-002  1.658000E+002  1.100000E+000  4.195982E+004  1.079327E+002  9.499640E-001  1.263692E+006  0.000000E+000  2.090500E-004  4.196066E+004  1.263800E+006  0.000000E+000  0.000000E+000
  8.100000E-002  1.658000E+002  1.100000E+000  4.299964E+004  1.081528E+002  9.499640E-001  1.281760E+006  0.000000E+000  2.881721E-004  4.300048E+004  1.281868E+006  0.000000E+000  0.000000E+000
  8.200000E-002  1.658000E+002  1.100000E+000  4.405215E+004  1.083817E+002  9.499640E-001  1.150820E+006  0.000000E+000  3.846931E-004  4.405299E+004  1.150928E+006  0.000000E+000  0.000000E+000
  8.300000E-002  1.658000E+002  1.100000E+000  4.512357E+004  1.086212E+002  9.499640E-001  1.122338E+006  0.000000E+000  5.001663E-004  4.512442E+004  1.122447E+006  0.000000E+000  0.000000E+000
  8.400000E-002  1.658000E+002  1.100000E+000  4.621434E+004  1.088718E+002  9.499640E-001  1.199535E+006  0.000000E+000  6.360999E-004  4.621518E+004  1.199644E+006  0.000000E+000  0.000000E+000
  8.500000E-002  1.658000E+002  1.100000E+000  4.732210E+004  1.091333E+002  9.499640E-001  1.360023E+006  0.000000E+000  7.939573E-004  4.732294E+004  1.360132E+006  0.000000E+000  0.000000E+000
  8.600000E-002  1.658000E+002  1.100000E+000  4.844182E+004  1.094050E+002  9.499640E-001  1.343330E+006  0.000000E+000  9.751571E-004  4.844266E+004  1.343439E+006  0.000000E+000  0.000000E+000
  8.700000E-002  1.658000E+002  1.100000E+000  4.956668E+004  1.096852E+002  9.499640E-001  1.116225E+006  0.000000E+000  1.181074E-003  4.956752E+004  1.116334E+006  0.000000E+000  0.000000E+000
  8.800000E-002  1.658000E+002  1.100000E+000  5.070056E+004  1.099754E+002  9.499640E-001  1.037305E+006  0.000000E+000  1.413039E-003  5.070140E+004  1.037415E+006  0.000000E+000  0.000000E+000
  8.900000E-002  1.658000E+002  1.100000E+000  5.185277E+004  1.102782E+002  9.499640E-001  1.130582E+006  0.000000E+000  1.672340E-003  5.185361E+004  1.130692E+006  0.000000E+000  0.000000E+000
  9.000000E-002  1.658000E+002  1.100000E+000  5.301391E+004  1.105915E+002  9.499640E-001  1.094908E+006  0.000000E+000  1.960222E-003  5.301475E+004  1.095019E+006  0.000000E+000  0.000000E+000
  9.100000E-002  1.658000E+002  1.100000E+000  5.419914E+004  1.109200E+002  9.499640E-001  1.432681E+006  0.000000E+000  2.277887E-003  5.419998E+004  1.432791E+006  0.000000E+000  0.000000E+000
  9.200000E-002  1.658000E+002  1.099981E+000  5.538495E+004  1.112872E+002  9.499640E-001  1.086804E+006  0.000000E+000  2.626496E-003  5.538579E+004  1.086916E+006  0.000000E+000  0.000000E+000
  9.300000E-002  1.658000E+002  1.099885E+000  5.658474E+004  1.117879E+002  9.499640E-001  1.092321E+006  0.000000E+000  3.007167E-003  5.658558E+004  1.092433E+006  0.000000E+000  0.000000E+000
  9.400000E-002  1.658000E+002  1.099653E+000  5.781881E+004  1.125249E+002  9.499640E-001  1.372310E+006  0.000000E+000  3.420978E-003  5.781965E+004  1.372423E+006  0.000000E+000  0.000000E+000
  9.500000E-002  1.658000E+002  1.099230E+000  5.904135E+004  1.135800E+002  9.499640E-001  1.203247E+006  0.000000E+000  3.868965E-003  5.904219E+004  1.203361E+006  0.000000E+000  0.000000E+000
  9.600000E-002  1.658000E+002  1.098565E+000  6.027335E+004  1.150575E+002  9.499640E-001  1.481347E+006  0.000000E+000  4.352124E-003  6.027419E+004  1.481462E+006  0.000000E+000  0.000000E+000
  9.700000E-002  1.658000E+002  1.097609E+000  6.153613E+004  1.170699E+002  9.499640E-001  1.215767E+006  0.000000E+000  4.871412E-003  6.153696E+004  1.215884E+006  0.000000E+000  0.000000E+000
  9.800000E-002  1.658000E+002  1.096318E+000  6.280913E+004  1.197292E+002  9.499640E-001  1.595444E+006  0.000000E+000  5.427744E-003  6.280996E+004  1.595563E+006  0.000000E+000  0.000000E+000
  9.900000E-002  1.658000E+002  1.094650E+000  6.409395E+004  1.231751E+002  9.499640E-001  1.244244E+006  0.000000E+000  6.021998E-003  6.409478E+004  1.244367E+006  0.000000E+000  0.000000E+000
  1.000000E-001  1.658000E+002  1.092569E+000  6.539077E+004  1.275788E+002  9.499640E-001  1.374182E+006  0.000000E+000  6.655013E-003  6.539160E+004  1.374309E+006  0.000000E+000  0.000000E+000
  1.010000E-001  1.658000E+002  1.090039E+000  6.668422E+004  1.331515E+002  9.499640E-001  1.200658E+006  0.000000E+000  7.327587E-003  6.668504E+004  1.200791E+006  0.000000E+000  0.000000E+000
  1.020000E-001  1.658000E+002  1.087030E+000  6.801880E+004  1.402013E+002  9.499640E-001  1.281144E+006  0.000000E+000  8.040484E-003  6.801961E+004  1.281285E+006  0.000000E+000  0.000000E+000
  1.030000E-001  1.658000E+002  1.083513E+000  6.936297E+004  1.491083E+002  9.499640E-001  1.337620E+006  0.000000E+000  8.794426E-003  6.936377E+004  1.337769E+006  0.000000E+000  0.000000E+000
  1.040000E-001  1.658000E+002  1.079464E+000  7.068652E+004  1.604082E+002  9.499640E-001  1.419052E+006  0.000000E+000  9.590101E-003  7.068732E+004  1.419212E+006  0.000000E+000  0.000000E+000
  1.050000E-001  1.658000E+002  1.074860E+000  7.205153E+004  1.749503E+002  9.499640E-001  1.242619E+006  4.110000E+001  1.042816E-002  7.276243E+004  1.489690E+003  2.354857E-001  1.241304E+006
  1.060000E-001  1.658000E+002  1.069682E+000  7.343311E+004  1.939652E+002  9.499640E-001  1.351652E+006  4.110000E+001  1.130921E-002  7.343513E+004  1.489690E+003  2.354857E-001  1.350356E+006
  1.070000E-001  1.658000E+002  1.063915E+000  7.481915E+004  2.194440E+002  9.499640E-001  1.237864E+006  4.110000E+001  1.223384E-002  7.482114E+004  1.489690E+003  2.354857E-001  1.236594E+006
  1.080000E-001  1.658000E+002  1.057544E+000  7.620603E+004  2.548199E+002  9.499640E-001  1.380161E+006  4.110000E+001  1.320259E-002  7.620800E+004  1.489690E+003  2.354857E-001  1.378926E+006
  1.090000E-001  1.658000E+002  1.050559E+000  7.760477E+004  3.065656E+002  9.499640E-001  1.680838E+006  4.110000E+001  1.421596E-002  7.760670E+004  1.489690E+003  2.354857E-001  1.679655E+006
  1.100000E-001  1.658000E+002  1.042951E+000  7.901838E+004  3.884242E+002  9.499640E-001  1.784454E+006  4.110000E+001  1.527442E-002  7.902024E+004  1.489690E+003  2.354857E-001  1.783353E+006
  1.110000E-001  1.658000E+002  1.034715E+000  8.043137E+004  5.355490E+002  9.499640E-001  1.673847E+006  4.110000E+001  1.637842E-002  8.043311E+004  1.489690E+003  2.354857E-001  1.672893E+006
  1.120000E-001  1.658000E+002  1.025847E+000  8.185090E+004  8.734536E+002  9.499640E-001  1.533603E+006  4.110000E+001  1.752835E-002  8.185240E+004  1.489690E+003  2.354857E-001  1.532986E+006
  1.130000E-001  1.658000E+002  1.016346E+000  8.329628E+004  1.764710E+003  9.499640E-001  1.590532E+006  4.110000E+001  1.872458E-002  8.329716E+004  1.489690E+003  2.354857E-001  1.590807E+006
  1.140000E-001  1.658000E+002  1.006213E+000  8.475548E+004  1.764710E+003  9.499640E-001  1.738715E+006  4.110000E+001  1.996746E-002  8.475592E+004  1.489690E+003  2.354857E-001  1.738990E+006
  1.150000E-001  1.658000E+002  9.954517E-001  8.621066E+004  1.764710E+003  9.499640E-001  1.811861E+006  4.110000E+001  2.125729E-002  8.621110E+004  1.489690E+003  2.354857E-001  1.812136E+006
  1.160000E-001  1.658000E+002  9.840680E-001  8.768097E+004  1.764710E+003  9.499640E-001  1.790447E+006  4.110000E+001  2.259433E-002  8.768141E+004  1.489690E+003  2.354857E-001  1.790722E+006
  1.170000E-001  1.658000E+002  9.720691E-001  8.917175E+004  1.764710E+003  9.499640E-001  1.449425E+006  4.110000E+001  2.397883E-002  8.917219E+004  1.489690E+003  2.354857E-001  1.449700E+006
  1.180000E-001  1.658000E+002  9.594646E-001  9.065918E+004  1.764710E+003  9.499640E-001  1.331657E+006  4.110000E+001  2.541100E-002  9.065962E+004  1.489690E+003  2.354857E-001  1.331932E+006
  1.190000E-001  1.658000E+002  9.462658E-001  9.214511E+004  1.764710E+003  9.499640E-001  1.447701E+006  4.110000E+001  2.689101E-002  9.214555E+004  1.489690E+003  2.354857E-001  1.447976E+006
  1.200000E-001  1.658000E+002  9.324861E-001  9.365232E+004  1.764710E+003  9.499640E-001  1.379319E+006  4.110000E+001  2.841900E-002  9.365276E+004  1.489690E+003  2.354857E-001  1.379594E+006
  1.210000E-001  1.658000E+002  9.181402E-001  9.517334E+004  1.764710E+003  9.499640E-001  1.651404E+006  4.110000E+001  2.999510E-002  9.517378E+004  1.489690E+003  2.354857E-001  1.651679E+006
  1.220000E-001  1.658000E+002  9.032448E-001  9.671079E+004  1.764710E+003  9.499640E-001  1.624165E+006  4.110000E+001  3.161939E-002  9.671123E+004  1.489690E+003  2.354857E-001  1.624440E+006
  1.230000E-001  1.658000E+002  8.878179E-001  9.823806E+004  1.764710E+003  9.499640E-001  1.427280E+006  4.110000E+001  3.329192E-002  9.823850E+004  1.489690E+003  2.354857E-001  1.427555E+006
  1.240000E-001  1.658000E+002  8.718792E-001  9.978703E+004  1.764710E+003  9.499640E-001  1.405087E+006  4.110000E+001  3.501272E-002  9.978747E+004  1.489690E+003  2.354857E-001  1.405362E+006
  1.250000E-001  1.658000E+002  8.554496E-001  1.013538E+005  1.764710E+003  9.499640E-001  1.925745E+006  4.110000E+001  3.678179E-002  1.013542E+005  1.489690E+003  2.354857E-001  1.926020E+006
  1.260000E-001  1.658000E+002  8.385515E-001  1.029114E+005  1.764710E+003  9.499640E-001  1.429435E+006  4.110000E+001  3.859909E-002  1.029118E+005  1.489690E+003  2.354857E-001  1.429710E+006
  1.270000E-001  1.658000E+002  8.212084E-001  1.044833E+005  1.764710E+003  9.499640E-001  1.442786E+006  4.110000E+001  4.046458E-002  1.044837E+005  1.489690E+003  2.354857E-001  1.443061E+006
  1.280000E-001  1.658000E+002  8.034451E-001  1.060920E+005  1.764710E+003  9.499640E-001  1.544575E+006  4.110000E+001  4.237816E-002  1.060924E+005  1.489690E+003  2.354857E-001  1.544850E+006
  1.290000E-001  1.658000E+002  7.852874E-001  1.076713E+005  1.764710E+003  9.499640E-001  1.492862E+006  4.110000E+001  4.433972E-002  1.076718E+005  1.489690E+003  2.354857E-001  1.493137E+006
  1.300000E-001  1.658000E+002  7.667621E-001  1.092803E+005  1.764710E+003  9.499640E-001  1.965003E+006  4.110000E+001  4.634912E-002  1.092807E+005  1.489690E+003  2.354857E-001  1.965278E+006
  1.310000E-001  1.658000E+002  7.478971E-001  1.109018E+005  1.764710E+003  9.499640E-001  1.565023E+006  4.110000E+001  4.840619E-002  1.109022E+005  1.489690E+003  2.354857E-001  1.565298E+006
  1.320000E-001  1.658000E+002  7.287209E-001  1.125311E+005  1.764710E+003  9.499640E-001  1.890942E+006  4.110000E+001  5.051074E-002  1.125316E+005  1.489690E+003  2.354857E-001  1.891217E+006
  1.330000E-001  1.658000E+002  7.092629E-001  1.141523E+005  1.764710E+003  9.499640E-001  1.538972E+006  4.110000E+001  5.266256E-002  1.141528E+005  1.489690E+003  2.354857E-001  1.539247E+006
  1.340000E-001  1.658000E+002  6.895532E-001  1.158156E+005  1.764710E+003  9.499640E-001  1.591157E+006  4.110000E+001  5.486140E-002  1.158160E+005  1.489690E+003  2.354857E-001  1.591432E+006
  1.350000E-001  1.658000E+002  6.696226E-001  1.174576E+005  1.764710E+003  9.499640E-001  1.550189E+006  4.110000E+001  5.710699E-002  1.174580E+005  1.489690E+003  2.354857E-001  1.550464E+006
  1.360000E-001  1.658000E+002  6.495023E-001  1.191211E+005  1.764710E+003  9.499640E-001  1.546632E+006  4.110000E+001  5.939903E-002  1.191215E+005  1.489690E+003  2.354857E-001  1.546907E+006
  1.370000E-001  1.658000E+002  6.292240E-001  1.208054E+005  1.764710E+003  9.499640E-001  2.015897E+006  4.110000E+001  6.173722E-002  1.208058E+005  1.489690E+003  2.354857E-001  2.016172E+006
  1.380000E-001  1.658000E+002  6.088197E-001  1.224845E+005  1.764710E+003  9.499640E-001  1.539313E+006  4.110000E+001  6.412122E-002  1.224849E+005  1.489690E+003  2.354857E-001  1.539588E+006
  1.390000E-001  1.658000E+002  5.883220E-001  1.241746E+005  1.764710E+003  9.499640E-001  1.608310E+006  4.110000E+001  6.655065E-002  1.241750E+005  1.489690E+003  2.354857E-001  1.608585E+006
  1.400000E-001  1.658000E+002  5.677634E-001  1.258894E+005  1.764710E+003  9.499640E-001  1.689159E+006  4.110000E+001  6.902514E-002  1.258899E+005  1.489690E+003  2.354857E-001  1.689434E+006
  1.410000E-001  1.658000E+002  5.471766E-001  1.275994E+005  1.764710E+003  9.499640E-001  2.081189E+006  4.110000E+001  7.154428E-002  1.275999E+005  1.489690E+003  2.354857E-001  2.081464E+006
  1.420000E-001  1.658000E+002  5.265946E-001  1.293109E+005  1.764710E+003  9.499640E-001  1.538978E+006  4.110000E+001  7.410763E-002  1.293114E+005  1.489690E+003  2.354857E-001  1.539253E+006
  1.430000E-001  1.658000E+002  5.060501E-001  1.310513E+005  1.764710E+003  9.499640E-001  1.705549E+006  4.110000E+001  7.671475E-002  1.310517E+005  1.489690E+003  2.354857E-001  1.705824E+006
  1.440000E-001  1.658000E+002  4.855758E-001  1.328045E+005  1.764710E+003  9.499640E-001  1.617972E+006  4.110000E+001  7.936516E-002  1.328049E+005  1.489690E+003  2.354857E-001  1.618247E+006
  1.450000E-001  1.658000E+002  4.652045E-001  1.345525E+005  1.764710E+003  9.499640E-001  1.605769E+006  4.110000E+001  8.205837E-002  1.345530E+005  1.489690E+003  2.354857E-001  1.606044E+006
  1.460000E-001  1.658000E+002  4.449682E-001  1.363181E+005  1.764710E+003  9.499640E-001  1.833361E+006  4.110000E+001  8.479387E-002  1.363185E+005  1.489690E+003  2.354857E-001  1.833636E+006
  1.470000E-001  1.658000E+002  4.248991E-001  1.380994E+005  1.764710E+003  9.499640E-001  1.995470E+006  4.110000E+001  8.757111E-002  1.380998E+005  1.489690E+003  2.354857E-001  1.995745E+006
  1.480000E-001  1.658000E+002  4.050287E-001  1.398657E+005  1.764710E+003  9.499640E-001  2.227495E+006  4.110000E+001  9.038956E-002  1.398661E+005  1.489690E+003  2.354857E-001  2.227770E+006
  1.490000E-001  1.658000E+002  3.853882E-001  1.416578E+005  1.764710E+003  9.499640E-001  2.263752E+006  4.110000E+001  9.324863E-002  1.416583E+005  1.489690E+003  2.354857E-001  2.264027E+006
  1.500000E-001  1.658000E+002  3.660080E-001  1.434731E+005  1.764710E+003  9.499640E-001  2.237942E+006  4.110000E+001  9.614773E-002  1.434736E+005  1.489690E+003  2.354857E-001  2.238217E+006
  1.510000E-001  1.658000E+002  3.469182E-001  1.452739E+005  1.764710E+003  9.499640E-001  2.236086E+006  4.110000E+001  9.908626E-002  1.452743E+005  1.489690E+003  2.354857E-001  2.236361E+006
  1.520000E-001  1.658000E+002  3.281477E-001  1.471024E+005  1.764710E+003  9.499640E-001  2.037810E+006  4.110000E+001  1.020636E-001  1.471028E+005  1.489690E+003  2.354857E-001  2.038085E+006
  1.530000E-001  1.658000E+002  3.097252E-001  1.489441E+005  1.764710E+003  9.499640E-001  1.709839E+006  4.110000E+001  1.050791E-001  1.489445E+005  1.489690E+003  2.354857E-001  1.710114E+006
  1.540000E-001  1.658000E+002  2.916780E-001  1.507707E+005  1.764710E+003  9.499640E-001  1.654673E+006  4.110000E+001  1.081320E-001  1.507711E+005  1.489690E+003  2.354857E-001  1.654948E+006
  1.550000E-001  1.658000E+002  2.740327E-001  1.526220E+005  1.764710E+003  9.499640E-001  1.803736E+006  4.110000E+001  1.112218E-001  1.526224E+005  1.489690E+003  2.354857E-001  1.804011E+006
  1.560000E-001  1.658000E+002  2.568148E-001  1.544879E+005  1.764710E+003  9.499640E-001  1.705344E+006  4.110000E+001  1.143477E-001  1.544883E+005  1.489690E+003  2.354857E-001  1.705619E+006
  1.570000E-001  1.658000E+002  2.400488E-001  1.563403E+005  1.764710E+003  9.499640E-001  1.758475E+006  4.110000E+001  1.175090E-001  1.563408E+005  1.489690E+003  2.354857E-001  1.758750E+006
  1.580000E-001  1.658000E+002  2.237579E-001  1.582393E+005  1.764710E+003  9.499640E-001  2.310647E+006  4.110000E+001  1.207050E-001  1.582398E+005  1.489690E+003  2.354857E-001  2.310922E+006
  1.590000E-001  1.658000E+002  2.079640E-001  1.601353E+005  1.764710E+003  9.499640E-001  1.683739E+006  4.110000E+001  1.239349E-001  1.601357E+005  1.489690E+003  2.354857E-001  1.684014E+006
  1.600000E-001  1.658000E+002  1.926877E-001  1.620177E+005  1.764710E+003  9.499640E-001  1.833431E+006  4.110000E+001  1.271980E-001  1.620182E+005  1.489690E+003  2.354857E-001  1.833706E+006
  1.610000E-001  1.658000E+002  1.779482E-001  1.639297E+005  1.764710E+003  9.499640E-001  2.046224E+006  4.110000E+001  1.304935E-001  1.639302E+005  1.489690E+003  2.354857E-001  2.046499E+006
  1.620000E-001  1.658000E+002  1.637632E-001  1.658636E+005  1.764710E+003  9.499640E-001  1.784846E+006  4.110000E+001  1.338207E-001  1.658640E+005  1.489690E+003  2.354857E-001  1.785121E+006
  1.630000E-001  1.658000E+002  1.501488E-001  1.677755E+005  1.764710E+003  9.499640E-001  1.876393E+006  4.110000E+001  1.371786E-001  1.677759E+005  1.489690E+003  2.354857E-001  1.876668E+006
  1.640000E-001  1.658000E+002  1.371193E-001  1.697235E+005  1.764710E+003  9.499640E-001  2.393775E+006  4.110000E+001  1.405666E-001  1.697240E+005  1.489690E+003  2.354857E-001  2.394050E+006
  1.650000E-001  1.658000E+002  1.246876E-001  1.716710E+005  1.764710E+003  9.499640E-001  1.757312E+006  4.110000E+001  1.439838E-001  1.716715E+005  1.489690E+003  2.354857E-001  1.757587E+006
  1.660000E-001  1.658000E+002  1.128644E-001  1.736162E+005  1.764710E+003  9.499640E-001  1.836122E+006  4.110000E+001  1.474293E-001  1.736167E+005  1.489690E+003  2.354857E-001  1.836397E+006
  1.670000E-001  1.658000E+002  1.016587E-001  1.756093E+005  1.764710E+003  9.499640E-001  1.766922E+006  4.110000E+001  1.509023E-001  1.756097E+005  1.489690E+003  2.354857E-001  1.767197E+006
  1.680000E-001  1.658000E+002  9.107748E-002  1.775631E+005  1.764710E+003  9.499640E-001  1.783220E+006  4.110000E+001  1.544020E-001  1.775635E+005  1.489690E+003  2.354857E-001  1.783495E+006
  1.690000E-001  1.658000E+002  8.112574E-002  1.795681E+005  1.764710E+003  9.499640E-001  1.808571E+006  4.110000E+001  1.579275E-001  1.795686E+005  1.489690E+003  2.354857E-001  1.808846E+006
  1.700000E-001  1.658000E+002  7.180625E-002  1.815611E+005  1.764710E+003  9.499640E-001  2.043385E+006  4.110000E+001  1.614779E-001  1.815616E+005  1.489690E+003  2.354857E-001  2.043660E+006
  1.710000E-001  1.658000E+002  6.311959E-002  1.835647E+005  1.764710E+003  9.499640E-001  1.884024E+006  4.110000E+001  1.650522E-001  1.835652E+005  1.489690E+003  2.354857E-001  1.884299E+006
  1.720000E-001  1.658000E+002  5.506409E-002  1.855971E+005  1.764710E+003  9.499640E-001  2.494117E+006  4.110000E+001  1.686497E-001  1.855975E+005  1.489690E+003  2.354857E-001  2.494392E+006
  1.730000E-001  1.658000E+002  4.763565E-002  1.876150E+005  1.764710E+003  9.499640E-001  1.818273E+006  4.110000E+001  1.722694E-001  1.876155E+005  1.489690E+003  2.354857E-001  1.818548E+006
  1.740000E-001  1.658000E+002  4.082778E-002  1.896541E+005  1.764710E+003  9.499640E-001  1.854442E+006  4.110000E+001  1.759103E-001  1.896546E+005  1.489690E+003  2.354857E-001  1.854717E+006
  1.750000E-001  1.658000E+002  3.463141E-002  1.917142E+005  1.764710E+003  9.499640E-001  2.537817E+006  4.110000E+001  1.795716E-001  1.917146E+005  1.489690E+003  2.354857E-001  2.538092E+006
  1.760000E-001  1.658000E+002  2.903491E-002  1.937495E+005  1.764710E+003  9.499640E-001  1.833232E+006  4.110000E+001  1.832523E-001  1.937499E+005  1.489690E+003  2.354857E-001  1.833507E+006
  1.770000E-001  1.658000E+002  2.402394E-002  1.958284E+005  1.764710E+003  9.499640E-001  2.033925E+006  4.110000E+001  1.869514E-001  1.958289E+005  1.489690E+003  2.354857E-001  2.034200E+006
  1.780000E-001  1.658000E+002  1.958141E-002  1.979166E+005  1.764710E+003  9.499640E-001  1.873074E+006  4.110000E+001  1.906681E-001  1.979171E+005  1.489690E+003  2.354857E-001  1.873349E+006
  1.790000E-001  1.658000E+002  1.568737E-002  1.999841E+005  1.764710E+003  9.499640E-001  2.625051E+006  4.110000E+001  1.944013E-001  1.999845E+005  1.489690E+003  2.354857E-001  2.625326E+006
  1.800000E-001  1.658000E+002  1.231897E-002  2.020878E+005  1.764710E+003  9.499640E-001  2.231570E+006  4.110000E+001  1.981501E-001  2.020882E+005  1.489690E+003  2.354857E-001  2.231845E+006
  1.810000E-001  0.000000E+000  9.450361E-003  2.041854E+005  1.873505E+006  0.000000E+000  0.000000E+000  4.110000E+001  2.019135E-001  2.041867E+005  1.489690E+003  2.354857E-001  1.872015E+006
  1.820000E-001  0.000000E+000  7.052603E-003  2.063005E+005  2.044830E+006  0.000000E+000  0.000000E+000  4.110000E+001  2.056905E-001  2.063017E+005  1.489690E+003  2.354857E-001  2.043340E+006
  1.830000E-001  0.000000E+000  5.093610E-003  2.084178E+005  1.991041E+006  0.000000E+000  0.000000E+000  4.110000E+001  2.094802E-001  2.084191E+005  1.489690E+003  2.354857E-001  1.989551E+006
  1.840000E-001  0.000000E+000  3.538059E-003  2.105105E+005  1.944648E+006  0.000000E+000  0.000000E+000  4.110000E+001  2.132816E-001  2.105118E+005  1.489690E+003  2.354857E-001  1.943158E+006
  1.850000E-001  0.000000E+000  2.347316E-003  2.126249E+005  2.300922E+006  0.000000E+000  0.000000E+000  4.110000E+001  2.170936E-001  2.126262E+005  1.489690E+003  2.354857E-001  2.299432E+006
  1.860000E-001  0.000000E+000  1.479354E-003  2.147020E+005  2.344415E+006  0.000000E+000  0.000000E+000  4.110000E+001  2.209153E-001  2.147032E+005  1.489690E+003  2.354857E-001  2.342926E+006
  1.870000E-001  0.000000E+000  8.886762E-004  2.167927E+005  1.891025E+006  0.000000E+000  0.000000E+000  4.110000E+001  2.247457E-001  2.167940E+005  1.489690E+003  2.354857E-001  1.889536E+006
  1.880000E-001  0.000000E+000  5.262370E-004  2.189011E+005  2.005419E+006  0.000000E+000  0.000000E+000  4.110000E+001  2.285837E-001  2.189024E+005  1.489690E+003  2.354857E-001  2.003929E+006
  1.890000E-001  0.000000E+000  3.393639E-004  2.209768E+005  1.877401E+006  0.000000E+000  0.000000E+000  4.110000E+001  2.324284E-001  2.209781E+005  1.489690E+003  2.354857E-001  1.875911E+006
  1.900000E-001  0.000000E+000  2.716781E-004  2.230750E+005  2.183013E+006  0.000000E+000  0.000000E+000  4.110000E+001  2.362787E-001  2.230763E+005  1.489690E+003  2.354857E-001  2.181523E+006
  1.910000E-001  0.000000E+000  2.630204E-004  2.251444E+005  2.360988E+006  0.000000E+000  0.000000E+000  4.110000E+001  2.401337E-001  2.251457E+005  1.489690E+003  2.354857E-001  2.359499E+006
  1.920000E-001  0.000000E+000  2.630204E-004  2.272140E+005  1.880877E+006  0.000000E+000  0.000000E+000  4.110000E+001  2.439923E-001  2.272153E+005  1.489690E+003  2.354857E-001  1.879387E+006
  1.930000E-001  0.000000E+000  2.630204E-004  2.293076E+005  2.017270E+006  0.000000E+000  0.000000E+000  4.110000E+001  2.478535E-001  2.293089E+005  1.489690E+003  2.354857E-001  2.015780E+006
  1.940000E-001  0.000000E+000  2.630204E-004  2.313745E+005  1.979321E+006  0.000000E+000  0.000000E+000  4.110000E+001  2.517162E-001  2.313757E+005  1.489690E+003  2.354857E-001  1.977832E+006
  1.950000E-001  0.000000E+000  2.630204E-004  2.334330E+005  2.462273E+006  0.000000E+000  0.000000E+000  4.110000E+001  2.555796E-001  2.334343E+005  1.489690E+003  2.354857E-001  2.460783E+006
  1.960000E-001  0.000000E+000  2.630204E-004  2.355091E+005  1.857648E+006  0.000000E+000  0.000000E+000  4.110000E+001  2.594425E-001  2.355103E+005  1.489690E+003  2.354857E-001  1.856159E+006
  1.970000E-001  0.000000E+000  2.630204E-004  2.375608E+005  1.918509E+006  0.000000E+000  0.000000E+000  4.110000E+001  2.633039E-001  2.375620E+005  1.489690E+003  2.354857E-001  1.917020E+006
  1.980000E-001  0.000000E+000  2.630204E-004  2.396395E+005  2.109929E+006  0.000000E+000  0.000000E+000  4.110000E+001  2.671628E-001  2.396407E+005  1.489690E+003  2.354857E-001  2.108439E+006
  1.990000E-001  0.000000E+000  2.630204E-004  2.416757E+005  2.036140E+006  0.000000E+000  0.000000E+000  4.110000E+001  2.710183E-001  2.416769E+005  1.489690E+003  2.354857E-001  2.034650E+006
  2.000000E-001  0.000000E+000  2.630204E-004  2.437284E+005  2.016103E+006  0.000000E+000  0.000000E+000  4.110000E+001  2.748692E-001  2.437297E+005  1.489690E+003  2.354857E-001  2.014614E+006
