 FILE: 7segsprint.11

 *** Replace this line with a message to appear on all output files.                                    


        T             RX1            RY1            RX2            RY2            RX             RY             GRF            COP
       (S)            (N)            (N)            (N)            (N)            (N)            (N)            (N)            (M)

  0.000000E+000  0.000000E+000  0.000000E+000 -2.140721E-012  2.638699E-012 -2.140721E-012  2.638699E-012  3.397855E-012 -1.077718E-017
  1.000000E-003  0.000000E+000  0.000000E+000 -1.840863E+003  2.377125E+003 -1.840863E+003  2.377125E+003  3.006576E+003  6.542977E-004
  2.000000E-003  0.000000E+000  0.000000E+000 -2.800821E+003  4.189801E+003 -2.800821E+003  4.189801E+003  5.039746E+003  9.134634E-004
  3.000000E-003 -2.230930E+002  7.903961E+001 -1.809954E+003  4.121182E+003 -2.033047E+003  4.200222E+003  4.666384E+003  2.360761E-003
  4.000000E-003  5.489139E+002  1.630127E+002 -1.461601E+003  3.149913E+003 -9.126873E+002  3.312925E+003  3.436346E+003  4.873821E-003
  5.000000E-003  6.884621E+002  1.536845E+002 -1.391233E+003  2.716337E+003 -7.027710E+002  2.870021E+003  2.954811E+003  5.260304E-003
  6.000000E-003  7.654244E+002  1.433727E+002 -1.418436E+003  2.601371E+003 -6.530113E+002  2.744744E+003  2.821355E+003  5.196214E-003
  7.000000E-003  8.317166E+002  1.396849E+002 -1.478020E+003  2.614851E+003 -6.463036E+002  2.754536E+003  2.829342E+003  5.113773E-003
  8.000000E-003  8.868661E+002  1.410010E+002 -1.533959E+003  2.667261E+003 -6.470933E+002  2.808262E+003  2.881851E+003  5.106747E-003
  9.000000E-003  9.317667E+002  1.456818E+002 -1.574773E+003  2.722447E+003 -6.430061E+002  2.868129E+003  2.939323E+003  5.179428E-003
  1.000000E-002  9.668819E+002  1.523406E+002 -1.601644E+003  2.770171E+003 -6.347616E+002  2.922512E+003  2.990652E+003  5.305228E-003
  1.100000E-002  9.948933E+002  1.599512E+002 -1.618487E+003  2.809505E+003 -6.235942E+002  2.969456E+003  3.034228E+003  5.458533E-003
  1.200000E-002  1.017677E+003  1.678898E+002 -1.628529E+003  2.842082E+003 -6.108514E+002  3.009972E+003  3.071330E+003  5.622373E-003
  1.300000E-002  1.037235E+003  1.758422E+002 -1.633751E+003  2.869647E+003 -5.965164E+002  3.045489E+003  3.103359E+003  5.788136E-003
  1.400000E-002  1.054825E+003  1.836754E+002 -1.635245E+003  2.893444E+003 -5.804204E+002  3.077119E+003  3.131381E+003  5.952107E-003
  1.500000E-002  1.071080E+003  1.913426E+002 -1.633573E+003  2.914206E+003 -5.624929E+002  3.105549E+003  3.156079E+003  6.113005E-003
  1.600000E-002  1.086300E+003  1.988315E+002 -1.629045E+003  2.932347E+003 -5.427448E+002  3.131179E+003  3.177869E+003  6.270585E-003
  1.700000E-002  1.100595E+003  2.061421E+002 -1.621853E+003  2.948099E+003 -5.212578E+002  3.154242E+003  3.197022E+003  6.424979E-003
  1.800000E-002  1.113991E+003  2.132778E+002 -1.612141E+003  2.961605E+003 -4.981502E+002  3.174883E+003  3.213726E+003  6.576434E-003
  1.900000E-002  1.126480E+003  2.202422E+002 -1.600035E+003  2.972961E+003 -4.735547E+002  3.193203E+003  3.228127E+003  6.725213E-003
  2.000000E-002  1.138048E+003  2.270385E+002 -1.585655E+003  2.982242E+003 -4.476064E+002  3.209281E+003  3.240345E+003  6.871568E-003
  2.100000E-002  1.148682E+003  2.336694E+002 -1.569117E+003  2.989511E+003 -4.204346E+002  3.223180E+003  3.250485E+003  7.015728E-003
  2.200000E-002  1.158376E+003  2.401371E+002 -1.550537E+003  2.994817E+003 -3.921603E+002  3.234954E+003  3.258638E+003  7.157913E-003
  2.300000E-002  1.167134E+003  2.464434E+002 -1.530027E+003  2.998205E+003 -3.628929E+002  3.244648E+003  3.264879E+003  7.298335E-003
  2.400000E-002  1.174965E+003  2.525900E+002 -1.507696E+003  2.999707E+003 -3.327311E+002  3.252297E+003  3.269273E+003  7.437209E-003
  2.500000E-002  1.181882E+003  2.585786E+002 -1.483646E+003  2.999346E+003 -3.017635E+002  3.257924E+003  3.271870E+003  7.574761E-003
  2.600000E-002  1.187901E+003  2.644109E+002 -1.457972E+003  2.997135E+003 -2.700714E+002  3.261546E+003  3.272708E+003  7.711227E-003
  2.700000E-002  1.193036E+003  2.700885E+002 -1.430766E+003  2.993078E+003 -2.377303E+002  3.263167E+003  3.271815E+003  7.846861E-003
  2.800000E-002  1.197297E+003  2.756133E+002 -1.402110E+003  2.987169E+003 -2.048132E+002  3.262782E+003  3.269204E+003  7.981938E-003
  2.900000E-002  1.200691E+003  2.809874E+002 -1.372081E+003  2.979389E+003 -1.713901E+002  3.260376E+003  3.264878E+003  8.116761E-003
  3.000000E-002  1.203218E+003  2.862126E+002 -1.340750E+003  2.969710E+003 -1.375320E+002  3.255923E+003  3.258826E+003  8.251660E-003
  3.100000E-002  1.204864E+003  2.912905E+002 -1.308186E+003  2.958095E+003 -1.033222E+002  3.249386E+003  3.251028E+003  8.386981E-003
  3.200000E-002  1.205622E+003  2.962216E+002 -1.274455E+003  2.944496E+003 -6.883377E+001  3.240718E+003  3.241449E+003  8.523092E-003
  3.300000E-002  1.205475E+003  3.010057E+002 -1.239627E+003  2.928855E+003 -3.415186E+001  3.229861E+003  3.230041E+003  8.660381E-003
  3.400000E-002  1.204407E+003  3.056417E+002 -1.203771E+003  2.911105E+003  6.357927E-001  3.216746E+003  3.216746E+003  8.799262E-003
  3.500000E-002  1.202393E+003  3.101273E+002 -1.166957E+003  2.891170E+003  3.543611E+001  3.201297E+003  3.201493E+003  8.940181E-003
  3.600000E-002  1.199406E+003  3.144589E+002 -1.129263E+003  2.868965E+003  7.014349E+001  3.183424E+003  3.184197E+003  9.083610E-003
  3.700000E-002  1.195421E+003  3.186316E+002 -1.090768E+003  2.844400E+003  1.046525E+002  3.163032E+003  3.164763E+003  9.230055E-003
  3.800000E-002  1.190410E+003  3.226388E+002 -1.051561E+003  2.817376E+003  1.388490E+002  3.140015E+003  3.143083E+003  9.380065E-003
  3.900000E-002  1.184315E+003  3.264727E+002 -1.011726E+003  2.787769E+003  1.725894E+002  3.114242E+003  3.119020E+003  9.534284E-003
  4.000000E-002  1.176901E+003  3.301138E+002 -9.712751E+002  2.755217E+003  2.056259E+002  3.085331E+003  3.092176E+003  9.693882E-003
  4.100000E-002  1.168852E+003  3.335549E+002 -9.303980E+002  2.719828E+003  2.384536E+002  3.053383E+003  3.062680E+003  9.858930E-003
  4.200000E-002  1.161043E+003  3.368569E+002 -8.896006E+002  2.682797E+003  2.714422E+002  3.019654E+003  3.031830E+003  1.002776E-002
  4.300000E-002  1.152301E+003  3.400418E+002 -8.488630E+002  2.643829E+003  3.034377E+002  2.983871E+003  2.999260E+003  1.020259E-002
  4.400000E-002  1.142729E+003  3.430759E+002 -8.081166E+002  2.602204E+003  3.346127E+002  2.945280E+003  2.964227E+003  1.038546E-002
  4.500000E-002  1.132414E+003  3.459412E+002 -7.674670E+002  2.557694E+003  3.649470E+002  2.903635E+003  2.926480E+003  1.057757E-002
  4.600000E-002  1.121415E+003  3.486280E+002 -7.270551E+002  2.510186E+003  3.943603E+002  2.858814E+003  2.885886E+003  1.078012E-002
  4.700000E-002  1.109790E+003  3.511288E+002 -6.870332E+002  2.459599E+003  4.227567E+002  2.810727E+003  2.842343E+003  1.099444E-002
  4.800000E-002  1.097594E+003  3.534372E+002 -6.475598E+002  2.405860E+003  4.500346E+002  2.759298E+003  2.795756E+003  1.122202E-002
  4.900000E-002  1.084885E+003  3.555469E+002 -6.087986E+002  2.348904E+003  4.760865E+002  2.704451E+003  2.746036E+003  1.146459E-002
  5.000000E-002  1.071718E+003  3.574517E+002 -5.709177E+002  2.288668E+003  5.008005E+002  2.646120E+003  2.693093E+003  1.172413E-002
  5.100000E-002  1.058149E+003  3.591450E+002 -5.340873E+002  2.225091E+003  5.240613E+002  2.584236E+003  2.636838E+003  1.200291E-002
  5.200000E-002  1.044229E+003  3.606197E+002 -4.984784E+002  2.158113E+003  5.457502E+002  2.518733E+003  2.577181E+003  1.230358E-002
  5.300000E-002  1.030003E+003  3.618680E+002 -4.642599E+002  2.087680E+003  5.657427E+002  2.449548E+003  2.514031E+003  1.262922E-002
  5.400000E-002  1.015498E+003  3.628807E+002 -4.315961E+002  2.013739E+003  5.839017E+002  2.376620E+003  2.447297E+003  1.298345E-002
  5.500000E-002  1.027019E+003  3.636679E+002 -4.011731E+002  1.938804E+003  6.258464E+002  2.302472E+003  2.386014E+003  1.332053E-002
  5.600000E-002  1.003953E+003  3.650000E+002 -3.748924E+002  1.871852E+003  6.290610E+002  2.236852E+003  2.323624E+003  1.370506E-002
  5.700000E-002  9.887353E+002  3.659121E+002 -3.489137E+002  1.793755E+003  6.398216E+002  2.159668E+003  2.252451E+003  1.414998E-002
  5.800000E-002  9.756955E+002  3.664018E+002 -3.246512E+002  1.710253E+003  6.510443E+002  2.076654E+003  2.176316E+003  1.464197E-002
  5.900000E-002  9.638463E+002  3.665751E+002 -3.025147E+002  1.623307E+003  6.613317E+002  1.989882E+003  2.096900E+003  1.518221E-002
  6.000000E-002  9.527341E+002  3.664755E+002 -2.826346E+002  1.533710E+003  6.700995E+002  1.900185E+003  2.014879E+003  1.577575E-002
  6.100000E-002  9.420469E+002  3.661177E+002 -2.650097E+002  1.441828E+003  6.770372E+002  1.807946E+003  1.930556E+003  1.642988E-002
  6.200000E-002  9.314956E+002  3.655036E+002 -2.495485E+002  1.347873E+003  6.819472E+002  1.713377E+003  1.844102E+003  1.715380E-002
  6.300000E-002  9.207637E+002  3.646291E+002 -2.360774E+002  1.252000E+003  6.846862E+002  1.616630E+003  1.755644E+003  1.795881E-002
  6.400000E-002  9.094768E+002  3.634864E+002 -2.243376E+002  1.154349E+003  6.851392E+002  1.517836E+003  1.665305E+003  1.885875E-002
  6.500000E-002  8.971829E+002  3.620662E+002 -2.139788E+002  1.055069E+003  6.832041E+002  1.417136E+003  1.573226E+003  1.987056E-002
  6.600000E-002  8.833364E+002  3.603590E+002 -2.045527E+002  9.543425E+002  6.787838E+002  1.314702E+003  1.479590E+003  2.101512E-002
  6.700000E-002  8.672634E+002  3.583577E+002 -1.955116E+002  8.524302E+002  6.717518E+002  1.210788E+003  1.384651E+003  2.231808E-002
  6.800000E-002  8.481855E+002  3.560620E+002 -1.862044E+002  7.496902E+002  6.619812E+002  1.105752E+003  1.288762E+003  2.381106E-002
  6.900000E-002  8.252326E+002  3.534753E+002 -1.758646E+002  6.465643E+002  6.493680E+002  1.000040E+003  1.192375E+003  2.553308E-002
  7.000000E-002  7.974405E+002  3.506052E+002 -1.636179E+002  5.436372E+002  6.338225E+002  8.942424E+002  1.096084E+003  2.753135E-002
  7.100000E-002  7.637692E+002  3.474635E+002 -1.485046E+002  4.417144E+002  6.152646E+002  7.891779E+002  1.000676E+003  2.986113E-002
  7.200000E-002  7.231622E+002  3.440657E+002 -1.295340E+002  3.419249E+002  5.936282E+002  6.859906E+002  9.071811E+002  3.258305E-002
  7.300000E-002  6.746760E+002  3.404271E+002 -1.058028E+002  2.458671E+002  5.688732E+002  5.862941E+002  8.169196E+002  3.575488E-002
  7.400000E-002  6.177110E+002  3.365499E+002 -7.674401E+001  1.558264E+002  5.409670E+002  4.923763E+002  7.314914E+002  3.941412E-002
  7.500000E-002  5.525163E+002  3.323940E+002 -4.263763E+001  7.511081E+001  5.098787E+002  4.075048E+002  6.527147E+002  4.354510E-002
  7.600000E-002  4.811420E+002  3.278099E+002 -5.651766E+000  8.580694E+000  4.754902E+002  3.363906E+002  5.824514E+002  4.802773E-002
  7.700000E-002  4.252940E+002  3.218047E+002  0.000000E+000  0.000000E+000  4.252940E+002  3.218047E+002  5.333229E+002  5.147450E-002
  7.800000E-002  3.798635E+002  3.126795E+002  0.000000E+000  0.000000E+000  3.798635E+002  3.126795E+002  4.920008E+002  5.421498E-002
  7.900000E-002  3.434194E+002  3.001222E+002  0.000000E+000  0.000000E+000  3.434194E+002  3.001222E+002  4.560814E+002  5.613546E-002
  8.000000E-002  3.164400E+002  2.840984E+002  0.000000E+000  0.000000E+000  3.164400E+002  2.840984E+002  4.252601E+002  5.698910E-002
  8.100000E-002  2.987709E+002  2.647469E+002  0.000000E+000  0.000000E+000  2.987709E+002  2.647469E+002  3.991929E+002  5.657464E-002
  8.200000E-002  2.897485E+002  2.423317E+002  0.000000E+000  0.000000E+000  2.897485E+002  2.423317E+002  3.777285E+002  5.472681E-002
  8.300000E-002  2.883350E+002  2.171980E+002  0.000000E+000  0.000000E+000  2.883350E+002  2.171980E+002  3.609875E+002  5.132499E-002
  8.400000E-002  2.932540E+002  1.897337E+002  0.000000E+000  0.000000E+000  2.932540E+002  1.897337E+002  3.492804E+002  4.633731E-002
  8.500000E-002  3.031168E+002  1.603376E+002  0.000000E+000  0.000000E+000  3.031168E+002  1.603376E+002  3.429110E+002  3.988492E-002
  8.600000E-002  3.165236E+002  1.293931E+002  0.000000E+000  0.000000E+000  3.165236E+002  1.293931E+002  3.419499E+002  3.227721E-002
  8.700000E-002  3.321206E+002  9.724836E+001  0.000000E+000  0.000000E+000  3.321206E+002  9.724836E+001  3.460655E+002  2.396966E-002
  8.800000E-002  3.485465E+002  6.420402E+001  0.000000E+000  0.000000E+000  3.485465E+002  6.420402E+001  3.544105E+002  1.545182E-002
  8.900000E-002  3.632382E+002  3.051860E+001  0.000000E+000  0.000000E+000  3.632382E+002  3.051860E+001  3.645180E+002  7.140750E-003
  9.000000E-002  0.000000E+000  0.000000E+000  0.000000E+000  0.000000E+000  0.000000E+000  0.000000E+000  0.000000E+000  0.000000E+000
