 FILE: 7segsprint.11

 *** Replace this line with a message to appear on all output files.                                    


        T             RX1            RY1            RX2            RY2            RX             RY             GRF            COP
       (S)            (N)            (N)            (N)            (N)            (N)            (N)            (N)            (M)

  0.000000E+000  0.000000E+000  0.000000E+000  0.000000E+000  0.000000E+000  0.000000E+000  0.000000E+000  0.000000E+000  0.000000E+000
  1.000000E-003  0.000000E+000  0.000000E+000 -4.682496E+003  2.268609E+003 -4.682496E+003  2.268609E+003  5.203110E+003  7.205868E-004
  2.000000E-003  0.000000E+000  0.000000E+000 -4.848643E+003  4.885441E+003 -4.848643E+003  4.885441E+003  6.883086E+003  1.445215E-003
  3.000000E-003  5.155664E+002  7.957298E+001 -2.418836E+003  4.824306E+003 -1.903270E+003  4.903879E+003  5.260272E+003  2.804446E-003
  4.000000E-003  1.530540E+003  3.835774E+002 -2.272551E+003  3.754343E+003 -7.420115E+002  4.137920E+003  4.203922E+003  9.032332E-003
  5.000000E-003  1.401734E+003  3.279132E+002 -2.173964E+003  3.056133E+003 -7.722300E+002  3.384046E+003  3.471039E+003  9.223245E-003
  6.000000E-003  1.357714E+003  2.623001E+002 -2.062964E+003  2.690673E+003 -7.052497E+002  2.952973E+003  3.036022E+003  8.545867E-003
  7.000000E-003  1.395291E+003  2.317590E+002 -2.054542E+003  2.559499E+003 -6.592509E+002  2.791258E+003  2.868054E+003  8.107831E-003
  8.000000E-003  1.449451E+003  2.208293E+002 -2.105282E+003  2.553626E+003 -6.558309E+002  2.774456E+003  2.850915E+003  7.862490E-003
  9.000000E-003  1.503989E+003  2.198239E+002 -2.166222E+003  2.599178E+003 -6.622333E+002  2.819002E+003  2.895743E+003  7.763036E-003
  1.000000E-002  1.553062E+003  2.244545E+002 -2.214779E+003  2.658680E+003 -6.617166E+002  2.883135E+003  2.958096E+003  7.781159E-003
  1.100000E-002  1.594066E+003  2.324118E+002 -2.246504E+003  2.715508E+003 -6.524382E+002  2.947920E+003  3.019256E+003  7.884625E-003
  1.200000E-002  1.626672E+003  2.420338E+002 -2.264405E+003  2.763606E+003 -6.377335E+002  3.005640E+003  3.072552E+003  8.038601E-003
  1.300000E-002  1.652157E+003  2.521249E+002 -2.272716E+003  2.802048E+003 -6.205584E+002  3.054173E+003  3.116579E+003  8.214657E-003
  1.400000E-002  1.672515E+003  2.619939E+002 -2.274641E+003  2.832086E+003 -6.021259E+002  3.094080E+003  3.152124E+003  8.395389E-003
  1.500000E-002  1.689169E+003  2.713626E+002 -2.271762E+003  2.855139E+003 -5.825929E+002  3.126502E+003  3.180319E+003  8.573742E-003
  1.600000E-002  1.704662E+003  2.801895E+002 -2.265721E+003  2.873418E+003 -5.610592E+002  3.153607E+003  3.203128E+003  8.746387E-003
  1.700000E-002  1.718513E+003  2.885854E+002 -2.256853E+003  2.887999E+003 -5.383406E+002  3.176584E+003  3.221878E+003  8.914467E-003
  1.800000E-002  1.732113E+003  2.966389E+002 -2.245429E+003  2.899635E+003 -5.133152E+002  3.196273E+003  3.237230E+003  9.079632E-003
  1.900000E-002  1.744956E+003  3.044125E+002 -2.231509E+003  2.908643E+003 -4.865536E+002  3.213056E+003  3.249687E+003  9.242808E-003
  2.000000E-002  1.757121E+003  3.119453E+002 -2.215183E+003  2.915244E+003 -4.580618E+002  3.227190E+003  3.259536E+003  9.404716E-003
  2.100000E-002  1.768528E+003  3.192588E+002 -2.196528E+003  2.919557E+003 -4.280001E+002  3.238816E+003  3.266973E+003  9.565769E-003
  2.200000E-002  1.779075E+003  3.263632E+002 -2.175618E+003  2.921647E+003 -3.965431E+002  3.248010E+003  3.272127E+003  9.726230E-003
  2.300000E-002  1.788681E+003  3.332629E+002 -2.152533E+003  2.921556E+003 -3.638524E+002  3.254819E+003  3.275093E+003  9.886285E-003
  2.400000E-002  1.797280E+003  3.399593E+002 -2.127357E+003  2.919313E+003 -3.300771E+002  3.259272E+003  3.275944E+003  1.004610E-002
  2.500000E-002  1.804817E+003  3.464525E+002 -2.100172E+003  2.914935E+003 -2.953545E+002  3.261388E+003  3.274734E+003  1.020584E-002
  2.600000E-002  1.811247E+003  3.527420E+002 -2.071059E+003  2.908433E+003 -2.598116E+002  3.261175E+003  3.271508E+003  1.036569E-002
  2.700000E-002  1.816525E+003  3.588268E+002 -2.040095E+003  2.899804E+003 -2.235701E+002  3.258630E+003  3.266291E+003  1.052589E-002
  2.800000E-002  1.820606E+003  3.647056E+002 -2.007354E+003  2.889034E+003 -1.867476E+002  3.253740E+003  3.259095E+003  1.068667E-002
  2.900000E-002  1.823443E+003  3.703767E+002 -1.972899E+003  2.876099E+003 -1.494560E+002  3.246476E+003  3.249914E+003  1.084836E-002
  3.000000E-002  1.824985E+003  3.758384E+002 -1.936790E+003  2.860958E+003 -1.118049E+002  3.236796E+003  3.238727E+003  1.101130E-002
  3.100000E-002  1.825176E+003  3.810878E+002 -1.899081E+003  2.843559E+003 -7.390475E+001  3.224647E+003  3.225493E+003  1.117592E-002
  3.200000E-002  1.823958E+003  3.861215E+002 -1.859820E+003  2.823835E+003 -3.586154E+001  3.209957E+003  3.210157E+003  1.134267E-002
  3.300000E-002  1.821265E+003  3.909348E+002 -1.819052E+003  2.801708E+003  2.212524E+000  3.192643E+003  3.192644E+003  1.151208E-002
  3.400000E-002  1.817023E+003  3.955219E+002 -1.776820E+003  2.777084E+003  4.020261E+001  3.172606E+003  3.172861E+003  1.168475E-002
  3.500000E-002  1.811153E+003  3.998762E+002 -1.733163E+003  2.749858E+003  7.799069E+001  3.149734E+003  3.150700E+003  1.186137E-002
  3.600000E-002  1.803548E+003  4.039897E+002 -1.688112E+003  2.719904E+003  1.154353E+002  3.123894E+003  3.126026E+003  1.204273E-002
  3.700000E-002  1.793822E+003  4.078450E+002 -1.641580E+003  2.686891E+003  1.522418E+002  3.094736E+003  3.098479E+003  1.223028E-002
  3.800000E-002  1.782896E+003  4.114289E+002 -1.593806E+003  2.650967E+003  1.890902E+002  3.062396E+003  3.068228E+003  1.242379E-002
  3.900000E-002  1.771173E+003  4.148024E+002 -1.545484E+003  2.613092E+003  2.256890E+002  3.027894E+003  3.036293E+003  1.262183E-002
  4.000000E-002  1.757720E+003  4.179809E+002 -1.496363E+003  2.572741E+003  2.613565E+002  2.990722E+003  3.002120E+003  1.282757E-002
  4.100000E-002  1.742556E+003  4.209364E+002 -1.446353E+003  2.529513E+003  2.962027E+002  2.950450E+003  2.965281E+003  1.304274E-002
  4.200000E-002  1.725654E+003  4.236504E+002 -1.395499E+003  2.483212E+003  3.301548E+002  2.906862E+003  2.925551E+003  1.326875E-002
  4.300000E-002  1.706999E+003  4.261129E+002 -1.343882E+003  2.433705E+003  3.631173E+002  2.859818E+003  2.882779E+003  1.350722E-002
  4.400000E-002  1.686588E+003  4.283183E+002 -1.291601E+003  2.380886E+003  3.949873E+002  2.809205E+003  2.836837E+003  1.375996E-002
  4.500000E-002  1.664423E+003  4.302625E+002 -1.238769E+003  2.324660E+003  4.256537E+002  2.754922E+003  2.787612E+003  1.402906E-002
  4.600000E-002  1.640505E+003  4.319419E+002 -1.185510E+003  2.264940E+003  4.549953E+002  2.696882E+003  2.734994E+003  1.431691E-002
  4.700000E-002  1.626650E+003  4.334184E+002 -1.133844E+003  2.205148E+003  4.928055E+002  2.638566E+003  2.684193E+003  1.460055E-002
  4.800000E-002  1.597345E+003  4.350423E+002 -1.082895E+003  2.143749E+003  5.144502E+002  2.578791E+003  2.629605E+003  1.492185E-002
  4.900000E-002  1.567963E+003  4.362377E+002 -1.029960E+003  2.074910E+003  5.380027E+002  2.511148E+003  2.568134E+003  1.528185E-002
  5.000000E-002  1.537047E+003  4.370039E+002 -9.765971E+002  2.001035E+003  5.604499E+002  2.438038E+003  2.501627E+003  1.567582E-002
  5.100000E-002  1.504472E+003  4.374154E+002 -9.233250E+002  1.922843E+003  5.811467E+002  2.360259E+003  2.430751E+003  1.610762E-002
  5.200000E-002  1.470970E+003  4.375151E+002 -8.705379E+002  1.840821E+003  6.004319E+002  2.278336E+003  2.356127E+003  1.658056E-002
  5.300000E-002  1.436948E+003  4.373508E+002 -8.186846E+002  1.755604E+003  6.182632E+002  2.192955E+003  2.278442E+003  1.709800E-002
  5.400000E-002  1.402400E+003  4.369603E+002 -7.680282E+002  1.667499E+003  6.343717E+002  2.104459E+003  2.197994E+003  1.766612E-002
  5.500000E-002  1.367327E+003  4.363633E+002 -7.187321E+002  1.576657E+003  6.485945E+002  2.013020E+003  2.114929E+003  1.829260E-002
  5.600000E-002  1.331700E+003  4.355680E+002 -6.709003E+002  1.483176E+003  6.607999E+002  1.918744E+003  2.029344E+003  1.898657E-002
  5.700000E-002  1.295452E+003  4.345765E+002 -6.245848E+002  1.387150E+003  6.708669E+002  1.821726E+003  1.941326E+003  1.975893E-002
  5.800000E-002  1.258457E+003  4.333865E+002 -5.797814E+002  1.288686E+003  6.786753E+002  1.722072E+003  1.850982E+003  2.062266E-002
  5.900000E-002  1.220523E+003  4.319933E+002 -5.364220E+002  1.187926E+003  6.841010E+002  1.619919E+003  1.758446E+003  2.159338E-002
  6.000000E-002  1.181377E+003  4.303899E+002 -4.943643E+002  1.085060E+003  6.870132E+002  1.515449E+003  1.663903E+003  2.268982E-002
  6.100000E-002  1.140655E+003  4.285686E+002 -4.533802E+002  9.803402E+002  6.872744E+002  1.408909E+003  1.567600E+003  2.393463E-002
  6.200000E-002  1.097888E+003  4.265221E+002 -4.131462E+002  8.741045E+002  6.847418E+002  1.300627E+003  1.469864E+003  2.535512E-002
  6.300000E-002  1.052507E+003  4.242442E+002 -3.732363E+002  7.668006E+002  6.792705E+002  1.191045E+003  1.371130E+003  2.698406E-002
  6.400000E-002  1.003818E+003  4.217309E+002 -3.331354E+002  6.590519E+002  6.706829E+002  1.080783E+003  1.271970E+003  2.886011E-002
  6.500000E-002  9.510598E+002  4.189841E+002 -2.922600E+002  5.517186E+002  6.587998E+002  9.707027E+002  1.173150E+003  3.102730E-002
  6.600000E-002  8.934546E+002  4.160089E+002 -2.499903E+002  4.459473E+002  6.434643E+002  8.619562E+002  1.075646E+003  3.353326E-002
  6.700000E-002  8.303112E+002  4.128080E+002 -2.057818E+002  3.433096E+002  6.245295E+002  7.561176E+002  9.806890E+002  3.642296E-002
  6.800000E-002  7.612460E+002  4.093699E+002 -1.593930E+002  2.460106E+002  6.018530E+002  6.553805E+002  8.898037E+002  3.972527E-002
  6.900000E-002  6.866250E+002  4.056435E+002 -1.113417E+002  1.572037E+002  5.752833E+002  5.628472E+002  8.048278E+002  4.342654E-002
  7.000000E-002  6.084242E+002  4.014788E+002 -6.380906E+001  8.147552E+001  5.446151E+002  4.829543E+002  7.279083E+002  4.742329E-002
  7.100000E-002  5.318870E+002  3.965005E+002 -2.242599E+001  2.560398E+001  5.094611E+002  4.221045E+002  6.616062E+002  5.143608E-002
  7.200000E-002  4.688184E+002  3.898375E+002  0.000000E+000  0.000000E+000  4.688184E+002  3.898375E+002  6.097245E+002  5.482130E-002
  7.300000E-002  4.268139E+002  3.799118E+002  0.000000E+000  0.000000E+000  4.268139E+002  3.799118E+002  5.714045E+002  5.700754E-002
  7.400000E-002  3.928059E+002  3.662087E+002  0.000000E+000  0.000000E+000  3.928059E+002  3.662087E+002  5.370338E+002  5.846746E-002
  7.500000E-002  3.671797E+002  3.487958E+002  0.000000E+000  0.000000E+000  3.671797E+002  3.487958E+002  5.064380E+002  5.905088E-002
  7.600000E-002  3.498398E+002  3.278372E+002  0.000000E+000  0.000000E+000  3.498398E+002  3.278372E+002  4.794425E+002  5.862696E-002
  7.700000E-002  3.402893E+002  3.035835E+002  0.000000E+000  0.000000E+000  3.402893E+002  3.035835E+002  4.560261E+002  5.707663E-002
  7.800000E-002  3.377099E+002  2.763534E+002  0.000000E+000  0.000000E+000  3.377099E+002  2.763534E+002  4.363704E+002  5.429663E-002
  7.900000E-002  3.410538E+002  2.465186E+002  0.000000E+000  0.000000E+000  3.410538E+002  2.465186E+002  4.208196E+002  5.022387E-002
  8.000000E-002  3.491296E+002  2.144930E+002  0.000000E+000  0.000000E+000  3.491296E+002  2.144930E+002  4.097544E+002  4.487845E-002
  8.100000E-002  3.606840E+002  1.807227E+002  0.000000E+000  0.000000E+000  3.606840E+002  1.807227E+002  4.034273E+002  3.840486E-002
  8.200000E-002  3.744573E+002  1.456783E+002  0.000000E+000  0.000000E+000  3.744573E+002  1.456783E+002  4.017965E+002  3.108249E-002
  8.300000E-002  3.891942E+002  1.098476E+002  0.000000E+000  0.000000E+000  3.891942E+002  1.098476E+002  4.043990E+002  2.328583E-002
  8.400000E-002  4.034596E+002  7.373127E+001  0.000000E+000  0.000000E+000  4.034596E+002  7.373127E+001  4.101414E+002  1.541015E-002
  8.500000E-002  4.136714E+002  3.785596E+001  0.000000E+000  0.000000E+000  4.136714E+002  3.785596E+001  4.153999E+002  7.811199E-003
  8.600000E-002  2.411471E+002  3.001240E+000  0.000000E+000  0.000000E+000  2.411471E+002  3.001240E+000  2.411658E+002  1.066351E-003
  8.610000E-002  0.000000E+000  0.000000E+000  0.000000E+000  0.000000E+000  0.000000E+000  0.000000E+000  0.000000E+000  0.000000E+000
