 FILE: 7segsprint.11

 *** Replace this line with a message to appear on all output files.                                    


        T             RX1            RY1            RX2            RY2            RX             RY             GRF            COP
       (S)            (N)            (N)            (N)            (N)            (N)            (N)            (N)            (M)

  0.000000E+000  0.000000E+000  0.000000E+000  0.000000E+000  0.000000E+000  0.000000E+000  0.000000E+000  0.000000E+000  0.000000E+000
  1.000000E-003  0.000000E+000  0.000000E+000 -2.359279E+003  2.463616E+003 -2.359279E+003  2.463616E+003  3.411100E+003  6.078779E-004
  2.000000E-003  0.000000E+000  0.000000E+000 -3.409765E+003  3.558532E+003 -3.409765E+003  3.558532E+003  4.928453E+003  8.646369E-004
  3.000000E-003  0.000000E+000  0.000000E+000 -1.983115E+003  4.857023E+003 -1.983115E+003  4.857023E+003  5.246277E+003  1.032802E-003
  4.000000E-003 -2.902155E+002  2.684725E+002 -1.074730E+003  3.662743E+003 -1.364945E+003  3.931216E+003  4.161434E+003  6.287195E-003
  5.000000E-003  1.171666E+003  2.354945E+002 -1.459698E+003  3.106994E+003 -2.880312E+002  3.342488E+003  3.354875E+003  6.723050E-003
  6.000000E-003  6.224246E+002  2.066333E+002 -1.349539E+003  2.658051E+003 -7.271148E+002  2.864684E+003  2.955522E+003  6.700819E-003
  7.000000E-003  7.569316E+002  1.823565E+002 -1.405203E+003  2.555150E+003 -6.482715E+002  2.737506E+003  2.813218E+003  6.313444E-003
  8.000000E-003  7.116492E+002  1.738363E+002 -1.421019E+003  2.501367E+003 -7.093702E+002  2.675204E+003  2.767656E+003  6.180745E-003
  9.000000E-003  7.814557E+002  1.699702E+002 -1.434712E+003  2.489955E+003 -6.532559E+002  2.659925E+003  2.738968E+003  6.153545E-003
  1.000000E-002  8.796713E+002  1.712968E+002 -1.480636E+003  2.559285E+003 -6.009651E+002  2.730581E+003  2.795932E+003  6.113341E-003
  1.100000E-002  9.154633E+002  1.773854E+002 -1.528730E+003  2.654288E+003 -6.132672E+002  2.831674E+003  2.897322E+003  6.121883E-003
  1.200000E-002  8.976769E+002  1.854970E+002 -1.515692E+003  2.671744E+003 -6.180148E+002  2.857241E+003  2.923315E+003  6.311988E-003
  1.300000E-002  9.137935E+002  1.914565E+002 -1.506262E+003  2.674512E+003 -5.924685E+002  2.865969E+003  2.926567E+003  6.476132E-003
  1.400000E-002  9.512265E+002  1.979556E+002 -1.536346E+003  2.734373E+003 -5.851194E+002  2.932329E+003  2.990137E+003  6.539751E-003
  1.500000E-002  9.840837E+002  2.087047E+002 -1.532376E+003  2.777321E+003 -5.482925E+002  2.986026E+003  3.035947E+003  6.750543E-003
  1.600000E-002  1.032477E+003  2.194960E+002 -1.514444E+003  2.797992E+003 -4.819676E+002  3.017488E+003  3.055737E+003  7.003718E-003
  1.700000E-002  1.037569E+003  2.274858E+002 -1.499527E+003  2.802256E+003 -4.619579E+002  3.029742E+003  3.064758E+003  7.195047E-003
  1.800000E-002  1.035054E+003  2.342938E+002 -1.487824E+003  2.806649E+003 -4.527702E+002  3.040943E+003  3.074465E+003  7.352203E-003
  1.900000E-002  1.044092E+003  2.412679E+002 -1.488706E+003  2.832647E+003 -4.446135E+002  3.073914E+003  3.105903E+003  7.468093E-003
  2.000000E-002  1.047411E+003  2.492015E+002 -1.484762E+003  2.858729E+003 -4.373504E+002  3.107931E+003  3.138552E+003  7.604875E-003
  2.100000E-002  1.074011E+003  2.585948E+002 -1.450805E+003  2.853294E+003 -3.767946E+002  3.111889E+003  3.134617E+003  7.857325E-003
  2.200000E-002  1.114000E+003  2.666935E+002 -1.415529E+003  2.839857E+003 -3.015292E+002  3.106550E+003  3.121149E+003  8.095179E-003
  2.300000E-002  1.121335E+003  2.728443E+002 -1.399677E+003  2.844447E+003 -2.783413E+002  3.117292E+003  3.129693E+003  8.228987E-003
  2.400000E-002  1.112630E+003  2.796614E+002 -1.380339E+003  2.849342E+003 -2.677086E+002  3.129004E+003  3.140435E+003  8.375232E-003
  2.500000E-002  1.110040E+003  2.864888E+002 -1.360844E+003  2.855121E+003 -2.508048E+002  3.141610E+003  3.151605E+003  8.519776E-003
  2.600000E-002  1.106709E+003  2.933395E+002 -1.339128E+003  2.858410E+003 -2.324193E+002  3.151749E+003  3.160307E+003  8.669793E-003
  2.700000E-002  1.104653E+003  3.001066E+002 -1.315073E+003  2.858416E+003 -2.104191E+002  3.158523E+003  3.165524E+003  8.825241E-003
  2.800000E-002  1.126401E+003  3.083088E+002 -1.269671E+003  2.834825E+003 -1.432700E+002  3.143134E+003  3.146397E+003  9.080799E-003
  2.900000E-002  1.159560E+003  3.154164E+002 -1.226425E+003  2.810520E+003 -6.686543E+001  3.125937E+003  3.126652E+003  9.309704E-003
  3.000000E-002  1.158512E+003  3.209466E+002 -1.198758E+003  2.803916E+003 -4.024640E+001  3.124863E+003  3.125122E+003  9.447740E-003
  3.100000E-002  1.143545E+003  3.273195E+002 -1.166891E+003  2.794807E+003 -2.334588E+001  3.122126E+003  3.122213E+003  9.613128E-003
  3.200000E-002  1.134346E+003  3.335072E+002 -1.135234E+003  2.785251E+003 -8.874211E-001  3.118758E+003  3.118759E+003  9.775384E-003
  3.300000E-002  1.124072E+003  3.396818E+002 -1.102328E+003  2.773358E+003  2.174472E+001  3.113040E+003  3.113116E+003  9.944100E-003
  3.400000E-002  1.115011E+003  3.457716E+002 -1.068136E+003  2.758606E+003  4.687468E+001  3.104377E+003  3.104731E+003  1.011935E-002
  3.500000E-002  1.130376E+003  3.532587E+002 -1.016631E+003  2.719110E+003  1.137455E+002  3.072368E+003  3.074473E+003  1.040095E-002
  3.600000E-002  1.156421E+003  3.593495E+002 -9.671853E+002  2.677102E+003  1.892354E+002  3.036452E+003  3.042343E+003  1.065419E-002
  3.700000E-002  1.148765E+003  3.639190E+002 -9.311377E+002  2.653615E+003  2.176277E+002  3.017533E+003  3.025371E+003  1.082007E-002
  3.800000E-002  1.128494E+003  3.695545E+002 -8.927784E+002  2.628895E+003  2.357160E+002  2.998449E+003  3.007700E+003  1.102116E-002
  3.900000E-002  1.113601E+003  3.749477E+002 -8.552746E+002  2.603391E+003  2.583263E+002  2.978338E+003  2.989520E+003  1.121984E-002
  4.000000E-002  1.097656E+003  3.803268E+002 -8.174215E+002  2.575191E+003  2.802348E+002  2.955518E+003  2.968774E+003  1.143031E-002
  4.100000E-002  1.082781E+003  3.855797E+002 -7.793299E+002  2.543810E+003  3.034511E+002  2.929390E+003  2.945065E+003  1.165162E-002
  4.200000E-002  1.092267E+003  3.920729E+002 -7.286896E+002  2.485780E+003  3.635775E+002  2.877853E+003  2.900728E+003  1.199213E-002
  4.300000E-002  1.111988E+003  3.967848E+002 -6.801488E+002  2.422649E+003  4.318396E+002  2.819433E+003  2.852313E+003  1.230676E-002
  4.400000E-002  1.100537E+003  4.001663E+002 -6.421791E+002  2.377831E+003  4.583578E+002  2.777997E+003  2.815557E+003  1.254430E-002
  4.500000E-002  1.078244E+003  4.049061E+002 -6.038846E+002  2.332957E+003  4.743593E+002  2.737863E+003  2.778653E+003  1.283168E-002
  4.600000E-002  1.059552E+003  4.093618E+002 -5.676246E+002  2.287898E+003  4.919271E+002  2.697260E+003  2.741752E+003  1.311886E-002
  4.700000E-002  1.039551E+003  4.138611E+002 -5.322839E+002  2.240071E+003  5.072670E+002  2.653932E+003  2.701976E+003  1.343010E-002
  4.800000E-002  1.020717E+003  4.181715E+002 -4.980754E+002  2.188820E+003  5.226415E+002  2.606991E+003  2.658864E+003  1.376242E-002
  4.900000E-002  1.003335E+003  4.223811E+002 -4.646591E+002  2.132744E+003  5.386760E+002  2.555125E+003  2.611291E+003  1.412694E-002
  5.000000E-002  1.009114E+003  4.274064E+002 -4.250969E+002  2.048778E+003  5.840176E+002  2.476184E+003  2.544123E+003  1.464071E-002
  5.100000E-002  1.010264E+003  4.299568E+002 -3.856411E+002  1.946506E+003  6.246234E+002  2.376463E+003  2.457179E+003  1.521734E-002
  5.200000E-002  1.011966E+003  4.307086E+002 -3.582960E+002  1.877983E+003  6.536699E+002  2.308692E+003  2.399446E+003  1.558703E-002
  5.300000E-002  9.896414E+002  4.346192E+002 -3.317637E+002  1.808351E+003  6.578777E+002  2.242970E+003  2.337460E+003  1.612114E-002
  5.400000E-002  9.614952E+002  4.375028E+002 -3.072467E+002  1.731935E+003  6.542485E+002  2.169438E+003  2.265944E+003  1.671682E-002
  5.500000E-002  9.524555E+002  4.399856E+002 -2.874466E+002  1.664353E+003  6.650089E+002  2.104338E+003  2.206916E+003  1.724110E-002
  5.600000E-002  9.307941E+002  4.434744E+002 -2.691548E+002  1.590820E+003  6.616393E+002  2.034294E+003  2.139186E+003  1.790799E-002
  5.700000E-002  9.118687E+002  4.460786E+002 -2.534452E+002  1.514743E+003  6.584235E+002  1.960822E+003  2.068416E+003  1.861129E-002
  5.800000E-002  8.748703E+002  4.489892E+002 -2.382104E+002  1.424561E+003  6.366599E+002  1.873551E+003  1.978769E+003  1.956266E-002
  5.900000E-002  8.522607E+002  4.500111E+002 -2.256614E+002  1.334211E+003  6.265993E+002  1.784222E+003  1.891051E+003  2.050055E-002
  6.000000E-002  8.552400E+002  4.508569E+002 -2.170953E+002  1.255138E+003  6.381447E+002  1.705995E+003  1.821441E+003  2.131145E-002
  6.100000E-002  8.513801E+002  4.529866E+002 -2.108701E+002  1.177057E+003  6.405101E+002  1.630044E+003  1.751370E+003  2.225747E-002
  6.200000E-002  8.335275E+002  4.550461E+002 -2.057390E+002  1.093983E+003  6.277885E+002  1.549029E+003  1.671409E+003  2.341770E-002
  6.300000E-002  8.143555E+002  4.563893E+002 -2.015612E+002  1.008735E+003  6.127943E+002  1.465125E+003  1.588114E+003  2.470927E-002
  6.400000E-002  7.673536E+002  4.587027E+002 -1.965749E+002  9.107872E+002  5.707787E+002  1.369490E+003  1.483675E+003  2.657108E-002
  6.500000E-002  7.292440E+002  4.583299E+002 -1.908871E+002  8.116509E+002  5.383569E+002  1.269981E+003  1.379376E+003  2.854636E-002
  6.600000E-002  7.200878E+002  4.567898E+002 -1.861129E+002  7.225967E+002  5.339749E+002  1.179387E+003  1.294636E+003  3.030442E-002
  6.700000E-002  7.042826E+002  4.569403E+002 -1.815667E+002  6.376814E+002  5.227159E+002  1.094622E+003  1.213025E+003  3.234463E-002
  6.800000E-002  6.844539E+002  4.568618E+002 -1.761244E+002  5.568267E+002  5.083295E+002  1.013689E+003  1.134003E+003  3.458253E-002
  6.900000E-002  6.355289E+002  4.592042E+002 -1.677847E+002  4.717742E+002  4.677442E+002  9.309784E+002  1.041876E+003  3.781657E-002
  7.000000E-002  5.621656E+002  4.613967E+002 -1.541053E+002  3.820315E+002  4.080603E+002  8.434283E+002  9.369549E+002  4.222597E-002
  7.100000E-002  5.060081E+002  4.608855E+002 -1.356071E+002  2.964565E+002  3.704009E+002  7.573420E+002  8.430680E+002  4.684322E-002
  7.200000E-002  4.621031E+002  4.604121E+002 -1.130278E+002  2.174360E+002  3.490754E+002  6.778481E+002  7.624511E+002  5.169951E-002
  7.300000E-002  4.109278E+002  4.610386E+002 -8.567753E+001  1.444558E+002  3.252503E+002  6.054944E+002  6.873217E+002  5.737062E-002
  7.400000E-002  3.531134E+002  4.621733E+002 -5.330520E+001  7.855691E+001  2.998082E+002  5.407303E+002  6.182832E+002  6.385851E-002
  7.500000E-002  2.894032E+002  4.642194E+002 -1.645675E+001  2.112731E+001  2.729464E+002  4.853467E+002  5.568313E+002  7.112598E-002
  7.600000E-002  2.250355E+002  4.680653E+002  0.000000E+000  0.000000E+000  2.250355E+002  4.680653E+002  5.193516E+002  7.684575E-002
  7.700000E-002  1.776605E+002  4.681521E+002  0.000000E+000  0.000000E+000  1.776605E+002  4.681521E+002  5.007292E+002  7.971805E-002
  7.800000E-002  1.503738E+002  4.644662E+002  0.000000E+000  0.000000E+000  1.503738E+002  4.644662E+002  4.882019E+002  8.111948E-002
  7.900000E-002  1.296267E+002  4.589046E+002  0.000000E+000  0.000000E+000  1.296267E+002  4.589046E+002  4.768611E+002  8.205391E-002
  8.000000E-002  9.688594E+001  4.533683E+002  0.000000E+000  0.000000E+000  9.688594E+001  4.533683E+002  4.636051E+002  8.338161E-002
  8.100000E-002  7.079938E+001  4.435302E+002  0.000000E+000  0.000000E+000  7.079938E+001  4.435302E+002  4.491454E+002  8.419813E-002
  8.200000E-002  7.064899E+001  4.282302E+002  0.000000E+000  0.000000E+000  7.064899E+001  4.282302E+002  4.340189E+002  8.412668E-002
  8.300000E-002  7.880165E+001  4.115459E+002  0.000000E+000  0.000000E+000  7.880165E+001  4.115459E+002  4.190223E+002  8.374231E-002
  8.400000E-002  9.138592E+001  3.919809E+002  0.000000E+000  0.000000E+000  9.138592E+001  3.919809E+002  4.024928E+002  8.303655E-002
  8.500000E-002  9.273966E+001  3.741199E+002  0.000000E+000  0.000000E+000  9.273966E+001  3.741199E+002  3.854430E+002  8.275830E-002
  8.600000E-002  8.158094E+001  3.556109E+002  0.000000E+000  0.000000E+000  8.158094E+001  3.556109E+002  3.648487E+002  8.310399E-002
  8.700000E-002  8.712943E+001  3.310032E+002  0.000000E+000  0.000000E+000  8.712943E+001  3.310032E+002  3.422786E+002  8.245377E-002
  8.800000E-002  1.129891E+002  3.029691E+002  0.000000E+000  0.000000E+000  1.129891E+002  3.029691E+002  3.233525E+002  7.988741E-002
  8.900000E-002  1.430191E+002  2.738826E+002  0.000000E+000  0.000000E+000  1.430191E+002  2.738826E+002  3.089759E+002  7.557763E-002
  9.000000E-002  1.614072E+002  2.466031E+002  0.000000E+000  0.000000E+000  1.614072E+002  2.466031E+002  2.947293E+002  7.133873E-002
  9.100000E-002  1.635692E+002  2.203990E+002  0.000000E+000  0.000000E+000  1.635692E+002  2.203990E+002  2.744642E+002  6.846530E-002
  9.200000E-002  1.686248E+002  1.904925E+002  0.000000E+000  0.000000E+000  1.686248E+002  1.904925E+002  2.544047E+002  6.384035E-002
  9.300000E-002  1.893389E+002  1.578320E+002  0.000000E+000  0.000000E+000  1.893389E+002  1.578320E+002  2.464958E+002  5.459117E-002
  9.400000E-002  2.099757E+002  1.263611E+002  0.000000E+000  0.000000E+000  2.099757E+002  1.263611E+002  2.450651E+002  4.396037E-002
  9.500000E-002  2.150236E+002  9.606755E+001  0.000000E+000  0.000000E+000  2.150236E+002  9.606755E+001  2.355082E+002  3.477686E-002
  9.600000E-002  2.134463E+002  6.441927E+001  0.000000E+000  0.000000E+000  2.134463E+002  6.441927E+001  2.229555E+002  2.463225E-002
  9.700000E-002  2.204141E+002  3.165542E+001  0.000000E+000  0.000000E+000  2.204141E+002  3.165542E+001  2.226757E+002  1.211876E-002
  9.800000E-002  0.000000E+000  0.000000E+000  0.000000E+000  0.000000E+000  0.000000E+000  0.000000E+000  0.000000E+000  0.000000E+000
