 FILE: 7segsprint.10

 *** Replace this line with a message to appear on all output files.                                    


        T            METOR          MEACT         MECCANG      MECCANGVEL      MESECANG      MESECANGVEL       MFTOR          MFACT         MFCCANG      MFCCANGVEL      MFSECANG      MFSECANGVEL
       (S)           (N/M)         (UNITS)         (DEG)         (DEG/S)         (DEG)         (DEG/S)         (N/M)         (UNITS)         (DEG)         (DEG/S)         (DEG)         (DEG/S)

  0.000000E+000  6.176526E-007  0.000000E+000  1.435630E+002  1.064100E+003  3.538889E-009  0.000000E+000  6.124390E-007  0.000000E+000  1.435630E+002  1.064100E+003  3.509017E-009  0.000000E+000
  1.000000E-003  0.000000E+000  0.000000E+000  1.446329E+002  1.075419E+003  0.000000E+000  0.000000E+000  0.000000E+000  0.000000E+000  1.446329E+002  1.075419E+003  0.000000E+000  0.000000E+000
  2.000000E-003  0.000000E+000  0.000000E+000  1.457135E+002  1.085647E+003  0.000000E+000  0.000000E+000  0.000000E+000  0.000000E+000  1.457135E+002  1.085647E+003  0.000000E+000  0.000000E+000
  3.000000E-003  0.000000E+000  0.000000E+000  1.468038E+002  1.094839E+003  0.000000E+000  0.000000E+000  0.000000E+000  0.000000E+000  1.468038E+002  1.094839E+003  0.000000E+000  0.000000E+000
  4.000000E-003  0.000000E+000  0.000000E+000  1.479028E+002  1.103048E+003  0.000000E+000  0.000000E+000  0.000000E+000  0.000000E+000  1.479028E+002  1.103048E+003  0.000000E+000  0.000000E+000
  5.000000E-003  0.000000E+000  0.000000E+000  1.490096E+002  1.110320E+003  0.000000E+000  0.000000E+000  0.000000E+000  0.000000E+000  1.490096E+002  1.110320E+003  0.000000E+000  0.000000E+000
  6.000000E-003  0.000000E+000  0.000000E+000  1.501232E+002  1.116700E+003  0.000000E+000  0.000000E+000  0.000000E+000  0.000000E+000  1.501232E+002  1.116700E+003  0.000000E+000  0.000000E+000
  7.000000E-003  0.000000E+000  0.000000E+000  1.512427E+002  1.122226E+003  0.000000E+000  0.000000E+000  0.000000E+000  0.000000E+000  1.512427E+002  1.122226E+003  0.000000E+000  0.000000E+000
  8.000000E-003  0.000000E+000  0.000000E+000  1.523673E+002  1.126932E+003  0.000000E+000  0.000000E+000  0.000000E+000  0.000000E+000  1.523673E+002  1.126932E+003  0.000000E+000  0.000000E+000
  9.000000E-003  0.000000E+000  0.000000E+000  1.534963E+002  1.130849E+003  0.000000E+000  0.000000E+000  0.000000E+000  0.000000E+000  1.534963E+002  1.130849E+003  0.000000E+000  0.000000E+000
  1.000000E-002  0.000000E+000  0.000000E+000  1.546288E+002  1.134003E+003  0.000000E+000  0.000000E+000  0.000000E+000  0.000000E+000  1.546288E+002  1.134003E+003  0.000000E+000  0.000000E+000
  1.100000E-002  0.000000E+000  0.000000E+000  1.557641E+002  1.136413E+003  0.000000E+000  0.000000E+000  0.000000E+000  0.000000E+000  1.557641E+002  1.136413E+003  0.000000E+000  0.000000E+000
  1.200000E-002  0.000000E+000  0.000000E+000  1.569014E+002  1.138099E+003  0.000000E+000  0.000000E+000  0.000000E+000  0.000000E+000  1.569014E+002  1.138099E+003  0.000000E+000  0.000000E+000
  1.300000E-002  0.000000E+000  0.000000E+000  1.580400E+002  1.139071E+003  0.000000E+000  0.000000E+000  0.000000E+000  0.000000E+000  1.580400E+002  1.139071E+003  0.000000E+000  0.000000E+000
  1.400000E-002  0.000000E+000  0.000000E+000  1.591793E+002  1.139339E+003  0.000000E+000  0.000000E+000  0.000000E+000  0.000000E+000  1.591793E+002  1.139339E+003  0.000000E+000  0.000000E+000
  1.500000E-002  0.000000E+000  0.000000E+000  1.603185E+002  1.138906E+003  0.000000E+000  0.000000E+000  0.000000E+000  0.000000E+000  1.603185E+002  1.138906E+003  0.000000E+000  0.000000E+000
  1.600000E-002  0.000000E+000  0.000000E+000  1.614569E+002  1.137774E+003  0.000000E+000  0.000000E+000  0.000000E+000  0.000000E+000  1.614569E+002  1.137774E+003  0.000000E+000  0.000000E+000
  1.700000E-002  0.000000E+000  0.000000E+000  1.625938E+002  1.135938E+003  0.000000E+000  0.000000E+000  0.000000E+000  0.000000E+000  1.625938E+002  1.135938E+003  0.000000E+000  0.000000E+000
  1.800000E-002  0.000000E+000  0.000000E+000  1.637285E+002  1.133392E+003  0.000000E+000  0.000000E+000  0.000000E+000  0.000000E+000  1.637285E+002  1.133392E+003  0.000000E+000  0.000000E+000
  1.900000E-002  0.000000E+000  0.000000E+000  1.648603E+002  1.130123E+003  0.000000E+000  0.000000E+000  0.000000E+000  0.000000E+000  1.648603E+002  1.130123E+003  0.000000E+000  0.000000E+000
  2.000000E-002  0.000000E+000  0.000000E+000  1.659885E+002  1.126119E+003  0.000000E+000  0.000000E+000  0.000000E+000  0.000000E+000  1.659885E+002  1.126119E+003  0.000000E+000  0.000000E+000
  2.100000E-002  0.000000E+000  0.000000E+000  1.671123E+002  1.121362E+003  0.000000E+000  0.000000E+000  0.000000E+000  0.000000E+000  1.671123E+002  1.121362E+003  0.000000E+000  0.000000E+000
  2.200000E-002  0.000000E+000  0.000000E+000  1.682310E+002  1.115831E+003  0.000000E+000  0.000000E+000  0.000000E+000  0.000000E+000  1.682310E+002  1.115831E+003  0.000000E+000  0.000000E+000
  2.300000E-002  0.000000E+000  0.000000E+000  1.693437E+002  1.109504E+003  0.000000E+000  0.000000E+000  0.000000E+000  0.000000E+000  1.693437E+002  1.109504E+003  0.000000E+000  0.000000E+000
  2.400000E-002  0.000000E+000  0.000000E+000  1.704497E+002  1.102356E+003  0.000000E+000  0.000000E+000  0.000000E+000  0.000000E+000  1.704497E+002  1.102356E+003  0.000000E+000  0.000000E+000
  2.500000E-002  0.000000E+000  0.000000E+000  1.715481E+002  1.094359E+003  0.000000E+000  0.000000E+000  0.000000E+000  0.000000E+000  1.715481E+002  1.094359E+003  0.000000E+000  0.000000E+000
  2.600000E-002  0.000000E+000  0.000000E+000  1.726381E+002  1.085484E+003  0.000000E+000  0.000000E+000  0.000000E+000  0.000000E+000  1.726381E+002  1.085484E+003  0.000000E+000  0.000000E+000
  2.700000E-002  0.000000E+000  0.000000E+000  1.737188E+002  1.075702E+003  0.000000E+000  0.000000E+000  0.000000E+000  0.000000E+000  1.737188E+002  1.075702E+003  0.000000E+000  0.000000E+000
  2.800000E-002  0.000000E+000  0.000000E+000  1.747892E+002  1.064979E+003  0.000000E+000  0.000000E+000  0.000000E+000  0.000000E+000  1.747892E+002  1.064979E+003  0.000000E+000  0.000000E+000
  2.900000E-002  0.000000E+000  0.000000E+000  1.758484E+002  1.053284E+003  0.000000E+000  0.000000E+000  0.000000E+000  0.000000E+000  1.758484E+002  1.053284E+003  0.000000E+000  0.000000E+000
  3.000000E-002  0.000000E+000  0.000000E+000  1.768955E+002  1.040583E+003  0.000000E+000  0.000000E+000  0.000000E+000  0.000000E+000  1.768955E+002  1.040583E+003  0.000000E+000  0.000000E+000
  3.100000E-002  0.000000E+000  0.000000E+000  1.779293E+002  1.026842E+003  0.000000E+000  0.000000E+000  0.000000E+000  0.000000E+000  1.779293E+002  1.026842E+003  0.000000E+000  0.000000E+000
  3.200000E-002  0.000000E+000  0.000000E+000  1.789488E+002  1.012029E+003  0.000000E+000  0.000000E+000  0.000000E+000  0.000000E+000  1.789488E+002  1.012029E+003  0.000000E+000  0.000000E+000
  3.300000E-002  0.000000E+000  0.000000E+000  1.799529E+002  9.961089E+002  0.000000E+000  0.000000E+000  0.000000E+000  0.000000E+000  1.799529E+002  9.961089E+002  0.000000E+000  0.000000E+000
  3.400000E-002  0.000000E+000  0.000000E+000  1.809406E+002  9.790495E+002  0.000000E+000  0.000000E+000  0.000000E+000  0.000000E+000  1.809406E+002  9.790495E+002  0.000000E+000  0.000000E+000
  3.500000E-002  0.000000E+000  0.000000E+000  1.819106E+002  9.608183E+002  0.000000E+000  0.000000E+000  0.000000E+000  0.000000E+000  1.819106E+002  9.608183E+002  0.000000E+000  0.000000E+000
  3.600000E-002  0.000000E+000  0.000000E+000  1.828619E+002  9.413838E+002  0.000000E+000  0.000000E+000  0.000000E+000  0.000000E+000  1.828619E+002  9.413838E+002  0.000000E+000  0.000000E+000
  3.700000E-002  0.000000E+000  0.000000E+000  1.837930E+002  9.207157E+002  0.000000E+000  0.000000E+000  0.000000E+000  0.000000E+000  1.837930E+002  9.207157E+002  0.000000E+000  0.000000E+000
  3.800000E-002  0.000000E+000  0.000000E+000  1.847029E+002  8.987847E+002  0.000000E+000  0.000000E+000  0.000000E+000  0.000000E+000  1.847029E+002  8.987847E+002  0.000000E+000  0.000000E+000
  3.900000E-002  0.000000E+000  0.000000E+000  1.855901E+002  8.755633E+002  0.000000E+000  0.000000E+000  0.000000E+000  0.000000E+000  1.855901E+002  8.755633E+002  0.000000E+000  0.000000E+000
  4.000000E-002  0.000000E+000  0.000000E+000  1.864535E+002  8.510254E+002  0.000000E+000  0.000000E+000  0.000000E+000  0.000000E+000  1.864535E+002  8.510254E+002  0.000000E+000  0.000000E+000
  4.100000E-002  0.000000E+000  0.000000E+000  1.872917E+002  8.251468E+002  0.000000E+000  0.000000E+000  0.000000E+000  0.000000E+000  1.872917E+002  8.251468E+002  0.000000E+000  0.000000E+000
  4.200000E-002  0.000000E+000  0.000000E+000  1.881034E+002  7.979051E+002  0.000000E+000  0.000000E+000  0.000000E+000  0.000000E+000  1.881034E+002  7.979051E+002  0.000000E+000  0.000000E+000
  4.300000E-002  0.000000E+000  0.000000E+000  1.888871E+002  7.692800E+002  0.000000E+000  0.000000E+000  0.000000E+000  0.000000E+000  1.888871E+002  7.692800E+002  0.000000E+000  0.000000E+000
  4.400000E-002  0.000000E+000  0.000000E+000  1.896415E+002  7.392535E+002  0.000000E+000  0.000000E+000  0.000000E+000  0.000000E+000  1.896415E+002  7.392535E+002  0.000000E+000  0.000000E+000
  4.500000E-002  0.000000E+000  0.000000E+000  1.903651E+002  7.078101E+002  0.000000E+000  0.000000E+000  0.000000E+000  0.000000E+000  1.903651E+002  7.078101E+002  0.000000E+000  0.000000E+000
  4.600000E-002  0.000000E+000  0.000000E+000  1.910566E+002  6.749367E+002  0.000000E+000  0.000000E+000  0.000000E+000  0.000000E+000  1.910566E+002  6.749367E+002  0.000000E+000  0.000000E+000
  4.700000E-002  0.000000E+000  0.000000E+000  1.917145E+002  6.406231E+002  0.000000E+000  0.000000E+000  0.000000E+000  0.000000E+000  1.917145E+002  6.406231E+002  0.000000E+000  0.000000E+000
  4.800000E-002  0.000000E+000  0.000000E+000  1.923374E+002  6.048622E+002  0.000000E+000  0.000000E+000  0.000000E+000  0.000000E+000  1.923374E+002  6.048622E+002  0.000000E+000  0.000000E+000
  4.900000E-002  0.000000E+000  0.000000E+000  1.929238E+002  5.676501E+002  0.000000E+000  0.000000E+000  0.000000E+000  0.000000E+000  1.929238E+002  5.676501E+002  0.000000E+000  0.000000E+000
  5.000000E-002  0.000000E+000  0.000000E+000  1.934722E+002  5.289865E+002  0.000000E+000  0.000000E+000  0.000000E+000  0.000000E+000  1.934722E+002  5.289865E+002  0.000000E+000  0.000000E+000
  5.100000E-002  0.000000E+000  0.000000E+000  1.939813E+002  4.888752E+002  0.000000E+000  0.000000E+000  0.000000E+000  0.000000E+000  1.939813E+002  4.888752E+002  0.000000E+000  0.000000E+000
  5.200000E-002  0.000000E+000  0.000000E+000  1.944495E+002  4.473240E+002  0.000000E+000  0.000000E+000  0.000000E+000  0.000000E+000  1.944495E+002  4.473240E+002  0.000000E+000  0.000000E+000
  5.300000E-002  0.000000E+000  0.000000E+000  1.948754E+002  4.043457E+002  0.000000E+000  0.000000E+000  0.000000E+000  0.000000E+000  1.948754E+002  4.043457E+002  0.000000E+000  0.000000E+000
  5.400000E-002  0.000000E+000  0.000000E+000  1.952577E+002  3.599586E+002  0.000000E+000  0.000000E+000  0.000000E+000  0.000000E+000  1.952577E+002  3.599586E+002  0.000000E+000  0.000000E+000
  5.500000E-002  0.000000E+000  0.000000E+000  1.955949E+002  3.141866E+002  0.000000E+000  0.000000E+000  0.000000E+000  0.000000E+000  1.955949E+002  3.141866E+002  0.000000E+000  0.000000E+000
  5.600000E-002  0.000000E+000  0.000000E+000  1.958856E+002  2.670602E+002  0.000000E+000  0.000000E+000  0.000000E+000  0.000000E+000  1.958856E+002  2.670602E+002  0.000000E+000  0.000000E+000
  5.700000E-002  0.000000E+000  0.000000E+000  1.961286E+002  2.186175E+002  0.000000E+000  0.000000E+000  0.000000E+000  0.000000E+000  1.961286E+002  2.186175E+002  0.000000E+000  0.000000E+000
  5.800000E-002  0.000000E+000  0.000000E+000  1.963224E+002  1.689045E+002  0.000000E+000  0.000000E+000  0.000000E+000  0.000000E+000  1.963224E+002  1.689045E+002  0.000000E+000  0.000000E+000
  5.900000E-002  0.000000E+000  0.000000E+000  1.964660E+002  1.179766E+002  0.000000E+000  0.000000E+000  0.000000E+000  0.000000E+000  1.964660E+002  1.179766E+002  0.000000E+000  0.000000E+000
  6.000000E-002  0.000000E+000  0.000000E+000  1.965580E+002  6.589924E+001  0.000000E+000  0.000000E+000  0.000000E+000  0.000000E+000  1.965580E+002  6.589924E+001  0.000000E+000  0.000000E+000
  6.100000E-002  0.000000E+000  0.000000E+000  1.965974E+002  1.274948E+001  0.000000E+000  0.000000E+000  0.000000E+000  0.000000E+000  1.965974E+002  1.274948E+001  0.000000E+000  0.000000E+000
  6.200000E-002  0.000000E+000  0.000000E+000  1.965832E+002 -4.138301E+001  0.000000E+000  0.000000E+000  0.000000E+000  0.000000E+000  1.965832E+002 -4.138301E+001  0.000000E+000  0.000000E+000
  6.300000E-002  0.000000E+000  0.000000E+000  1.965143E+002 -9.639442E+001  0.000000E+000  0.000000E+000  0.000000E+000  0.000000E+000  1.965143E+002 -9.639442E+001  0.000000E+000  0.000000E+000
  6.400000E-002  0.000000E+000  0.000000E+000  1.963901E+002 -1.521653E+002  0.000000E+000  0.000000E+000  0.000000E+000  0.000000E+000  1.963901E+002 -1.521653E+002  0.000000E+000  0.000000E+000
  6.500000E-002  0.000000E+000  0.000000E+000  1.962098E+002 -2.085588E+002  0.000000E+000  0.000000E+000  0.000000E+000  0.000000E+000  1.962098E+002 -2.085588E+002  0.000000E+000  0.000000E+000
  6.600000E-002  0.000000E+000  0.000000E+000  1.959729E+002 -2.654194E+002  0.000000E+000  0.000000E+000  0.000000E+000  0.000000E+000  1.959729E+002 -2.654194E+002  0.000000E+000  0.000000E+000
  6.700000E-002  0.000000E+000  0.000000E+000  1.956789E+002 -3.225705E+002  0.000000E+000  0.000000E+000  0.000000E+000  0.000000E+000  1.956789E+002 -3.225705E+002  0.000000E+000  0.000000E+000
  6.800000E-002  0.000000E+000  0.000000E+000  1.953277E+002 -3.798135E+002  0.000000E+000  0.000000E+000  0.000000E+000  0.000000E+000  1.953277E+002 -3.798135E+002  0.000000E+000  0.000000E+000
  6.900000E-002  0.000000E+000  0.000000E+000  1.949193E+002 -4.369254E+002  0.000000E+000  0.000000E+000  0.000000E+000  0.000000E+000  1.949193E+002 -4.369254E+002  0.000000E+000  0.000000E+000
  7.000000E-002  0.000000E+000  0.000000E+000  1.944540E+002 -4.936577E+002  0.000000E+000  0.000000E+000  0.000000E+000  0.000000E+000  1.944540E+002 -4.936577E+002  0.000000E+000  0.000000E+000
  7.100000E-002  0.000000E+000  0.000000E+000  1.939322E+002 -5.497351E+002  0.000000E+000  0.000000E+000  0.000000E+000  0.000000E+000  1.939322E+002 -5.497351E+002  0.000000E+000  0.000000E+000
  7.200000E-002  0.000000E+000  0.000000E+000  1.933548E+002 -6.048543E+002  0.000000E+000  0.000000E+000  0.000000E+000  0.000000E+000  1.933548E+002 -6.048543E+002  0.000000E+000  0.000000E+000
  7.300000E-002  0.000000E+000  0.000000E+000  1.927229E+002 -6.586839E+002  0.000000E+000  0.000000E+000  0.000000E+000  0.000000E+000  1.927229E+002 -6.586839E+002  0.000000E+000  0.000000E+000
  7.400000E-002  0.000000E+000  0.000000E+000  1.920380E+002 -7.108642E+002  0.000000E+000  0.000000E+000  0.000000E+000  0.000000E+000  1.920380E+002 -7.108642E+002  0.000000E+000  0.000000E+000
  7.500000E-002  0.000000E+000  0.000000E+000  1.913019E+002 -7.610090E+002  0.000000E+000  0.000000E+000  0.000000E+000  0.000000E+000  1.913019E+002 -7.610090E+002  0.000000E+000  0.000000E+000
  7.600000E-002  0.000000E+000  0.000000E+000  1.905168E+002 -8.087070E+002  0.000000E+000  0.000000E+000  0.000000E+000  0.000000E+000  1.905168E+002 -8.087070E+002  0.000000E+000  0.000000E+000
  7.700000E-002  0.000000E+000  0.000000E+000  1.896854E+002 -8.535254E+002  0.000000E+000  0.000000E+000  0.000000E+000  0.000000E+000  1.896854E+002 -8.535254E+002  0.000000E+000  0.000000E+000
  7.800000E-002  0.000000E+000  0.000000E+000  1.888108E+002 -8.950147E+002  0.000000E+000  0.000000E+000  0.000000E+000  0.000000E+000  1.888108E+002 -8.950147E+002  0.000000E+000  0.000000E+000
  7.900000E-002  0.000000E+000  0.000000E+000  1.878966E+002 -9.327148E+002  0.000000E+000  0.000000E+000  0.000000E+000  0.000000E+000  1.878966E+002 -9.327148E+002  0.000000E+000  0.000000E+000
  8.000000E-002  0.000000E+000  0.000000E+000  1.869468E+002 -9.661625E+002  0.000000E+000  0.000000E+000  0.000000E+000  0.000000E+000  1.869468E+002 -9.661625E+002  0.000000E+000  0.000000E+000
  8.100000E-002  0.000000E+000  0.000000E+000  1.859659E+002 -9.949009E+002  0.000000E+000  0.000000E+000  0.000000E+000  0.000000E+000  1.859659E+002 -9.949009E+002  0.000000E+000  0.000000E+000
  8.200000E-002  0.000000E+000  0.000000E+000  1.849587E+002 -1.018489E+003  0.000000E+000  0.000000E+000  0.000000E+000  0.000000E+000  1.849587E+002 -1.018489E+003  0.000000E+000  0.000000E+000
  8.300000E-002  0.000000E+000  0.000000E+000  1.839308E+002 -1.036515E+003  0.000000E+000  0.000000E+000  0.000000E+000  0.000000E+000  1.839308E+002 -1.036515E+003  0.000000E+000  0.000000E+000
  8.400000E-002  0.000000E+000  0.000000E+000  1.828877E+002 -1.048604E+003  0.000000E+000  0.000000E+000  0.000000E+000  0.000000E+000  1.828877E+002 -1.048604E+003  0.000000E+000  0.000000E+000
  8.500000E-002  0.000000E+000  0.000000E+000  1.818356E+002 -1.054436E+003  0.000000E+000  0.000000E+000  0.000000E+000  0.000000E+000  1.818356E+002 -1.054436E+003  0.000000E+000  0.000000E+000
  8.600000E-002  0.000000E+000  0.000000E+000  1.807810E+002 -1.053749E+003  0.000000E+000  0.000000E+000  0.000000E+000  0.000000E+000  1.807810E+002 -1.053749E+003  0.000000E+000  0.000000E+000
  8.700000E-002  0.000000E+000  0.000000E+000  1.797304E+002 -1.046356E+003  0.000000E+000  0.000000E+000  0.000000E+000  0.000000E+000  1.797304E+002 -1.046356E+003  0.000000E+000  0.000000E+000
  8.800000E-002  0.000000E+000  0.000000E+000  1.786906E+002 -1.032148E+003  0.000000E+000  0.000000E+000  0.000000E+000  0.000000E+000  1.786906E+002 -1.032148E+003  0.000000E+000  0.000000E+000
  8.900000E-002  0.000000E+000  0.000000E+000  1.776684E+002 -1.011100E+003  0.000000E+000  0.000000E+000  0.000000E+000  0.000000E+000  1.776684E+002 -1.011100E+003  0.000000E+000  0.000000E+000
  9.000000E-002  0.000000E+000  0.000000E+000  1.766706E+002 -9.832737E+002  0.000000E+000  0.000000E+000  0.000000E+000  0.000000E+000  1.766706E+002 -9.832737E+002  0.000000E+000  0.000000E+000
  9.100000E-002  0.000000E+000  0.000000E+000  1.757040E+002 -9.488168E+002  0.000000E+000  0.000000E+000  0.000000E+000  0.000000E+000  1.757040E+002 -9.488168E+002  0.000000E+000  0.000000E+000
  9.200000E-002  0.000000E+000  0.000000E+000  1.747751E+002 -9.079584E+002  0.000000E+000  0.000000E+000  0.000000E+000  0.000000E+000  1.747751E+002 -9.079584E+002  0.000000E+000  0.000000E+000
  9.300000E-002  0.000000E+000  0.000000E+000  1.738901E+002 -8.610029E+002  0.000000E+000  0.000000E+000  0.000000E+000  0.000000E+000  1.738901E+002 -8.610029E+002  0.000000E+000  0.000000E+000
  9.400000E-002  0.000000E+000  0.000000E+000  1.730550E+002 -8.083219E+002  0.000000E+000  0.000000E+000  0.000000E+000  0.000000E+000  1.730550E+002 -8.083219E+002  0.000000E+000  0.000000E+000
  9.500000E-002  0.000000E+000  0.000000E+000  1.722753E+002 -7.503436E+002  0.000000E+000  0.000000E+000  0.000000E+000  0.000000E+000  1.722753E+002 -7.503436E+002  0.000000E+000  0.000000E+000
  9.600000E-002  0.000000E+000  0.000000E+000  1.715559E+002 -6.875421E+002  0.000000E+000  0.000000E+000  0.000000E+000  0.000000E+000  1.715559E+002 -6.875421E+002  0.000000E+000  0.000000E+000
  9.700000E-002  0.000000E+000  0.000000E+000  1.709016E+002 -6.204260E+002  0.000000E+000  0.000000E+000  0.000000E+000  0.000000E+000  1.709016E+002 -6.204260E+002  0.000000E+000  0.000000E+000
  9.800000E-002  0.000000E+000  0.000000E+000  1.703164E+002 -5.495277E+002  0.000000E+000  0.000000E+000  0.000000E+000  0.000000E+000  1.703164E+002 -5.495277E+002  0.000000E+000  0.000000E+000
  9.900000E-002  0.000000E+000  0.000000E+000  1.698036E+002 -4.753933E+002  0.000000E+000  0.000000E+000  0.000000E+000  0.000000E+000  1.698036E+002 -4.753933E+002  0.000000E+000  0.000000E+000
  1.000000E-001  0.000000E+000  0.000000E+000  1.693665E+002 -3.985730E+002  0.000000E+000  0.000000E+000  0.000000E+000  0.000000E+000  1.693665E+002 -3.985730E+002  0.000000E+000  0.000000E+000
  1.010000E-001  0.000000E+000  0.000000E+000  1.690072E+002 -3.196140E+002  0.000000E+000  0.000000E+000  0.000000E+000  0.000000E+000  1.690072E+002 -3.196140E+002  0.000000E+000  0.000000E+000
  1.020000E-001  0.000000E+000  0.000000E+000  1.687278E+002 -2.390533E+002  0.000000E+000  0.000000E+000  0.000000E+000  0.000000E+000  1.687278E+002 -2.390533E+002  0.000000E+000  0.000000E+000
  1.030000E-001  0.000000E+000  0.000000E+000  1.685295E+002 -1.574131E+002  0.000000E+000  0.000000E+000  0.000000E+000  0.000000E+000  1.685295E+002 -1.574131E+002  0.000000E+000  0.000000E+000
  1.040000E-001  0.000000E+000  0.000000E+000  1.684131E+002 -7.519664E+001  0.000000E+000  0.000000E+000  0.000000E+000  0.000000E+000  1.684131E+002 -7.519664E+001  0.000000E+000  0.000000E+000
  1.050000E-001  0.000000E+000  0.000000E+000  1.683791E+002  7.114383E+000  0.000000E+000  0.000000E+000  0.000000E+000  0.000000E+000  1.683791E+002  7.114383E+000  0.000000E+000  0.000000E+000
  1.060000E-001  0.000000E+000  0.000000E+000  1.684272E+002  8.906188E+001  0.000000E+000  0.000000E+000  0.000000E+000  0.000000E+000  1.684272E+002  8.906188E+001  0.000000E+000  0.000000E+000
  1.070000E-001  0.000000E+000  0.000000E+000  1.685570E+002  1.702124E+002  0.000000E+000  0.000000E+000  0.000000E+000  0.000000E+000  1.685570E+002  1.702124E+002  0.000000E+000  0.000000E+000
  1.080000E-001  0.000000E+000  0.000000E+000  1.687673E+002  2.501575E+002  0.000000E+000  0.000000E+000  0.000000E+000  0.000000E+000  1.687673E+002  2.501575E+002  0.000000E+000  0.000000E+000
  1.090000E-001  0.000000E+000  0.000000E+000  1.690567E+002  3.285144E+002  0.000000E+000  0.000000E+000  0.000000E+000  0.000000E+000  1.690567E+002  3.285144E+002  0.000000E+000  0.000000E+000
  1.100000E-001  0.000000E+000  0.000000E+000  1.694236E+002  4.049255E+002  0.000000E+000  0.000000E+000  0.000000E+000  0.000000E+000  1.694236E+002  4.049255E+002  0.000000E+000  0.000000E+000
  1.110000E-001  0.000000E+000  0.000000E+000  1.698658E+002  4.790586E+002  0.000000E+000  0.000000E+000  0.000000E+000  0.000000E+000  1.698658E+002  4.790586E+002  0.000000E+000  0.000000E+000
  1.120000E-001  0.000000E+000  0.000000E+000  1.703809E+002  5.506064E+002  0.000000E+000  0.000000E+000  0.000000E+000  0.000000E+000  1.703809E+002  5.506064E+002  0.000000E+000  0.000000E+000
  1.130000E-001  0.000000E+000  0.000000E+000  1.709661E+002  6.192872E+002  0.000000E+000  0.000000E+000  0.000000E+000  0.000000E+000  1.709661E+002  6.192872E+002  0.000000E+000  0.000000E+000
  1.140000E-001  0.000000E+000  0.000000E+000  1.716184E+002  6.848446E+002  0.000000E+000  0.000000E+000  0.000000E+000  0.000000E+000  1.716184E+002  6.848446E+002  0.000000E+000  0.000000E+000
  1.150000E-001  0.000000E+000  0.000000E+000  1.723347E+002  7.470481E+002  0.000000E+000  0.000000E+000  0.000000E+000  0.000000E+000  1.723347E+002  7.470481E+002  0.000000E+000  0.000000E+000
  1.160000E-001  0.000000E+000  0.000000E+000  1.731113E+002  8.056936E+002  0.000000E+000  0.000000E+000  0.000000E+000  0.000000E+000  1.731113E+002  8.056936E+002  0.000000E+000  0.000000E+000
  1.170000E-001  0.000000E+000  0.000000E+000  1.739448E+002  8.606045E+002  0.000000E+000  0.000000E+000  0.000000E+000  0.000000E+000  1.739448E+002  8.606045E+002  0.000000E+000  0.000000E+000
  1.180000E-001  0.000000E+000  0.000000E+000  1.748313E+002  9.116321E+002  0.000000E+000  0.000000E+000  0.000000E+000  0.000000E+000  1.748313E+002  9.116321E+002  0.000000E+000  0.000000E+000
  1.190000E-001  0.000000E+000  0.000000E+000  1.757667E+002  9.586568E+002  0.000000E+000  0.000000E+000  0.000000E+000  0.000000E+000  1.757667E+002  9.586568E+002  0.000000E+000  0.000000E+000
  1.200000E-001  0.000000E+000  0.000000E+000  1.767472E+002  1.001589E+003  0.000000E+000  0.000000E+000  0.000000E+000  0.000000E+000  1.767472E+002  1.001589E+003  0.000000E+000  0.000000E+000
  1.210000E-001  0.000000E+000  0.000000E+000  1.777685E+002  1.040370E+003  0.000000E+000  0.000000E+000  0.000000E+000  0.000000E+000  1.777685E+002  1.040370E+003  0.000000E+000  0.000000E+000
  1.220000E-001  0.000000E+000  0.000000E+000  1.788266E+002  1.074971E+003  0.000000E+000  0.000000E+000  0.000000E+000  0.000000E+000  1.788266E+002  1.074971E+003  0.000000E+000  0.000000E+000
  1.230000E-001  0.000000E+000  0.000000E+000  1.799171E+002  1.105395E+003  0.000000E+000  0.000000E+000  0.000000E+000  0.000000E+000  1.799171E+002  1.105395E+003  0.000000E+000  0.000000E+000
  1.240000E-001  0.000000E+000  0.000000E+000  1.810360E+002  1.131676E+003  0.000000E+000  0.000000E+000  0.000000E+000  0.000000E+000  1.810360E+002  1.131676E+003  0.000000E+000  0.000000E+000
  1.250000E-001  0.000000E+000  0.000000E+000  1.821791E+002  1.153878E+003  0.000000E+000  0.000000E+000  0.000000E+000  0.000000E+000  1.821791E+002  1.153878E+003  0.000000E+000  0.000000E+000
  1.260000E-001  0.000000E+000  0.000000E+000  1.833424E+002  1.172093E+003  0.000000E+000  0.000000E+000  0.000000E+000  0.000000E+000  1.833424E+002  1.172093E+003  0.000000E+000  0.000000E+000
  1.270000E-001  0.000000E+000  0.000000E+000  1.845220E+002  1.186439E+003  0.000000E+000  0.000000E+000  0.000000E+000  0.000000E+000  1.845220E+002  1.186439E+003  0.000000E+000  0.000000E+000
  1.280000E-001  0.000000E+000  0.000000E+000  1.857140E+002  1.197060E+003  0.000000E+000  0.000000E+000  0.000000E+000  0.000000E+000  1.857140E+002  1.197060E+003  0.000000E+000  0.000000E+000
  1.290000E-001  0.000000E+000  0.000000E+000  1.869149E+002  1.204121E+003  0.000000E+000  0.000000E+000  0.000000E+000  0.000000E+000  1.869149E+002  1.204121E+003  0.000000E+000  0.000000E+000
  1.300000E-001  0.000000E+000  0.000000E+000  1.881211E+002  1.207805E+003  0.000000E+000  0.000000E+000  0.000000E+000  0.000000E+000  1.881211E+002  1.207805E+003  0.000000E+000  0.000000E+000
  1.310000E-001  0.000000E+000  0.000000E+000  1.893295E+002  1.208311E+003  0.000000E+000  0.000000E+000  0.000000E+000  0.000000E+000  1.893295E+002  1.208311E+003  0.000000E+000  0.000000E+000
  1.320000E-001  0.000000E+000  0.000000E+000  1.905368E+002  1.205849E+003  0.000000E+000  0.000000E+000  0.000000E+000  0.000000E+000  1.905368E+002  1.205849E+003  0.000000E+000  0.000000E+000
  1.330000E-001  0.000000E+000  0.000000E+000  1.917402E+002  1.200639E+003  0.000000E+000  0.000000E+000  0.000000E+000  0.000000E+000  1.917402E+002  1.200639E+003  0.000000E+000  0.000000E+000
  1.340000E-001  0.000000E+000  0.000000E+000  1.929372E+002  1.192904E+003  0.000000E+000  0.000000E+000  0.000000E+000  0.000000E+000  1.929372E+002  1.192904E+003  0.000000E+000  0.000000E+000
  1.350000E-001  0.000000E+000  0.000000E+000  1.941253E+002  1.182871E+003  0.000000E+000  0.000000E+000  0.000000E+000  0.000000E+000  1.941253E+002  1.182871E+003  0.000000E+000  0.000000E+000
  1.360000E-001  0.000000E+000  0.000000E+000  1.953023E+002  1.170765E+003  0.000000E+000  0.000000E+000  0.000000E+000  0.000000E+000  1.953023E+002  1.170765E+003  0.000000E+000  0.000000E+000
  1.370000E-001  0.000000E+000  0.000000E+000  1.964662E+002  1.156808E+003  0.000000E+000  0.000000E+000  0.000000E+000  0.000000E+000  1.964662E+002  1.156808E+003  0.000000E+000  0.000000E+000
  1.380000E-001  0.000000E+000  0.000000E+000  1.976153E+002  1.141215E+003  0.000000E+000  0.000000E+000  0.000000E+000  0.000000E+000  1.976153E+002  1.141215E+003  0.000000E+000  0.000000E+000
  1.390000E-001  0.000000E+000  0.000000E+000  1.987481E+002  1.124196E+003  0.000000E+000  0.000000E+000  0.000000E+000  0.000000E+000  1.987481E+002  1.124196E+003  0.000000E+000  0.000000E+000
  1.400000E-001  0.000000E+000  0.000000E+000  1.998633E+002  1.105949E+003  0.000000E+000  0.000000E+000  0.000000E+000  0.000000E+000  1.998633E+002  1.105949E+003  0.000000E+000  0.000000E+000
  1.410000E-001  0.000000E+000  0.000000E+000  2.009597E+002  1.086664E+003  0.000000E+000  0.000000E+000  0.000000E+000  0.000000E+000  2.009597E+002  1.086664E+003  0.000000E+000  0.000000E+000
  1.420000E-001  0.000000E+000  0.000000E+000  2.020364E+002  1.066518E+003  0.000000E+000  0.000000E+000  0.000000E+000  0.000000E+000  2.020364E+002  1.066518E+003  0.000000E+000  0.000000E+000
  1.430000E-001  0.000000E+000  0.000000E+000  2.030925E+002  1.045679E+003  0.000000E+000  0.000000E+000  0.000000E+000  0.000000E+000  2.030925E+002  1.045679E+003  0.000000E+000  0.000000E+000
  1.440000E-001  0.000000E+000  0.000000E+000  2.041275E+002  1.024300E+003  0.000000E+000  0.000000E+000  0.000000E+000  0.000000E+000  2.041275E+002  1.024300E+003  0.000000E+000  0.000000E+000
  1.450000E-001  0.000000E+000  0.000000E+000  2.051410E+002  1.002524E+003  0.000000E+000  0.000000E+000  0.000000E+000  0.000000E+000  2.051410E+002  1.002524E+003  0.000000E+000  0.000000E+000
  1.460000E-001  0.000000E+000  0.000000E+000  2.061325E+002  9.804802E+002  0.000000E+000  0.000000E+000  0.000000E+000  0.000000E+000  2.061325E+002  9.804802E+002  0.000000E+000  0.000000E+000
  1.470000E-001  0.000000E+000  0.000000E+000  2.071019E+002  9.582886E+002  0.000000E+000  0.000000E+000  0.000000E+000  0.000000E+000  2.071019E+002  9.582886E+002  0.000000E+000  0.000000E+000
  1.480000E-001  0.000000E+000  0.000000E+000  2.080491E+002  9.360561E+002  0.000000E+000  0.000000E+000  0.000000E+000  0.000000E+000  2.080491E+002  9.360561E+002  0.000000E+000  0.000000E+000
  1.490000E-001  0.000000E+000  0.000000E+000  2.089740E+002  9.138793E+002  0.000000E+000  0.000000E+000  0.000000E+000  0.000000E+000  2.089740E+002  9.138793E+002  0.000000E+000  0.000000E+000
  1.500000E-001  0.000000E+000  0.000000E+000  2.098769E+002  8.918445E+002  0.000000E+000  0.000000E+000  0.000000E+000  0.000000E+000  2.098769E+002  8.918445E+002  0.000000E+000  0.000000E+000
  1.510000E-001  0.000000E+000  0.000000E+000  2.107578E+002  8.700279E+002  0.000000E+000  0.000000E+000  0.000000E+000  0.000000E+000  2.107578E+002  8.700279E+002  0.000000E+000  0.000000E+000
  1.520000E-001  0.000000E+000  0.000000E+000  2.116170E+002  8.484967E+002  0.000000E+000  0.000000E+000  0.000000E+000  0.000000E+000  2.116170E+002  8.484967E+002  0.000000E+000  0.000000E+000
  1.530000E-001  0.000000E+000  0.000000E+000  2.124549E+002  8.273097E+002  0.000000E+000  0.000000E+000  0.000000E+000  0.000000E+000  2.124549E+002  8.273097E+002  0.000000E+000  0.000000E+000
  1.540000E-001  0.000000E+000  0.000000E+000  2.132718E+002  8.065173E+002  0.000000E+000  0.000000E+000  0.000000E+000  0.000000E+000  2.132718E+002  8.065173E+002  0.000000E+000  0.000000E+000
  1.550000E-001  0.000000E+000  0.000000E+000  2.140681E+002  7.861625E+002  0.000000E+000  0.000000E+000  0.000000E+000  0.000000E+000  2.140681E+002  7.861625E+002  0.000000E+000  0.000000E+000
  1.560000E-001  0.000000E+000  0.000000E+000  2.148442E+002  7.662815E+002  0.000000E+000  0.000000E+000  0.000000E+000  0.000000E+000  2.148442E+002  7.662815E+002  0.000000E+000  0.000000E+000
  1.570000E-001  0.000000E+000  0.000000E+000  2.156008E+002  7.469039E+002  0.000000E+000  0.000000E+000  0.000000E+000  0.000000E+000  2.156008E+002  7.469039E+002  0.000000E+000  0.000000E+000
  1.580000E-001  0.000000E+000  0.000000E+000  2.163382E+002  7.280535E+002  0.000000E+000  0.000000E+000  0.000000E+000  0.000000E+000  2.163382E+002  7.280535E+002  0.000000E+000  0.000000E+000
  1.590000E-001  0.000000E+000  0.000000E+000  2.170571E+002  7.097485E+002  0.000000E+000  0.000000E+000  0.000000E+000  0.000000E+000  2.170571E+002  7.097485E+002  0.000000E+000  0.000000E+000
  1.600000E-001  0.000000E+000  0.000000E+000  2.177579E+002  6.920020E+002  0.000000E+000  0.000000E+000  0.000000E+000  0.000000E+000  2.177579E+002  6.920020E+002  0.000000E+000  0.000000E+000
  1.610000E-001  0.000000E+000  0.000000E+000  2.184413E+002  6.748225E+002  0.000000E+000  0.000000E+000  0.000000E+000  0.000000E+000  2.184413E+002  6.748225E+002  0.000000E+000  0.000000E+000
  1.620000E-001  0.000000E+000  0.000000E+000  2.191077E+002  6.582143E+002  0.000000E+000  0.000000E+000  0.000000E+000  0.000000E+000  2.191077E+002  6.582143E+002  0.000000E+000  0.000000E+000
  1.630000E-001  0.000000E+000  0.000000E+000  2.197579E+002  6.421775E+002  0.000000E+000  0.000000E+000  0.000000E+000  0.000000E+000  2.197579E+002  6.421775E+002  0.000000E+000  0.000000E+000
  1.640000E-001  0.000000E+000  0.000000E+000  2.203923E+002  6.267085E+002  0.000000E+000  0.000000E+000  0.000000E+000  0.000000E+000  2.203923E+002  6.267085E+002  0.000000E+000  0.000000E+000
  1.650000E-001  0.000000E+000  0.000000E+000  2.210115E+002  6.118005E+002  0.000000E+000  0.000000E+000  0.000000E+000  0.000000E+000  2.210115E+002  6.118005E+002  0.000000E+000  0.000000E+000
  1.660000E-001  0.000000E+000  0.000000E+000  2.216161E+002  5.974435E+002  0.000000E+000  0.000000E+000  0.000000E+000  0.000000E+000  2.216161E+002  5.974435E+002  0.000000E+000  0.000000E+000
  1.670000E-001  0.000000E+000  0.000000E+000  2.222066E+002  5.836242E+002  0.000000E+000  0.000000E+000  0.000000E+000  0.000000E+000  2.222066E+002  5.836242E+002  0.000000E+000  0.000000E+000
  1.680000E-001  0.000000E+000  0.000000E+000  2.227835E+002  5.703271E+002  0.000000E+000  0.000000E+000  0.000000E+000  0.000000E+000  2.227835E+002  5.703271E+002  0.000000E+000  0.000000E+000
  1.690000E-001  0.000000E+000  0.000000E+000  2.233474E+002  5.575337E+002  0.000000E+000  0.000000E+000  0.000000E+000  0.000000E+000  2.233474E+002  5.575337E+002  0.000000E+000  0.000000E+000
  1.700000E-001  0.000000E+000  0.000000E+000  2.238987E+002  5.452234E+002  0.000000E+000  0.000000E+000  0.000000E+000  0.000000E+000  2.238987E+002  5.452234E+002  0.000000E+000  0.000000E+000
  1.710000E-001  0.000000E+000  0.000000E+000  2.244380E+002  5.333732E+002  0.000000E+000  0.000000E+000  0.000000E+000  0.000000E+000  2.244380E+002  5.333732E+002  0.000000E+000  0.000000E+000
  1.720000E-001  0.000000E+000  0.000000E+000  2.249656E+002  5.219580E+002  0.000000E+000  0.000000E+000  0.000000E+000  0.000000E+000  2.249656E+002  5.219580E+002  0.000000E+000  0.000000E+000
  1.730000E-001  0.000000E+000  0.000000E+000  2.254820E+002  5.109508E+002  0.000000E+000  0.000000E+000  0.000000E+000  0.000000E+000  2.254820E+002  5.109508E+002  0.000000E+000  0.000000E+000
  1.740000E-001  0.000000E+000  0.000000E+000  2.259876E+002  5.003226E+002  0.000000E+000  0.000000E+000  0.000000E+000  0.000000E+000  2.259876E+002  5.003226E+002  0.000000E+000  0.000000E+000
  1.750000E-001  0.000000E+000  0.000000E+000  2.264828E+002  4.900427E+002  0.000000E+000  0.000000E+000  0.000000E+000  0.000000E+000  2.264828E+002  4.900427E+002  0.000000E+000  0.000000E+000
  1.760000E-001  0.000000E+000  0.000000E+000  2.269678E+002  4.800785E+002  0.000000E+000  0.000000E+000  0.000000E+000  0.000000E+000  2.269678E+002  4.800785E+002  0.000000E+000  0.000000E+000
  1.770000E-001  0.000000E+000  0.000000E+000  2.274431E+002  4.703959E+002  0.000000E+000  0.000000E+000  0.000000E+000  0.000000E+000  2.274431E+002  4.703959E+002  0.000000E+000  0.000000E+000
  1.780000E-001  0.000000E+000  0.000000E+000  2.279087E+002  4.609592E+002  0.000000E+000  0.000000E+000  0.000000E+000  0.000000E+000  2.279087E+002  4.609592E+002  0.000000E+000  0.000000E+000
  1.790000E-001  0.000000E+000  0.000000E+000  2.283650E+002  4.517312E+002  0.000000E+000  0.000000E+000  0.000000E+000  0.000000E+000  2.283650E+002  4.517312E+002  0.000000E+000  0.000000E+000
  1.800000E-001  0.000000E+000  0.000000E+000  2.288122E+002  4.426732E+002  0.000000E+000  0.000000E+000  0.000000E+000  0.000000E+000  2.288122E+002  4.426732E+002  0.000000E+000  0.000000E+000
  1.810000E-001  0.000000E+000  0.000000E+000  2.292504E+002  4.337449E+002  0.000000E+000  0.000000E+000  0.000000E+000  0.000000E+000  2.292504E+002  4.337449E+002  0.000000E+000  0.000000E+000
  1.820000E-001  0.000000E+000  0.000000E+000  2.296797E+002  4.249049E+002  0.000000E+000  0.000000E+000  0.000000E+000  0.000000E+000  2.296797E+002  4.249049E+002  0.000000E+000  0.000000E+000
  1.830000E-001  0.000000E+000  0.000000E+000  2.301003E+002  4.161101E+002  0.000000E+000  0.000000E+000  0.000000E+000  0.000000E+000  2.301003E+002  4.161101E+002  0.000000E+000  0.000000E+000
  1.840000E-001  0.000000E+000  0.000000E+000  2.305120E+002  4.073164E+002  0.000000E+000  0.000000E+000  0.000000E+000  0.000000E+000  2.305120E+002  4.073164E+002  0.000000E+000  0.000000E+000
  1.850000E-001  0.000000E+000  0.000000E+000  2.309149E+002  3.984780E+002  0.000000E+000  0.000000E+000  0.000000E+000  0.000000E+000  2.309149E+002  3.984780E+002  0.000000E+000  0.000000E+000
  1.860000E-001  0.000000E+000  0.000000E+000  2.313089E+002  3.895482E+002  0.000000E+000  0.000000E+000  0.000000E+000  0.000000E+000  2.313089E+002  3.895482E+002  0.000000E+000  0.000000E+000
  1.870000E-001  0.000000E+000  0.000000E+000  2.316939E+002  3.804787E+002  0.000000E+000  0.000000E+000  0.000000E+000  0.000000E+000  2.316939E+002  3.804787E+002  0.000000E+000  0.000000E+000
  1.880000E-001  0.000000E+000  0.000000E+000  2.320698E+002  3.712200E+002  0.000000E+000  0.000000E+000  0.000000E+000  0.000000E+000  2.320698E+002  3.712200E+002  0.000000E+000  0.000000E+000
  1.890000E-001  0.000000E+000  0.000000E+000  2.324363E+002  3.617215E+002  0.000000E+000  0.000000E+000  0.000000E+000  0.000000E+000  2.324363E+002  3.617215E+002  0.000000E+000  0.000000E+000
  1.900000E-001  0.000000E+000  0.000000E+000  2.327931E+002  3.519311E+002  0.000000E+000  0.000000E+000  0.000000E+000  0.000000E+000  2.327931E+002  3.519311E+002  0.000000E+000  0.000000E+000
  1.910000E-001  0.000000E+000  0.000000E+000  2.331400E+002  3.417956E+002  0.000000E+000  0.000000E+000  0.000000E+000  0.000000E+000  2.331400E+002  3.417956E+002  0.000000E+000  0.000000E+000
  1.920000E-001  0.000000E+000  0.000000E+000  2.334766E+002  3.312605E+002  0.000000E+000  0.000000E+000  0.000000E+000  0.000000E+000  2.334766E+002  3.312605E+002  0.000000E+000  0.000000E+000
  1.930000E-001  0.000000E+000  0.000000E+000  2.338024E+002  3.202701E+002  0.000000E+000  0.000000E+000  0.000000E+000  0.000000E+000  2.338024E+002  3.202701E+002  0.000000E+000  0.000000E+000
  1.940000E-001  0.000000E+000  0.000000E+000  2.341170E+002  3.087674E+002  0.000000E+000  0.000000E+000  0.000000E+000  0.000000E+000  2.341170E+002  3.087674E+002  0.000000E+000  0.000000E+000
  1.950000E-001  0.000000E+000  0.000000E+000  2.344197E+002  2.966944E+002  0.000000E+000  0.000000E+000  0.000000E+000  0.000000E+000  2.344197E+002  2.966944E+002  0.000000E+000  0.000000E+000
  1.960000E-001  0.000000E+000  0.000000E+000  2.347101E+002  2.839916E+002  0.000000E+000  0.000000E+000  0.000000E+000  0.000000E+000  2.347101E+002  2.839916E+002  0.000000E+000  0.000000E+000
  1.970000E-001  0.000000E+000  0.000000E+000  2.349875E+002  2.705984E+002  0.000000E+000  0.000000E+000  0.000000E+000  0.000000E+000  2.349875E+002  2.705984E+002  0.000000E+000  0.000000E+000
  1.980000E-001  0.000000E+000  0.000000E+000  2.352511E+002  2.564530E+002  0.000000E+000  0.000000E+000  0.000000E+000  0.000000E+000  2.352511E+002  2.564530E+002  0.000000E+000  0.000000E+000
  1.990000E-001  0.000000E+000  0.000000E+000  2.355001E+002  2.414925E+002  0.000000E+000  0.000000E+000  0.000000E+000  0.000000E+000  2.355001E+002  2.414925E+002  0.000000E+000  0.000000E+000
  2.000000E-001  0.000000E+000  0.000000E+000  2.357338E+002  2.256528E+002  0.000000E+000  0.000000E+000  0.000000E+000  0.000000E+000  2.357338E+002  2.256528E+002  0.000000E+000  0.000000E+000
